[_w k ɔː l ɪ ɟ ɔ ]_w
[_w ɘː n ʊː l ]_w
[_w ɘ ɪ n ɛ ɘ ]_w
[_w ɘ m b ɘ ɟ ]_w
[_w k ʊ l ɘ w ]_w
[_w k ɘ s ɔ f ]_w
[_w k ɘ l ɔ ɘ ɪ ]_w
[_w aː m a k a b ]_w
[_w ʊ s ɪː n ɘ w ]_w
[_w k ʊ ɟ ɘ ɡ ]_w
[_w k ɘː n ɟ ɘː t ]_w
[_w ɛ l ɔ ɛ j ]_w
[_w ɘ l ɛː ]_w
[_w d ɘ k ɘː n ɔ m ]_w
[_w a b u r aː k ]_w
[_w f ʊ r ɪ m ɘ f ]_w
[_w t ɪ c ɪ r ɛ ɡ ]_w
[_w ɘ ɟ ɘ ŋ ɘː c ]_w
[_w ɘ d ɪ ɔː l ]_w
[_w ɛ t ɛː b ]_w
[_w k ɘ l ɔ f ]_w
[_w b ɘ n ɘ l ɘː ɲ ]_w
[_w ʊ r ɛ ]_w
[_w ɘ l ɔ ]_w
[_w e t uː r u ]_w
[_w f ɛ l ɪ s ]_w
[_w b ɛ b ɛ n ]_w
[_w k ɘ l ɪ m ɔ n ]_w
[_w ɟ i w aː j e n ]_w
[_w d a k o n ]_w
[_w k a ɡ o l iu t ]_w
[_w k ʊ s ɛː k ɘ ʊ ]_w
[_w ɘ r ɛ m b ɛ n ]_w
[_w b a k o l i ]_w
[_w k ʊ f ɪ ʊ mː ɪ ]_w
[_w r ɘ n ]_w
[_w k ɘ m ɘ ]_w
[_w k ɘ t ɪː k ɛ n ]_w
[_w m ʊ p ɘ ɟ ]_w
[_w s ɪ r ɪ k ]_w
[_w k ɘ f ɘː ɲ ɘ k ]_w
[_w f ʊ j ɘ b ]_w
[_w k ɘ t ɛ n ]_w
[_w p ʊ l ɛː ]_w
[_w ɛ n ɪː l ]_w
[_w b ʊ k ɘ mː ɪ ]_w
[_w k ʊ s ɔ f ]_w
[_w k ʊ p ɘ n ]_w
[_w k ɘ j ɘ b ]_w
[_w a j i ]_w
[_w b ɘ n ɔ k ɛ n ]_w
[_w u j iː k a w ]_w
[_w ɘ f ɘ s ]_w
[_w ɟ ɪ s ɘ n k ɛ n ]_w
[_w m ɔ ɔ m ʊ ]_w
[_w s uː m o m ]_w
[_w ɪ m ɘ n ɟ ]_w
[_w j ɔ ɔ j ʊ ]_w
[_w w ɘ mː ɪ ]_w
[_w s oː l o l i ]_w
[_w t ɘ n ]_w
[_w u j e k e t ]_w
[_w ɟ ɪ m ɘ n ɟ ɛ ]_w
[_w b ʊ t ʊ m ]_w
[_w ɟ ɪ ɲ ɪː l ɘ ʊ ]_w
[_w w ɛ ɪ ]_w
[_w k ɔː l ʊː l ]_w
[_w ɛ w ɔ n k ]_w
[_w ɔː t ʊ t ]_w
[_w ʊ s ɔː r ɘ w ]_w
[_w ɘ b ɘː l ]_w
[_w b o l i iː m i ]_w
[_w ɟ ɪ r ɛ ɡ ɔː m ɪ ]_w
[_w s ɘ w ʊː ɟ ]_w
[_w n ɘ l ɘ ɡ ɔ ]_w
[_w a j i n i m i ]_w
[_w ɡ i r i t i t i ]_w
[_w k ʊ t ɔ k ɔ ɲ ]_w
[_w ɛ s ɘ l ]_w
[_w f ɘ ɟ ]_w
[_w k ɔː n ɛ ]_w
[_w ɪ r ɘ m p ɛ n ]_w
[_w m b ɪ ]_w
[_w m ɔː l ɪ b ɔ ]_w
[_w ɛ b ɔ s ɛ j ]_w
[_w k ʊ t ɛ j ʊ m ɪ ]_w
[_w b ʊ ɟ ɘː b ɘ w ]_w
[_w ɪ b ɘ k ]_w
[_w r ɛ m ɔ ]_w
[_w k ʊ r ʊ n ɡ ɘ ]_w
[_w k ɘ r ɔ k ɘː k ]_w
[_w ɛ j ɛ l ɘː j ]_w
[_w ɟ ɪ ɟ ɘ ɘː l ]_w
[_w ɛ t ɔː ŋ ]_w
[_w t ɘ ɟ ]_w
[_w ɟ ɪ b ɘ ɟ ʊ m ɪ ]_w
[_w ɛ l ʊː p ]_w
[_w k ʊ b ɔː ɲ ]_w
[_w ɘ s ɪ ɘ ]_w
[_w k ɘ l ɘ k ɘː k ]_w
[_w f u d aː k ]_w
[_w j i n e n ]_w
[_w ɟ ɪ k ɘː l ]_w
[_w n ɘ n ]_w
[_w j ʊ s ʊ t ɔ s ]_w
[_w ʊ l ɘː k ]_w
[_w f ʊ r ɪ m ɪ ]_w
[_w l ʊː k ]_w
[_w ɘ b ɔː j ɘː ʊ ]_w
[_w ʊ w ʊ ]_w
[_w d a m i ]_w
[_w ɟ ɘ j ɪ t ɔ m ɪ ]_w
[_w ɛː n ɟ ɘː t ]_w
[_w a m a c i r a ]_w
[_w b ɘ l ɘ ɘ ]_w
[_w a k o n ]_w
[_w ɪ k ɘ t ɪː l ]_w
[_w k ʊ w ɔ l ɘː k ]_w
[_w k ʊ k ɪ l ʊ m ɪ ]_w
[_w f ɛ l ɪ s ɘ b ]_w
[_w k ɘ b ɛ t ]_w
[_w b ɘ l ɔ m ɪ ]_w
[_w k ɘ ɟ ɔ m ]_w
[_w ʊ ɟ ɘː b ɘ w ]_w
[_w k u ɟ eː ŋ a k ]_w
[_w k ʊ m ɘ t ɘː k ]_w
[_w k ɘ r ɛː s ɘ w ]_w
[_w a l u l e n ]_w
[_w k ʊ k ɘ f ]_w
[_w l ɛː ɟ ɘː d ]_w
[_w k ʊ ɡ ʊ r ɘː n ]_w
[_w ɘ b ɘ ɟ ʊ t ]_w
[_w w ɘ r ɛ ɡ ʊ m ɪ ]_w
[_w f a ɡ ]_w
[_w b ɘ l ]_w
[_w n ʊ ɟ ʊ ɟ ʊ k ]_w
[_w n a f i r e n ]_w
[_w a ɟ u b o m i ]_w
[_w k ʊ ɟ ɪ n ɘː l ]_w
[_w ʊ b ʊ ]_w
[_w n ɘ ɲ ]_w
[_w u t iː k aː r ]_w
[_w t ɪ ɟ ɪ r ɛ m p ]_w
[_w k ɘ s ʊː l ɛ n ]_w
[_w k ʊ b ɘ k ɪː r ]_w
[_w w ɘ r ɔ ŋ ʊ m ɪ ]_w
[_w ɟ ɪ r ɛ k ʊː m ɪ ]_w
[_w w ɘ s ɪ k ɔ ɛ ]_w
[_w p ɘ m ɘ j ɔː l ]_w
[_w c ɔː l ɪ j ɔ ]_w
[_w k ɘ w ɔ n ɔː r ]_w
[_w ʊ b ɘ ɟ ɛ ]_w
[_w ɟ ɪ k ɛ r ]_w
[_w ʊ l ɘː ɲ ɘ b ]_w
[_w j ɛ n s ɘ ]_w
[_w j ɘ l ɛ ɡ ɛ n ]_w
[_w k a l i ŋ e n ]_w
[_w ɪ ɟ ʊ k ]_w
[_w m ɘ r ɔ ŋ ɘː l ]_w
[_w ɘ t ɛː b ɘː ʊ ]_w
[_w ɟ ɪː k ɪ m ɪ ]_w
[_w ɛ n ɪː l ɛ j ]_w
[_w ɛ m ɪ t ]_w
[_w ɛ k ɔ b ]_w
[_w n ʊ ɟ ɛ ɛ ]_w
[_w k ɘ r ɛː s ɘ k ]_w
[_w ɟ ɪ ɟ ʊː m ]_w
[_w ɛː n ɔ m ɪ ]_w
[_w ɘ ɲ ɛ s ʊ m ɪ ]_w
[_w k ʊ ɲ ɔː l ɔ m ]_w
[_w h ɘː n ɪ ]_w
[_w b ɘ n c ɘː t ]_w
[_w ɘ s ɔ f ʊ m ɪ ]_w
[_w k ʊ l ɘ k ɔ m ɪ ]_w
[_w s uː m oː m i ]_w
[_w f u k aː f ]_w
[_w ʊ f ɘ ŋ ]_w
[_w f ɔː l ʊː l ]_w
[_w b ɘ n ɘ p ʊ m ]_w
[_w ɘ ɟ ɪː k ʊ m ɪ ]_w
[_w n ɪ ɟ ɛ ɛ ]_w
[_w m ɘ l ɛ k ʊ m ]_w
[_w b ɘ n ɪ ɡ ɘː n ]_w
[_w f ʊ k ʊː p ]_w
[_w k i r i t i t i ]_w
[_w n ɘ c ɘ w ʊ m ɪ ]_w
[_w ɟ ɔ ɟ ]_w
[_w n ɘ n ɔ mː ɪ ]_w
[_w b ʊ k ɘ n ]_w
[_w s i ɡ i r i ]_w
[_w f ɪː l ɔː l ]_w
[_w k ʊ n ɔ mː ɪ ]_w
[_w ɟ ʊː p ɔ ]_w
[_w n ɘː n ɔː l ]_w
[_w n ɘ ɟ ɘ n ʊ m ɪ ]_w
[_w ɘ t ɛ j ]_w
[_w ɘ r ɛ ɡ ɪː l ]_w
[_w w u k ]_w
[_w m ɘ n t ɛː r ]_w
[_w k ɘ ɲ ɔː ɘ k ]_w
[_w n ɛ l ]_w
[_w b u s u s iː l ]_w
[_w k ɘ n ]_w
[_w ʊ b ɘ ɟ ]_w
[_w e t uː r eː j ]_w
[_w ɘ t ʊː k ɘː ʊ ]_w
[_w t ɔ ɔ t ʊ ]_w
[_w k ɘː n ʊ m ɪ ]_w
[_w ɘ n ɘ ʊ ]_w
[_w ɪ ɲ ɘː j ɘː ʊ ]_w
[_w n ʊ ɟ ɘ w ]_w
[_w m ɘ r ʊ t ]_w
[_w ɟ ɪ l ɔ l ɔ ]_w
[_w ɪ ɟ ɪː k ]_w
[_w u ɟ iː s oː r ]_w
[_w f a j e m aː f ]_w
[_w ɘ r ɔ k ʊ m ɪ ]_w
[_w w ɔː l ɪ j ɔ ]_w
[_w f ʊ r ɪ ]_w
[_w b ɘ r ɛ ]_w
[_w l ɘː ɲ ]_w
[_w ɘ w ʊ l ɔ ]_w
[_w w ɘ j ɪ n ]_w
[_w ɛ b ɪ l ʊ m ɪ ]_w
[_w ɛ s ɘ ʊ ]_w
[_w w ɘ b ɘ ɟ ]_w
[_w n ɘ l ɔ l ɔ ]_w
[_w k a m oː r i ]_w
[_w w ɘ f ɪː t ɛ ]_w
[_w w ɘ ɟ ɘ ʊ m ɪ ]_w
[_w n ɘ s ɛ n ʊː l ]_w
[_w ʊ m ɛ ]_w
[_w e b u r u l e j ]_w
[_w f ɘ l ɛ ɡ ɛ n ]_w
[_w k a l a ]_w
[_w b ʊ r ɔ k ɘ ]_w
[_w n ɘ j ɪ t ɔ m ɪ ]_w
[_w f ʊ f ɛ l ʊ m ɪ ]_w
[_w a p a t u l a ]_w
[_w ɛ m ɪ t ɛː j ]_w
[_w a p a l a ]_w
[_w ɛ ɡ ɘː n ]_w
[_w h ɛ r ɔ d ]_w
[_w ɛ l ɘ k ɔ m ɪ ]_w
[_w k a c i m ]_w
[_w ɘ k ʊ l ɪ ]_w
[_w ɟ i b u r ]_w
[_w e s u k e j ]_w
[_w s ɪ k ɔ ɛ ]_w
[_w ɘ k ɪ l ʊ m ɪ ]_w
[_w k a n ɡ u m i ]_w
[_w n ɔ ɔ n ɘ ]_w
[_w p ɘ ɟ ɘ k ɛ ]_w
[_w n ɘ ɟ ɘ w ʊ m ɪ ]_w
[_w n ɪ m ɘ mː ɘ ŋ ]_w
[_w ɘ l ɔ m ɪ ]_w
[_w ɘ ɟ ɔː n ɛ ]_w
[_w ʊ m ɘ ŋ ʊ m ɪ ]_w
[_w m ɔː l ʊː l ]_w
[_w ɪ n k ɪ ]_w
[_w b ɘ f ɪ n d ɔ ɛ ]_w
[_w b aː m a k ]_w
[_w k ɘ f ɔː b ]_w
[_w i s iː n a s ]_w
[_w k ʊ k ʊ r ɘː n ]_w
[_w ɘ l ɛ ɡ ɛ n ]_w
[_w e ɟ u w e j ]_w
[_w ɘ t ɘ ɪ ]_w
[_w ɟ ɪ k ɘː n ɔ ]_w
[_w h ɘ n ɪ ]_w
[_w b ʊ k ɘ n ʊː l ]_w
[_w b u m b oː m ]_w
[_w ɟ ɪ l ɘ w ]_w
[_w j ɔː n ɘ mː ɪ ]_w
[_w k a k o t e t e ]_w
[_w ʊ l ɛ b ɔː r ]_w
[_w j ɛ r ɪ ɡ ɔ ]_w
[_w ɪ ɲ ɘː j ɪ ]_w
[_w b ɛ t ɛ n ]_w
[_w w a r iː ŋ e ]_w
[_w f ʊ r ɪ m ]_w
[_w s ɘ r ɛː t ɛ j ]_w
[_w k a l i ŋ e ]_w
[_w k ɘ m ɘ ŋ ɛ ]_w
[_w ɪ l ɘː ɲ ]_w
[_w ɘː n ɔː l ]_w
[_w k ʊ ŋ ɔː b ɛ n ]_w
[_w k ɘ t ɘ ]_w
[_w ɘ ɡ ɘ t ɛ n ]_w
[_w m ɘ w ʊ ŋ ɛ ]_w
[_w ɛ m ɘ n ɟ ɛ ]_w
[_w f ʊ n ʊ k ]_w
[_w ɛ s ɘ l ɪ ]_w
[_w ɘː k ɛ n ]_w
[_w k ʊ m ɘ n ɟ ]_w
[_w ʊ r ɔ ŋ ]_w
[_w n ɘ r ɪ ɛ r ɪ ]_w
[_w k ʊ t ɘ ʊː l ]_w
[_w j ʊ n ɡ ʊ l ɘ m ]_w
[_w n ɘ s ɘ r ɛ t ]_w
[_w s uː m ]_w
[_w ɘ s ɘ l ɘ k ɔ ]_w
[_w k ɘ w ɔ n k ]_w
[_w m ʊ ɲ ɪː l ɘ k ]_w
[_w k ɘ s ɘː r ɪ ɘ ]_w
[_w n ɪ ɟ ɘ w ]_w
[_w ʊ r ɛ ɡ ʊ m ɪ ]_w
[_w r ɔː m ]_w
[_w w ɔː l ɪ k ɔ ]_w
[_w k ʊ r ɔ k ]_w
[_w ɛ s ɛ n ɪ m ɪ ]_w
[_w ɟ ɪ w ʊ l ]_w
[_w n ɘː n ɘ mː ɪ ]_w
[_w ɘ l ɔ b ɛ ]_w
[_w k ʊ r ɛ ɡ ɛ ]_w
[_w ɛ r ʊ n k ɘ ]_w
[_w ɟ ɪ ɟ ʊː m ɛ n ]_w
[_w b a k o n ]_w
[_w ɛː t ʊ m ɪ ]_w
[_w ɟ a j i ]_w
[_w l ɪː k ɪ t ɛ n ]_w
[_w c ɛː ŋ ʊ t ]_w
[_w f a s i m a f ]_w
[_w m u w a ɲ u m a ]_w
[_w k ʊ b ɘ ɟ ʊ t ]_w
[_w k ɘː k ʊ m ɪ ]_w
[_w n ɘ mː ɪ ]_w
[_w ɔː t ɘː m ɪ ]_w
[_w f ʊ m ɘ n ɟ ɘ m ]_w
[_w k ʊ m ɘ ŋ ]_w
[_w n ɘ n ɛ ]_w
[_w k ʊ b ɔː j ɘ k ]_w
[_w f ɘ b ɘ ɟ ɔ ɛ ]_w
[_w n a t i b u m i ]_w
[_w ɛ s ɛ n ʊ t ]_w
[_w p ʊ r ʊ ŋ ɪː l ]_w
[_w n ɘ n ɔ k ɛ n ]_w
[_w w ɔ ɔ w ʊ ]_w
[_w ɟ ɪ b ʊ r ]_w
[_w ɟ ɘː t ]_w
[_w k ɔ n ɛː l ɪ ]_w
[_w m p ɘ ]_w
[_w b ɘ n ɪ l ɘ k ɔ ]_w
[_w b ɘ p ɘ ɟ ]_w
[_w n ʊ b ɘ ɟ ɔ ]_w
[_w d ɘ k ]_w
[_w ɘ ɲ ɔː l ɔː l ]_w
[_w w ɔː n ɪ ]_w
[_w ɘ r ɛ ɡ ]_w
[_w b ɪ ɲ ɔː ]_w
[_w b ɘ n ɘ ɟ ɘ w ]_w
[_w f ʊ l ɘ k ɔ m ɪ ]_w
[_w ɡ u m i m i ɡ ]_w
[_w ɛ w ɔ n k ɪ ]_w
[_w ɛ r ɔ k ]_w
[_w a f a c u l e j ]_w
[_w ɘ k ɘ t ]_w
[_w k ʊ l ɘ m ]_w
[_w ɛ r ɔ ŋ ]_w
[_w f ʊ m ɘ n ɟ ]_w
[_w k ɘ t ɪ ]_w
[_w k ʊ k ɔ j ]_w
[_w b u l a t a p ]_w
[_w f ɔ ɔ f ʊ ]_w
[_w k ɘ b ɛ ŋ ɘ k ]_w
[_w j ɔː m ]_w
[_w ɛ l ɪ t ʊ m ɪ ]_w
[_w k ɘ n ɛ n ɪ m ɪ ]_w
[_w ɘ n ɔː s ɘ n ɪ ]_w
[_w k ɘ k ɘː n ɛ ]_w
[_w ɛ n ɪː l ɪ ]_w
[_w ʊ l ɘː ɲ ]_w
[_w n ɛ mː ɪ ]_w
[_w ɡ u j i d o u l ]_w
[_w ɘː r ʊ n ɘ ]_w
[_w k ɘ l ɘ w ]_w
[_w k ɔː t ʊ t ]_w
[_w a ɟ u p o m i ]_w
[_w k ɘ f ɔ k ɘ f ]_w
[_w w a n d o m i ]_w
[_w f u k o l i m i ]_w
[_w n ɘ ɟ ɘ w ]_w
[_w ʊ ŋ ɘ r ʊ m ɪ ]_w
[_w k u ɟ i mː i ]_w
[_w ɟ ɪ t ɛ j ]_w
[_w j ɘ n ɔː s ɘ n ]_w
[_w w ɘː f ɘ w ]_w
[_w k u m i ]_w
[_w aː m a k a u ]_w
[_w ʊ b ɘ b ɘ ɟ ɛ j ]_w
[_w ɟ ɪ m ɘ ŋ ɛ ]_w
[_w f ɘ f ɘ ŋ ʊ m ɪ ]_w
[_w b ɘ ɟ ʊ t ]_w
[_w ɛː t ɛ ]_w
[_w ɟ ɪ b ɘ ɡ ]_w
[_w k ʊ n ɛ n ]_w
[_w k ɘ w ʊ ŋ ɘ m ]_w
[_w ɘ ɲ ɪː l ]_w
[_w ʊ s ɛ l ɘ w ɪ ]_w
[_w k ʊ b ɘ ɟ ɔ m ]_w
[_w t ɘ k ]_w
[_w p u p a ɟ u m ]_w
[_w e s u k ]_w
[_w m ʊ ɟ ɪ l ɘ ]_w
[_w n ʊ m ɘ mː ɘ ŋ ]_w
[_w n ɘ r ɘː n ɘ b ]_w
[_w b ɛ n ɛ n ]_w
[_w ɔː m ɘː m ɪ ]_w
[_w b ɘ ɟ ]_w
[_w a j i l o m ]_w
[_w a p u r u m i ]_w
[_w b ɘ ɟ ɘ m ɘ f ]_w
[_w k ɘ k ɘ ɲ ɔ ɘ k ]_w
[_w d i t i iː l ]_w
[_w b ɘ l ɛː p ɘ ]_w
[_w ɛ b ɘ ɟ ɛ j ]_w
[_w ɛ p ɘ n ]_w
[_w m u r iː ŋ ]_w
[_w k u k a l aː e ]_w
[_w d u c ]_w
[_w s ɪ s ɪː w ]_w
[_w p ɘ n ɟ ɘː t ]_w
[_w f ʊ k ɘ f ]_w
[_w k u t e ɡ a k ]_w
[_w b ɘ n ɔ ]_w
[_w j ɘ m p ɪ ]_w
[_w n ɘ b ɘ c ɛ ]_w
[_w f ɛ s ɪ t ɔ s ]_w
[_w ɛ r ɪ k ɔ ]_w
[_w ɘː m ʊ ]_w
[_w u p u r aː k ]_w
[_w ɟ ɘ w ]_w
[_w p ɘ t ɪ ]_w
[_w ɟ ɘ k ɔ k ɪ ]_w
[_w ɟ ɪ ɟ ɔː n ɛ ]_w
[_w m ɘ m ɪ s ɘ m ]_w
[_w k ɘ w ɔː l ]_w
[_w w ɘː t ʊ m ]_w
[_w ɛ b ɪ l ɛ ]_w
[_w ɛ f ɛ l ]_w
[_w ʊ k ɘ n ʊː l ]_w
[_w k a b u r aː k ]_w
[_w m a t i e n ]_w
[_w ʊ ɲ ɛ n ɔː l ]_w
[_w b ɘ l ɪ n d ɘ b ]_w
[_w r iː ŋ u t ]_w
[_w b ɘ m ɘ n ɟ ɛ n ]_w
[_w ɲ a k o n a u ]_w
[_w j ɔː n ɔː m ɪ ]_w
[_w ɘ m ɔ n t ]_w
[_w r i mː i ]_w
[_w k a j e n t e n ]_w
[_w u l i n t a w ]_w
[_w e ɡ uː t e j ]_w
[_w s ɛ n ɛ ɡ ɘː l ]_w
[_w ɘ b ɔ ɲ ɘ ]_w
[_w ɛ m ɪ n ɘː j ]_w
[_w s ɪ w ɔ n ɔː r ]_w
[_w s ɪ m ɪ n ɪ t ]_w
[_w k ɘ l ɪ l ɪ ]_w
[_w k a ŋ a r u l ]_w
[_w n ɘ n ɛ nː ɛ n ]_w
[_w ɘ s ɔ f ɔː l ]_w
[_w k ɘ l ʊː s ɘ ɡ ]_w
[_w l ɔ n ɡ ɔ s ]_w
[_w b ɛ f ]_w
[_w k ɘ ɡ ɘː n ɔ ɛ ]_w
[_w n ɪ b ɪ l ʊ m ɪ ]_w
[_w a n iː n aː u ]_w
[_w s ɪ l ʊː p ]_w
[_w ɘ ɟ ʊ k ʊ m ɪ ]_w
[_w k ɘ p ɘ c ɛ ]_w
[_w k ɘ b ɪ l ]_w
[_w k ɔː n s ɔː n ]_w
[_w ɘ t ɪ ɪ ]_w
[_w e ɟ a w u l e j ]_w
[_w m b ɘ ]_w
[_w c i l i r oː r ]_w
[_w ʊ ɟ ɔː n ɘː l ]_w
[_w ʊ r ɪː b ɛ n ɔ m ]_w
[_w ʊ r ɛː s ]_w
[_w f ʊ f ɘː n ]_w
[_w k ʊ ɟ ɘ k ]_w
[_w m ʊ k ʊ m ɪ ]_w
[_w a m a ɟ i r a ]_w
[_w m ɘ ɟ ɘ k ɘː ʊ ]_w
[_w p a k o n ]_w
[_w u c iː s oː r ]_w
[_w k ʊ n ɘ ɡ ɘ mː ɪ ]_w
[_w l ɛ t ʊ k ɘ t ]_w
[_w j ɔ mː ɪ ]_w
[_w k a t i e n ]_w
[_w ɛ l ʊː p ɔ m ]_w
[_w u k o l u m ]_w
[_w ɟ ɪ l ɘ k ɔ ]_w
[_w p ʊ r ɔ k ɛ m ɪ ]_w
[_w ɟ ɪ m ɘ ŋ ʊ ɟ ɔ ]_w
[_w s ɪ s ɘ h ɘː s ]_w
[_w ɛ s ɛ n ʊ m ɪ ]_w
[_w ɟ ɪ t ɘ m b ɪ ]_w
[_w w ɘ r ɛ k ɪ m ɪ ]_w
[_w e n u k u r u ŋ ]_w
[_w ʊ b ɘ ɟ ɘː c ]_w
[_w s i p i r aː s ]_w
[_w b ʊ s ʊː ŋ ʊ t ]_w
[_w w aː n i n k ]_w
[_w k ʊ b ɘ ɟ ɔ ]_w
[_w k ɔ n k ]_w
[_w f ʊ ɡ ʊː p ]_w
[_w w oː j ]_w
[_w k ɘ ɟ ɛ t ʊ m ɪ ]_w
[_w j ɛ ɔː l ]_w
[_w ɘ s ɛː k ]_w
[_w p ɘ n ɘ b ɘ ɟ ɘ ]_w
[_w n ɘ m ɘ ŋ ʊ t ]_w
[_w f u k o i ]_w
[_w ɛ w ʊː ɟ ɛ j ]_w
[_w a l a u l ]_w
[_w b ɔː l ɪ ]_w
[_w m ɔː l ɪ ]_w
[_w ɛ r ɘ b ɔː r ]_w
[_w ɟ ɘ t ɪ ]_w
[_w ɛ b ɪ n ]_w
[_w e r iː ŋ u t ]_w
[_w ɘ m b ɘ ɔː l ]_w
[_w f ʊ m ɘ n ɟ ʊ t ]_w
[_w b u r ]_w
[_w ɘ l ɘ w ʊ m ɪ ]_w
[_w b ɘ n ɡ ʊ m ɘ ŋ ]_w
[_w t ʊ r ɔ ]_w
[_w k ɘ j ɪ t ɔ ]_w
[_w n ʊ b ɘ ɟ ʊ t ]_w
[_w ɪ m ɘ ŋ ʊ m ɪ ]_w
[_w s ɪ l ɘː k ]_w
[_w r ɪː b ɛ n ]_w
[_w m ɔ f ɔː m ɔ f ]_w
[_w n ɛː t ʊ m ɪ ]_w
[_w w ɘː f ]_w
[_w s ɛ n ɔː l ]_w
[_w m ɔː l ɪː l ]_w
[_w k ɘ ɟ ɔː n ɘː l ]_w
[_w ʊ w ɔ s ɔː l ]_w
[_w ɘ k ɔ j ]_w
[_w w aː m a k ]_w
[_w k ɘ mː ɔ ]_w
[_w k ʊ j ɘ p ʊ m ɪ ]_w
[_w m ʊ n k ʊ l ]_w
[_w k ɘː j ɪː t ]_w
[_w ɘː n ɔ m ɪ ]_w
[_w ɪ r ɛ ɡ ʊː m ɪ ]_w
[_w ɘ r ʊ l ɛ n ]_w
[_w f ɘ b ɘ ɟ ]_w
[_w ɛ ɡ ɔː b ɘ ]_w
[_w ɛ b ɘ ɟ ]_w
[_w b ʊ r ɔ m ]_w
[_w p ɘ c ɘː m ]_w
[_w k ɘ ɟ ɪ m ɘ k ]_w
[_w k ɘ b ɘ k ɛ ]_w
[_w n ɪ ɟ ɛ ɛ m ɪ ]_w
[_w ɟ ɪ l ɘ t ]_w
[_w ɟ ɪ c ɘ mː ɪ ]_w
[_w b u n iː w a b ]_w
[_w ɟ i d o r o ]_w
[_w p ɘ n ]_w
[_w f ɘ t ɪ ]_w
[_w f ɪ l ɪ b ɘː m ]_w
[_w u s u m u t ]_w
[_w ɘ t ɛ j ʊ m ɪ ]_w
[_w k ɘ ɟ ɘ k ɘː w ]_w
[_w k ɘː n ɪː l ]_w
[_w ɛ l ɪː k ]_w
[_w k u m b uː r ]_w
[_w e b aː r e j ]_w
[_w n a c i m a k ]_w
[_w f u s i m e n a ]_w
[_w ɛ c ɛ t ]_w
[_w f eː n aː f ]_w
[_w b u j iː k ]_w
[_w ɛ ɟ ɛ t ɛ ]_w
[_w ɟ ɘ r ɪ ɛ j ]_w
[_w s i n t aː j ]_w
[_w k ɘ ɲ ɛ n ɘ k ]_w
[_w b ɘ m ɘː l ]_w
[_w k u ɟ u b o ]_w
[_w ɟ ɪː k ɪ ]_w
[_w k ɘ w ʊ ŋ ɛ n ]_w
[_w ɟ i c i l a u l ]_w
[_w b ɘ m ɘ n ɟ ʊ t ]_w
[_w k ɘ w ʊː ɟ ɛ ]_w
[_w k a l e p i e n ]_w
[_w s ɪ n ʊ ɡ ]_w
[_w s ɔː t ɘ s ]_w
[_w l ʊ w ɘː j ]_w
[_w ɪ c ɘ w ]_w
[_w f a j e m e ]_w
[_w w u b ]_w
[_w f u p uː r ]_w
[_w ɘ r ɪː b ɘ ]_w
[_w n ɘ b ɪ l ʊ m ɪ ]_w
[_w ɘ m p ɘ ɪ ]_w
[_w ɛ t ɛ j ]_w
[_w b ɘ m p ʊ n ]_w
[_w w a k o j u m e ]_w
[_w ɲ ɔ n ɡ ɘ ɲ ]_w
[_w k ɘ r ɛː m ɛ n ]_w
[_w ɟ i c i m ]_w
[_w p ɘ n k ɔː t ɛ ]_w
[_w t ɘ m b ɘ r ɘ r ]_w
[_w k a m i k ]_w
[_w k ɘ r ʊː ɔː r ]_w
[_w ʊ b ɪ l ]_w
[_w f ʊ r ɔ l ɘː f ]_w
[_w n ʊ s ɛ n ɪ m ɪ ]_w
[_w n ɘ k ɘ k ]_w
[_w ɟ ɪ r ɛ k ʊː l ]_w
[_w f ʊ b ɘ ɟ ɛ ]_w
[_w k ʊ k ɔ r ]_w
[_w r ɘ h ɘ p ]_w
[_w d r ʊ w ɘ ]_w
[_w ɟ u t ]_w
[_w p ɘ k ɔː ŋ ɘ b ]_w
[_w b ɘ m b ɘ ɪː l ]_w
[_w l i r oː r ]_w
[_w ɪ r ɘː n ]_w
[_w a j iː s iː l ]_w
[_w m ɘ ŋ ɛ ]_w
[_w ɘ b ʊ ɟ ɪ ]_w
[_w b ʊ k ɛ ɪ ]_w
[_w d iː k aː r ]_w
[_w k ʊ n ɘ p ]_w
[_w k ɘ f ɪ ʊ mː ɪ ]_w
[_w k ʊ r ɛ ɡ ʊ m ɪ ]_w
[_w t ɘː ɟ ]_w
[_w l i ŋ ]_w
[_w ɘ c ɘ ŋ ɘ ]_w
[_w n ɘ s ɛ n ɪ m ɪ ]_w
[_w k u n iː n e ]_w
[_w k ɘ l ɘː k ɘ ɡ ]_w
[_w b r ɛ n ]_w
[_w ɘ m ɘ n ɟ ʊ m ɪ ]_w
[_w ɪ b ɘ ɟ ]_w
[_w ɟ ɘ b ɘ ɟ ]_w
[_w ɟ ɪ k ɘː n ]_w
[_w b ʊ b ɪ l ]_w
[_w b ɘ l ɛː p ɘ b ]_w
[_w ɛ ɟ ɘ w ]_w
[_w ɘ t ɔː ŋ ʊ m ɪ ]_w
[_w k a f i r e n ]_w
[_w k ɘ p ɪ l ɛ m ɪ ]_w
[_w j ɛ n t ɘː m ]_w
[_w ɘ b ɘː l ɘ ]_w
[_w ʊ t ʊ m ɪː l ]_w
[_w d eː ŋ e j ]_w
[_w ɟ ɪ w ɔː l ɔ ]_w
[_w n ɪ s ɔ s ɔ f ]_w
[_w n ɪ m ɘ ŋ ʊ m ɪ ]_w
[_w m ɔ ɔ m ɛ ]_w
[_w m ɘ ɟ ɘ k ʊ t ]_w
[_w s a n i ]_w
[_w n ɪ b ɘ p ɘ ɟ ɔ ]_w
[_w ɛ c ɛ t ɛ ]_w
[_w k a ɲ iː aː f ]_w
[_w k ɘ m ɘ t ɘː ʊ ]_w
[_w e k uː t ]_w
[_w ɟ ɪ m ɘ ŋ ]_w
[_w m ɔː m ʊ ]_w
[_w ɘ k ʊ l ɪ m ɪ ]_w
[_w ʊ ɲ ɛ n ɪ ]_w
[_w k ʊ ɟ ʊ k ]_w
[_w s ɘː k ʊ m ɪ ]_w
[_w ɪ s ɘ n k ]_w
[_w k u m i ɡ ]_w
[_w ɘ s ɛ n ɛ m ɪ ]_w
[_w k ɘ r ɛː s ɪ ]_w
[_w n ɪ l ɘː ɲ ]_w
[_w k ɘ k ɘː l ]_w
[_w ɔ n ɛ s ɪ m ɔ ]_w
[_w k u p aː r a f ]_w
[_w f ɛ l ʊ m ɪ ]_w
[_w b ɪ s ɪ t ɪ ɘ ]_w
[_w d ɛ b ]_w
[_w n ɘː n ɪː m ɪ ]_w
[_w ɪ r ɛ k ʊ m ɪ ]_w
[_w l ɘ ɔ t ɪ k ]_w
[_w ʊ l ɔ ɘ ɔː l ]_w
[_w w ɘ w ʊː ɟ ɛ ]_w
[_w d ɘ b ɛ t ɘ k ]_w
[_w k ɘ f ɘ ŋ ʊ m ɪ ]_w
[_w ɛ l ɘ k ɔ ]_w
[_w ɛ mː ɪ ɲ ɘː ]_w
[_w l ɛ w ɪ ]_w
[_w ɘ s ɛ n ʊː m ɪ ]_w
[_w k ʊ j ɔː m ]_w
[_w ɘ s ɔ f ɪ m ɪ ]_w
[_w ɪ f ɘ b ɛ l ]_w
[_w u l i r oː r ]_w
[_w k ʊ b ɛ n ɛ n ]_w
[_w ɘ m ɘ n ɟ ɛ n ]_w
[_w b a r i t a b ]_w
[_w b ɛ r ɪ ɘ ]_w
[_w ɟ ɪ s ɛ n ]_w
[_w ɘ ɟ ɘ mː ɪ ]_w
[_w k ʊ s ɔ s ɔ f ]_w
[_w ɘ w ʊ l ɛ m ɪ ]_w
[_w k ʊ l ɪ t ]_w
[_w ɘ m ɘ ŋ ɘ mː ɪ ]_w
[_w k ɘ b ɘː t ]_w
[_w b ʊ c ɘː b ]_w
[_w b u r uː r e n ]_w
[_w k ʊ s ɛː k ]_w
[_w ɘ k ɘ mː ɪ ]_w
[_w ɟ a n ɡ ]_w
[_w w ɘ s ɛ n ɛ m ɪ ]_w
[_w ɘ l ɘ w ]_w
[_w ɘ r ɔ k ɘ w ]_w
[_w f u s i m oː l ]_w
[_w b ɘ n ]_w
[_w ɟ ɪ ɟ ɘ w ]_w
[_w t ɘ n ɔ s ɘ n ]_w
[_w ʊ f ɛː f ɘ w ]_w
[_w m aː m a k ]_w
[_w ɛ w ɘ ɲ ɛ j ]_w
[_w ɟ ɪ m ɘ ŋ ʊ t ]_w
[_w ɘ r ɛ m b ɘ ɟ ]_w
[_w k ʊ r ɪː b ɛ n ]_w
[_w k o m i d e ]_w
[_w l a r ]_w
[_w f ʊ n ɔː m ]_w
[_w k u m b oː m ]_w
[_w ʊ b ɘ ɟ ɘː r ɘ p ]_w
[_w t ʊ r ʊ w ɘ ]_w
[_w f ʊ t ɔ k ɔ ɲ ]_w
[_w m ɪː n k ɔ ]_w
[_w b oː t ]_w
[_w ɛ w ɔ l ɛ j ]_w
[_w ɘ ɲ ɔː s ʊ m ɪ ]_w
[_w b aː m a k a p ]_w
[_w k ɘː n ]_w
[_w w ɘ ɲ ]_w
[_w n ɪ ɟ ʊ k ʊː l ]_w
[_w ɟ i l a ɟ ]_w
[_w ɘ t ɔː k ʊ m ɪ ]_w
[_w ɟ ɪ s ɘ j ɛ n ]_w
[_w p ɘ ɟ ɪː k ɘ ]_w
[_w ɲ ɪ w ʊ ɟ ]_w
[_w k u k o iː l ]_w
[_w f ʊ ŋ ɘ b ɪː l ]_w
[_w ɘ r ʊ n ɡ ɛ j ]_w
[_w t ɪ m ɔ d ɪ ]_w
[_w a l aː ɲ u l ]_w
[_w ɘ m p ɘ ɟ ]_w
[_w ɛ b ɪː n ɛ j ]_w
[_w b ɘː b ɘː b ɘ ]_w
[_w n ʊ w ɔ n k ɪ ]_w
[_w ɟ ɪ f ɘ ŋ ʊ m ɪ ]_w
[_w ɘ r ɪ ɛ j ]_w
[_w ɛ ɟ ɘ l ɛ j ]_w
[_w s ɔː m ]_w
[_w ɟ ɪ l ɘː ɲ ʊ m ɪ ]_w
[_w k ʊ r ɪː b ɘ ɪ ]_w
[_w ɘ m p ɘ ɔː l ]_w
[_w ɛ s ɔ f ]_w
[_w k ɔ l ʊ k ɔ d ɘ ]_w
[_w ɛ l ʊ w ]_w
[_w s ɛ n s ɛ n ]_w
[_w m ɘ n ɘ k ]_w
[_w k ɔ d ɔ r ɔ ŋ ]_w
[_w k ɔː l ɪ m ɔ ]_w
[_w ɘ l ɔː k ]_w
[_w l ɘ n t ɛ ]_w
[_w ɡ a k o l iu t ]_w
[_w b a l i k a p ]_w
[_w k ɘ l ɘ t ɘ b ]_w
[_w ɘ ɟ ʊː m ɛ n ]_w
[_w w ʊː ɟ ]_w
[_w k ʊ k ʊ l ]_w
[_w f a t i e n e ]_w
[_w k ɘ l ɘ k ɔ ]_w
[_w ɟ ɪ s ɛ n ʊ m ɪ ]_w
[_w w ɘ r ɛ k ]_w
[_w n ʊ m ɘ ŋ ʊ m ɪ ]_w
[_w k ʊ p ɘ ɟ ɘː ʊ ]_w
[_w b ɔː l ɪ b ɔ ]_w
[_w j ʊː t ɔ m ]_w
[_w ɘː n ɔː m ɪ ]_w
[_w k ɘ s ɔ n d ɛ n ]_w
[_w ɘ m b ɘ ʊː l ]_w
[_w e s i ɡ i r i k ]_w
[_w a j i l o m i ]_w
[_w s ɪ b ɪː n ɘ s ]_w
[_w b ɪː ŋ ɘ b ]_w
[_w w ɘː n ɔ m ]_w
[_w f i m e n ]_w
[_w n ɘ ŋ ɘ r ]_w
[_w p ɔː l ɪ ]_w
[_w w ɪ ɟ ]_w
[_w m ʊ b ɘ ɟ ]_w
[_w k ɘ p ɪ n t ]_w
[_w k ʊ m ɘ ŋ ɛ ]_w
[_w ʊ ɟ ɘ ɘː l ]_w
[_w b ɘ ŋ ɘː n ɘ b ]_w
[_w b ɘ mː ɪ ]_w
[_w ʊ ŋ ɘ r ɘ b ɘ k ]_w
[_w ɪ k ɘ t ]_w
[_w w ɘ b ɘ ɟ ɔ m ɪ ]_w
[_w ɪ h ɪ ]_w
[_w p ɘ s ɘː f ɘ k ]_w
[_w k a r u ŋ u l ]_w
[_w k ɘ s ɔ f ɪ ]_w
[_w t i n o k ]_w
[_w k ʊ w ʊ l ʊː l ]_w
[_w b u ɡ o r o ]_w
[_w b ɛ ɡ ɘ s ]_w
[_w m ʊ r ɪ ɘ ]_w
[_w ɟ ɪ r ʊː m ]_w
[_w n ʊ b ɛ t ɛ n ɪ ]_w
[_w k ɔː l ɪ f ɔ ]_w
[_w k ɘ l ɔ f ɘ ]_w
[_w ɛ c ɛː n ]_w
[_w b ʊ ɟ ʊ m ɪ ]_w
[_w ʊ s ɘ l ɘː l ]_w
[_w k ɘ s ɘ l ]_w
[_w ɘ k ʊ r ɪ ]_w
[_w b ʊ s ʊ n ]_w
[_w e ɡ o j u m e ]_w
[_w k ʊ ɡ ɪ l ɘ ]_w
[_w p ɘ ŋ ɘː n ]_w
[_w k ʊ b ɔ ɲ ʊ m ɪ ]_w
[_w f ʊ c ɪ l ɘ ]_w
[_w n ɘ ŋ ɘ r ɪ ]_w
[_w ʊ r ɛ m b ]_w
[_w ɟ ɪ m ɘ mː ɘ ŋ ]_w
[_w ɟ ɪ l ɘː ɲ ]_w
[_w w ɘ b ɘ ɟ ɔ ʊ d ]_w
[_w k u c u p o m i ]_w
[_w p ɘ c ɛ ]_w
[_w k a p uː m aː u ]_w
[_w ɛ s ɘ l ɪ m ɔ n ]_w
[_w ɘ c ɘ mː ɔ m ɪ ]_w
[_w b ʊ ŋ ɘ r ]_w
[_w w ɘː n ɔ ɛ ]_w
[_w k ɘ k ɘː l ɛ n ]_w
[_w e ɟ a w u m ]_w
[_w k ʊ r ɔː k ɘ l ]_w
[_w ɘ l ɘ t ]_w
[_w n ɘ s ɛ n ɘ mː ɪ ]_w
[_w ɪ k ɘː n ]_w
[_w j ɘ k ɘ mː ɔ ]_w
[_w m ɘ n ʊ r ɔ ŋ ]_w
[_w s ɘ m ʊ ɛ l ]_w
[_w ɛ t ɔː k ɔː l ]_w
[_w m ʊ f ɘ ŋ ɛ ]_w
[_w f a c u l a f ]_w
[_w k ʊ l ɘ t ʊ m ɪ ]_w
[_w ɘ f ɘː n ɔ m ]_w
[_w b u s u s uː l ]_w
[_w s ɪ j ɘː k ɘ ]_w
[_w n ɘ r ɪ ɛ j ]_w
[_w ʊ l ɘː k ɘ w ]_w
[_w ɘ m p ɘ r ɘ b ɘ ]_w
[_w j ɘː t ʊ m ɪ ]_w
[_w ɘ b ɔ ɲ ɘː ʊ ]_w
[_w k ɘ r ʊ l ɛ n ]_w
[_w ɛ l ɪ t ]_w
[_w k u r i d a p ]_w
[_w ɘ t ɛ n ]_w
[_w ɟ ɘ n ]_w
[_w ɘ m b ɘː w ]_w
[_w w ɘ m b ɪ ]_w
[_w b ɘ n ɡ ʊ r ɔ k ]_w
[_w ɘ l ɘ w ɛ j ]_w
[_w ɘ b ɘ ɟ ]_w
[_w f a k o n a u ]_w
[_w k ɘː n ɔ ]_w
[_w w a n k u m ]_w
[_w k ʊ ɲ ɪː l ]_w
[_w j ɔː t ʊ m ɪ ]_w
[_w s ɪ ɔ n ]_w
[_w ʊ b ɘ k ]_w
[_w b ɘ k ɔː ŋ ]_w
[_w b ɘ ɟ ʊː l ]_w
[_w k ɘ p ɛ t ]_w
[_w k a l a u l ]_w
[_w ɛ p ɘ k ɛ n ]_w
[_w b ɛ ɪ ]_w
[_w b ʊ b ɘ ɟ ʊ t ]_w
[_w f ʊ r ɪ ɘ m ʊ ]_w
[_w k ɔː n ɪː l ]_w
[_w k ʊ r ɪ m ɔː l ]_w
[_w b ɛ n ɪ ɘ m ɪ n ]_w
[_w b ʊ j ʊ p ɘ ]_w
[_w k ʊ l ɔ ]_w
[_w k ʊ n k ]_w
[_w ɛ p ɪ n ]_w
[_w ɟ ɪ r ɔ h ɘ ɔː l ]_w
[_w ɛ c ɘ w ʊ t ]_w
[_w k ɘ s ʊː ŋ ʊ t ]_w
[_w f ʊ r ɘ l ɘː f ]_w
[_w ɪ w ɘ l ɛ n ]_w
[_w s ɪ k ɘ ]_w
[_w ɘ n ɘː r ɛ ]_w
[_w ɘ m ɘ ŋ ʊ m ɪ ]_w
[_w ɛ s ɔ f ɔ s ɔ f ]_w
[_w s i n d aː j ]_w
[_w ɟ a r u s ]_w
[_w ɘ k ɔ r ʊ m ɪ ]_w
[_w a p u r u m ]_w
[_w ɘ w ʊ l ]_w
[_w k ɘ t ɔː l ]_w
[_w b ɔː p ɪː l ]_w
[_w ɟ ɪ r ɛ ɡ ʊ m ]_w
[_w j ɘ s ɔ n t ɛ n ]_w
[_w k ɘ m p ɔ m ɪ ]_w
[_w ɟ ɪ k ɘː n ɪ ]_w
[_w ɟ ɪ ɟ ɘ m ]_w
[_w ɪ l ɘ k ɔ ɛ ]_w
[_w k ɘ t ɛː p ʊ m ɪ ]_w
[_w b ɘ ɟ ɔː n ɛ n ]_w
[_w b ɘ s ʊ w ɛ n ɛ ]_w
[_w w ɔː m ]_w
[_w ʊ ɲ ɛ n ɪː l ɔː l ]_w
[_w ɘː k ʊ m ɪ ]_w
[_w k ɘ ɟ ɛ t ]_w
[_w b u n iː w a p ]_w
[_w j ɔː n ɛ ]_w
[_w ɛ s ɔ f ɔ m ɪ ]_w
[_w ʊ l ɘ k ɘː k ]_w
[_w ɪ ɲ ɘː j ɔː l ]_w
[_w ɲ ɔ f ɛ n ]_w
[_w ɛ m ɘː t ]_w
[_w k u n a p ]_w
[_w b ɘ n d ɔ m ɪ ]_w
[_w ɟ ɛ k ]_w
[_w ɘ k ɘː n ɪː l ]_w
[_w k a n k u m a k ]_w
[_w b ɔː k ʊ m ɪ ]_w
[_w f ɘ c ɘ k ɛ ]_w
[_w ɘ p ɘː t ɘ k ]_w
[_w n ɘ n ɘ n ɪ ɘ ]_w
[_w ɟ ɔː l ɪ ]_w
[_w t aː ɲ i e ]_w
[_w ʊ s ɔ f ɪ m ɪ ]_w
[_w ɟ ɪ r ɘː f ɘ ]_w
[_w ɘ t ɘ m p ]_w
[_w k ʊ b ɔː j ɘ ]_w
[_w ɟ i t o r o ]_w
[_w r oː m a ]_w
[_w ʊ r ʊ ]_w
[_w b a j e m e ]_w
[_w p ɘ ɟ ʊː p ɔ ɛ ]_w
[_w ʊ l ɘː ɡ ɘ s ]_w
[_w ɛ ɟ ɘː j ]_w
[_w k a p u r u m i ]_w
[_w k ɘː n ɔ ɛ ]_w
[_w ɘ f ɪ ʊ m ɘ k ]_w
[_w k ʊ k ɘ mː ɔ ]_w
[_w k u p u r ]_w
[_w ɟ ɛ b ]_w
[_w b ɘ n ɪ k ɘː n ]_w
[_w b ʊ r ʊ ŋ ]_w
[_w h ɘ l ɛ l ʊ j ɘ ]_w
[_w e r iː ŋ u m i ]_w
[_w ɛ ɲ ɛ s ]_w
[_w ʊ w ɛ ]_w
[_w ɛ r ɛ ]_w
[_w j a j e m aː f ]_w
[_w s ɪ m ɪ n ɘː j ]_w
[_w ɘ r ɔ k ɛ m ɪ ]_w
[_w m ɛː ɟ ]_w
[_w a c i m ]_w
[_w r ɘ h ɘ b ]_w
[_w ɛ m ɘ n ɟ ]_w
[_w b ʊ r ɔ k ɔ m ]_w
[_w n ɪ ɟ ɘ mː ɪ ]_w
[_w b ɘ n ɪ l ɘː ɲ ]_w
[_w k ɘ j ɘ p ɛ m ɪ ]_w
[_w ɛ n ɛ n ɔ ]_w
[_w b ɘ k ɘ m ɛ n ]_w
[_w n ʊ ɟ ɛ ɛ m ɪ ]_w
[_w b ʊ k ɘː k ʊ ]_w
[_w a k o n a u ]_w
[_w k ɘ b ɘ ]_w
[_w b ɛ d ɛ ]_w
[_w ɘː t ʊ t ]_w
[_w k ɘ b ɘ ŋ ]_w
[_w f ʊ n ɘ k ɘ mː ɪ ]_w
[_w l ɛ t ]_w
[_w ʊ b ɛ t ɛ n ]_w
[_w f ʊ r ɘ ]_w
[_w k eː l ]_w
[_w l ɛː ɟ ɘː t ]_w
[_w b ɘ n f ɘ ŋ ]_w
[_w ʊ r ɛ k ]_w
[_w j ɘː t ʊ m ]_w
[_w s ɛ n ɛ m ɪ ]_w
[_w k ɘ ɟ ɘ m ɔː r ]_w
[_w l ɪ t ]_w
[_w ʊ ŋ ɘ r ]_w
[_w d ɪ m ɘː ]_w
[_w ɘ f ɪ ʊ m ]_w
[_w f ʊ n ɘ k ]_w
[_w k ɘː ɡ ʊ m ɪ ]_w
[_w f u l i r oː r ]_w
[_w ɪ k ɘː n ɔ ]_w
[_w ʊ w ɔ s ]_w
[_w r ɛ ʊ t ]_w
[_w j ɛ r ɪ k ɔ ]_w
[_w w ɘ j ɔ f ɪ m ɪ ]_w
[_w k ʊ t ɪ ]_w
[_w ɘ w ɘ ɲ ɘ ]_w
[_w n a ɡ o l i m i ]_w
[_w b ɔː t ɘ b ]_w
[_w m ɔː l ɪ j ɔ ]_w
[_w r iː ŋ u d ]_w
[_w c ɪ s ɘ h ɘː ɟ ]_w
[_w ɛ s ɘ l ɪ m ɔ ]_w
[_w m ʊ k ɛː n ]_w
[_w i r iː ŋ u m i ]_w
[_w b ʊ k ɘː n ɛ ]_w
[_w k ʊ b ɘ ɟ ʊ m ɪ ]_w
[_w w ɘ ɟ ɛ ɛ m ɪ ]_w
[_w b ɘ ɟ ɘː r ]_w
[_w p u l a t ]_w
[_w l ɛ t ɘ b ɘ ɟ ]_w
[_w k ʊ b ɘː l ɪ ]_w
[_w k u m u s aː k ]_w
[_w k ɘ l ɔ ɘː k ]_w
[_w ɘ n ɔː s ɘ n ]_w
[_w s i n d eː j ]_w
[_w ɛ m ɘ n ɟ ɘ m ]_w
[_w m ʊ r ɪ ]_w
[_w k ɘ b ɪ j ɔ ]_w
[_w ɛ c ɪː k ]_w
[_w a r iː ŋ u t ]_w
[_w n ʊ ŋ ɘ r ʊ m ɪ ]_w
[_w ɛ l ɪ s ]_w
[_w ɪ r ɪ ]_w
[_w ɘ ɟ ʊ k ʊ t ]_w
[_w k a j e n d e n ]_w
[_w ɟ ɪ m ɘ ŋ ʊ m ɪ ]_w
[_w k ʊ n ɔ k ɛ n ]_w
[_w k ɘ l ɘ k ɘː m ɪ ]_w
[_w f a ɲ iː aː f ]_w
[_w r ɪ ɔː m ɪ ]_w
[_w ɟ ɘ c ɘ k ]_w
[_w m ɘ r ʊ k ]_w
[_w k ɘ t ɛː b ɘː ʊ ]_w
[_w n ɘ s ɛ n ɛ m ɪ ]_w
[_w b ɘ ɟ ɘː w ]_w
[_w ɟ ɘ r ɪ ɛ m ɪ ]_w
[_w n ɘ ɟ ɘ m ]_w
[_w ɛ c ɘ m ]_w
[_w ɛ w ɔ l ɪ ɛ j ]_w
[_w ɪ ŋ ɔ t ʊ t ]_w
[_w t ɘ k ɘː r ]_w
[_w ɘ j ɪ t ɘ w ]_w
[_w ɟ a k uː t ]_w
[_w w ɘ c ]_w
[_w k ʊ m ɘ n ɟ ʊ t ]_w
[_w e ɡ uː t ]_w
[_w k ʊ w ɔ l ɪː w ]_w
[_w k ʊ ɟ ɪ l ɘ t ]_w
[_w k a s uː m a j ]_w
[_w w ɘ r ɪ n ɔ m ɪ ]_w
[_w k ɘ k ɘ m ɛ n ]_w
[_w s ʊ m ʊ r ʊ n k ]_w
[_w k ʊ n ɘː r ɛ ]_w
[_w m ʊ w ɘ ɲ ɘ ]_w
[_w b ɔː t ɛ ]_w
[_w r ɪ c ɛː ]_w
[_w f ɪ r ɘ ʊ n ɘ ]_w
[_w n ʊ m ʊː t ɛ n ]_w
[_w k ʊ m ɘ l ɔː r ]_w
[_w b u j iː k a p ]_w
[_w j ʊ s ʊ t ʊ r ɔ ]_w
[_w k a m a r u l ]_w
[_w f u r aː r ]_w
[_w k ɘ f ɛ l ɔ ɘ k ]_w
[_w ʊ p ɘ k ɪː r ]_w
[_w b ɘ ɟ ɘː k ]_w
[_w b ɘ ɟ ɘː r ɘ b ]_w
[_w ɘ m b ɘː ʊ ]_w
[_w k u l a u l ]_w
[_w ʊ ɡ ʊ ]_w
[_w k ʊ s ɛː k ɘ k ]_w
[_w w ɘ ɲ ɘ ]_w
[_w k ɘ l ɘ k ]_w
[_w m ʊ l ɛː ŋ ]_w
[_w d ɘ ɟ ]_w
[_w b ɘ n ɡ ʊ j ɘ p ]_w
[_w f ɘ ŋ ɘː m ]_w
[_w ɟ ɔː k ʊ m ɪ ]_w
[_w k ɘ m p ɪ ]_w
[_w b ʊ n ʊ ɡ ]_w
[_w ɟ ɪ s ɘ n ɡ ɛ n ]_w
[_w ɘ m ɘ t ɘ t ]_w
[_w m ʊ b ɘ ɟ ɔ ɛ ]_w
[_w k ɔ r ɪ n t ]_w
[_w s i k o r i ]_w
[_w k ɘ r ʊ n k ɘ ]_w
[_w k u m oː r i e ]_w
[_w ɟ ɛ b ɪ ]_w
[_w w ɛː l ʊ m ɘ ]_w
[_w b ɘ ɟ ɘ ]_w
[_w r oː m a n ]_w
[_w u k uː t ]_w
[_w b u b i n a b ]_w
[_w a n iː n e ]_w
[_w e r eː b u l ]_w
[_w k ɘ w ʊ ŋ ɛ ]_w
[_w k a c u m i ]_w
[_w k a s uː m a ɡ ]_w
[_w ɟ a r u s e j ]_w
[_w b ʊ l ɛ ɡ ɘː w ]_w
[_w s i n d o o m ]_w
[_w m ɘː n ɔ m ]_w
[_w ɘ w ɘ ɲ ɘ w ]_w
[_w n ɘ j ɘ b ʊ f ɔ ]_w
[_w ɟ ɘ k ɪː c ɘ k ]_w
[_w b ɘ r ɘː n ]_w
[_w ɛ l ɘ t ]_w
[_w k ɘ b ɪ n d ]_w
[_w m ɔː f ɪː l ]_w
[_w k ɘ l ɘ k ɔ m ɪ ]_w
[_w ɘ c ɘ mː ɪ ]_w
[_w d i ɟ ]_w
[_w f ʊ k ɛ n ]_w
[_w ɛ r ɪ k ]_w
[_w n ɘ ŋ ɔː l ɛ n ]_w
[_w w ɔː l ɪ s ɔ ]_w
[_w ɛ ɡ ɘ t ]_w
[_w ɟ ɪ l ɘ ]_w
[_w k ʊ ɟ ɘ w ɔː r ]_w
[_w k ɘ w ɔː k ɛ ]_w
[_w ɛ j ɪ n k ʊː l ]_w
[_w w ɘ f ɘ ŋ ɛ ]_w
[_w k ʊ m ɘ ŋ ɘː m ɪ ]_w
[_w k ʊ r ɛ n ɛ ]_w
[_w k u l i ŋ e n ]_w
[_w ɘ p ɔ ɲ ]_w
[_w j u t e a ]_w
[_w j ɘː j ʊ ]_w
[_w k ɘ j ɪ t ]_w
[_w n ɘ f ɘ r ɔː r ]_w
[_w k ɘ ɲ ɛ n ɪ ]_w
[_w e b u r u m i ]_w
[_w k ʊ r ʊ n k ɘ ]_w
[_w t ɘ b ]_w
[_w p ɘ ʊ l ]_w
[_w b ʊ t ʊ m ɪ ]_w
[_w n ɔ ɔ n ʊ ]_w
[_w b ɘ ŋ ɘː n ]_w
[_w ɪ ɟ ʊ k ʊː l ]_w
[_w f ɔː f ʊ ]_w
[_w b ʊ k ɔ ]_w
[_w k ʊ m ɘ mː ɘ ŋ ]_w
[_w m ɘ s ɛ n s ɛ n ]_w
[_w ɛ p ɔ ɲ ]_w
[_w ʊ s ɘ m ɘ r ɪ ɘ ]_w
[_w b a n s i c i m ]_w
[_w ɛ ɡ ɔ l ]_w
[_w u r iː ŋ u b o ]_w
[_w k ʊ t ɘ ɪː l ]_w
[_w ɘ s ɔ n t ɛ n ]_w
[_w k ɘ p ɪ l ʊ m ɪ ]_w
[_w ɘ ɟ ɛ d ʊ m ɪ ]_w
[_w r iː ŋ ]_w
[_w a b u r u l o ]_w
[_w t ɛː s ]_w
[_w ɟ ɪ k ɘ t ]_w
[_w b a r i d oː l ]_w
[_w ɟ ɪ b ɘ ɟ ]_w
[_w m ɘ ɟ ɔː n ɘː ʊ ]_w
[_w d ɔ ɔ d ʊ ]_w
[_w ɟ i r uː r e n ]_w
[_w f ʊ ɟ ɪ l ɘ t ]_w
[_w l ɛ t ʊ ɟ ɘː m ]_w
[_w ɘ r ɪ m ɪ ]_w
[_w b ʊ k ɘː l ]_w
[_w k ɔː n ɔː m ɪ ]_w
[_w f ɘ n ɔː s ɘ n ɪ ]_w
[_w b ɘ n ɘ k ʊ ]_w
[_w k ɘ t ɛː b ʊ m ɪ ]_w
[_w b ɔː b ɪː l ]_w
[_w ɟ ɘ m ɛː ŋ ɛ j ]_w
[_w n ɘ r ɛ r ɛ ]_w
[_w ɪ k ɘ mː ɪ ]_w
[_w ɘ r ɛ k ]_w
[_w p ɘ f ɘ ŋ ]_w
[_w s i n t o o m ]_w
[_w b ʊ r ɔ ŋ ]_w
[_w ɟ ɪ ɡ ɘ t ɪː l ]_w
[_w t ʊ t ɔː r ]_w
[_w ɘ j ɘ p ]_w
[_w w ɔ w ]_w
[_w e p aː r e j ]_w
[_w u r oː k o ]_w
[_w a ɟ i mː i ]_w
[_w e j u ]_w
[_w k ʊ ɲ ɛ s ʊ t ]_w
[_w k ʊ p ɘ ɟ ʊ t ]_w
[_w ɘ ŋ ɔː l ɛ n ]_w
[_w ɘ m ɘ n ɟ ]_w
[_w ɛː n ɔː m ɪ ]_w
[_w k u k o uː l ]_w
[_w ɘ l ɪ f ]_w
[_w p a k u n ]_w
[_w ɘ m p ɘ ɪː l ]_w
[_w b ɘ ɟ ɘː m ɪ ]_w
[_w k ʊ r ɔ k ɪː l ]_w
[_w b ʊ r ɛ k ]_w
[_w m ɘ t ɪ ]_w
[_w k ʊ ɟ ɘ mː ɪ ]_w
[_w k ʊ k ɘː n ɛ ]_w
[_w k ʊ ɟ ʊ ɟ ʊ k ]_w
[_w ɟ i j iː s e n ]_w
[_w k ʊ n ɘ k ]_w
[_w n ɘ ɲ ɘ k ]_w
[_w m ɘ t aː ɲ i ]_w
[_w ʊ l ɔ ɘ ɪː l ]_w
[_w m oː l o l i ]_w
[_w a r iː ŋ e n ]_w
[_w c ɪ b ʊ l ɔ l ɔ ]_w
[_w b u l a t oː r ]_w
[_w ɟ ɪ ɟ ʊ k ]_w
[_w w oː l o l i ]_w
[_w u p a n t oː r ]_w
[_w ʊ r ɔ k ]_w
[_w s ɪ c ɛː n ]_w
[_w ɛ s ɛ n ]_w
[_w n ɘ s ɘ l ɪ ]_w
[_w ɛ b ɔ d ]_w
[_w ɘ r ɛ k ʊ m ɪ ]_w
[_w ɘ m ɘ t ɘ ]_w
[_w w ɘ ɟ ]_w
[_w f ʊ j ɘː k ]_w
[_w b ɔ n t ɪ ʊ s ]_w
[_w p a k o r aː b ]_w
[_w k ɘ b ɔː j ɘ ]_w
[_w ɘ b ʊː n ]_w
[_w ɛ m ɘ ŋ ɛ ]_w
[_w f a c u l iː l ]_w
[_w k ɘ l ɔ m ɪ ]_w
[_w f ɘ k ɔː r ɘ f ]_w
[_w ɟ i l i ŋ ]_w
[_w ɘ f ɘ r ʊ m ɪ ]_w
[_w k ʊ m ɘː t ]_w
[_w k ɔː t ʊ m ɪ ]_w
[_w ʊ r ɛː s ɘ k ]_w
[_w j ɔː j ʊ ]_w
[_w k u r oː m a n ]_w
[_w b ɛ r ɔ ɘ ]_w
[_w t a n ]_w
[_w ɔː m ɛ ɪ ]_w
[_w ɪ ɲ ɛ m ɛ ]_w
[_w ɟ ɛ r ɛ r ɛ ]_w
[_w m ɘ n t ɛ n ]_w
[_w w ɔː w ɛ ]_w
[_w k a n k u m ]_w
[_w ɘ w ɔ n ɡ ]_w
[_w k a ɡ o l u m ]_w
[_w ɟ ɪ ɡ ɘː l ]_w
[_w ɟ i c i l ]_w
[_w f u k o u s o ]_w
[_w j ɛ r ɪ k ]_w
[_w t eː r e ]_w
[_w ɘ ɲ ɛ s ]_w
[_w b ʊ r ɛ t ɛ ]_w
[_w k a ɟ i m a ]_w
[_w ɘ m ɔ s ]_w
[_w k ɘ s ɔ f ʊ m ɪ ]_w
[_w k ɘ ɲ ɛ n ɘ ɡ ]_w
[_w k u ɟ eː t u m ]_w
[_w e r i n t iː ŋ ]_w
[_w k a k a l aː k ]_w
[_w d ɘ b ɛ t ]_w
[_w b ɔː l ɘ ]_w
[_w ɟ ɛ ɡ ]_w
[_w ʊ f ɛ l ʊ m ɪ ]_w
[_w ɘ l ɘ ɔː r ɪ ]_w
[_w b ɔː t ʊ t ɘː l ]_w
[_w ɟ ɔː m ]_w
[_w ɘ k ɔ b ɘ ]_w
[_w w o l i ]_w
[_w f ʊ l ɔ ɟ ɘː t ]_w
[_w j ɘ b ɘ ]_w
[_w ɟ ɘ n d ɪ ]_w
[_w p ɔː ɡ ɔː l ]_w
[_w b ʊ k ɘː l ɛ n ]_w
[_w m ʊ f ɛ l ʊ m ɪ ]_w
[_w ɘ b ɔ ɲ ʊ m ɪ ]_w
[_w k ɘ l ɪː r ɘ ɡ ]_w
[_w c ɪ k ɘ mː ɔ ]_w
[_w k u j e n t e n ]_w
[_w a j i a u ]_w
[_w ɘ r ɔ ŋ ɛ j ]_w
[_w ʊ w ɔ l ɘː k ]_w
[_w ɘ r ɔ k ɘ b ]_w
[_w w ɔ m b ɔ ŋ ɘ b ]_w
[_w ɪ s ɘ n k ɛ n ]_w
[_w f u k o u b o ]_w
[_w k ʊ c ɪː k ɪ m ɪ ]_w
[_w b ɘ n ɘ w ]_w
[_w f ɘ ŋ ʊ m ɪ ]_w
[_w t aː ɲ i ]_w
[_w m ɘ t aː ɲ i e ]_w
[_w f u r iː ŋ u l ]_w
[_w ɡ u m b uː r ]_w
[_w k u m eː l o ]_w
[_w k ɘ s ɪ k ɔ m ɪ ]_w
[_w l ɛ ɡ ɔː l ]_w
[_w ɔː l ʊː l ]_w
[_w w ɘː n ɘ w ]_w
[_w u j e ɡ e t i ]_w
[_w k eː l aː k ]_w
[_w k ɘ r ɛ ɛ t ɛ n ]_w
[_w m b uː r ]_w
[_w k u p u r u m i ]_w
[_w k ʊ j ɪ d ɔ ]_w
[_w n ʊ s ɛ n ʊ m ɪ ]_w
[_w k ɘ b ɔ n k ɛ t ]_w
[_w k u n a b ]_w
[_w p u l a t oː r ]_w
[_w a p u t o ]_w
[_w f ʊ k ɔ ɔː l ]_w
[_w m ɘ t ɘ ]_w
[_w ɛ ɡ ɘː n ɔː l ]_w
[_w ɛ j ɔː m ]_w
[_w ɪ ɟ ʊ k ɔ m ]_w
[_w ɟ ɪ ɟ ʊ k ʊː l ]_w
[_w k u s uː m ]_w
[_w l ʊ s ɪ ɘ ]_w
[_w k oː m i ]_w
[_w k eː l e ]_w
[_w ɟ ɪ k ɘː n ɔ m ɪ ]_w
[_w m ɔ f ɔː l ]_w
[_w ʊ m ɘ ŋ ɛ ]_w
[_w k a l i l a k ]_w
[_w b ɘː t ɛ ]_w
[_w p ɔ n k ɛ t ]_w
[_w ɟ ɪ b ɛ t ɛ n ]_w
[_w m ɘ t ɔː b ɛ ]_w
[_w n ɘ n ɘ n ]_w
[_w k ɔː n ɔ m ɪ ]_w
[_w m ɘ n ɛ k ɘː n ɪ ]_w
[_w w ɘ j ɪ t ɔ m ɪ ]_w
[_w ɟ ɪ k ɘː n ɛ j ]_w
[_w k ɔː k ɛ ]_w
[_w k ʊ r ɛ ɡ ]_w
[_w r ɛ ɡ ɔ m ]_w
[_w k u m u s aː ɡ ]_w
[_w k u b uː m a ]_w
[_w w ɔː t ɛ ]_w
[_w k ɘ b ɘː w ]_w
[_w k ʊ r ɔ k ɘ ɔ m ]_w
[_w m ɘ m p ɪ ]_w
[_w b ɘ ɟ ʊː m ]_w
[_w b ʊ l ɘ k ɘː ʊ ]_w
[_w k ɘ n ɘː m ʊ t ]_w
[_w k ʊ ɟ ɘ w ʊ m ɪ ]_w
[_w w i l i ]_w
[_w k ɘ m ɘ l ɔː r ]_w
[_w k ʊ j ɘ b ʊ m ɪ ]_w
[_w k u c i mː i ]_w
[_w k ɘ ɟ ɛ n ɛ ]_w
[_w n ɘ s ɛ n ʊ t ]_w
[_w ɛ s ɘ n k ɛ n ]_w
[_w m ɘ f ɔ s ]_w
[_w ʊ s ɔː r ]_w
[_w k ɘ b ɔ ɲ ɘ ]_w
[_w j o r o ]_w
[_w ɟ i j i n e n ]_w
[_w b u l ]_w
[_w ɘ r ɘ m p ɛ n ]_w
[_w ɛ ɡ ɘː n ɪ ]_w
[_w b ʊ t ʊː k ɘ l ]_w
[_w p ɘ b ɘ ɡ ]_w
[_w ɘ b ɘ k ɔ ɛ ]_w
[_w b ʊː l ɔː l ]_w
[_w ʊ p ɪ l ]_w
[_w b a ɡ o n ]_w
[_w f ɘ ɟ ɘ k ɘː b ]_w
[_w ɛ n ɘ t ɘ l ɛ j ]_w
[_w s ɪ l ʊː p ɘ s ]_w
[_w m a j e m e ]_w
[_w t u n i j aː j ]_w
[_w s ʊː t ɘ s ]_w
[_w k a r iː ŋ e ]_w
[_w k ɘ m ɘ n ɟ ʊ t ]_w
[_w ɛ ŋ ɔː l ɛ n ]_w
[_w m ɘ n ]_w
[_w k ɘ m ɛː ŋ ɛ ]_w
[_w n ɘ ɟ ɔː n ɛ ]_w
[_w k ʊ ɟ ɘ w ]_w
[_w ɛ t ɘ m p ɛ n ]_w
[_w k ɘ m ɘ ŋ ʊ t ]_w
[_w k ɘ n ɛ w ɘ k ]_w
[_w ɟ ɪ s ɔ f ]_w
[_w ʊ ɟ ɘ w ]_w
[_w t ɘː t ɛ ]_w
[_w ɘ s ɘ m ɘ r ɪ ɘ ]_w
[_w l ɘ ɡ ɔ m ɪ ]_w
[_w k a r i d oː l ]_w
[_w p ʊ k ɘ n ɔː l ]_w
[_w k ʊ t ɪ ɔː l ]_w
[_w f ʊ ɟ ɪ l ɘ w ]_w
[_w ɛ j ɘ b ]_w
[_w p ʊ k ɘ n k ɘː n ]_w
[_w k ʊ l ɘ k ɔ ɘː l ]_w
[_w k o r o ]_w
[_w n ɔː t ɘː m ɪ ]_w
[_w ɛ ɲ ɔː s ɛ j ]_w
[_w m ʊ k ɪ l ɘ ]_w
[_w ɟ i k aː n u m ]_w
[_w c ɪ c ɘ ŋ ɘː k ]_w
[_w k u m uː n a ]_w
[_w ʊ r ʊ l ɛ n ]_w
[_w ɘ nː ɘ s ]_w
[_w l ɛː k ʊ ɟ ʊ k ]_w
[_w b ʊ k ɔː ]_w
[_w f ɔː m ]_w
[_w k ɘ s ɘ l ɘ k ɔ ]_w
[_w k u f i m a ]_w
[_w ɟ ɪ ɟ ʊː m ɛ ]_w
[_w k ɘ k ɘː ɲ ɛ n ]_w
[_w k ʊ l ɔ l ]_w
[_w ʊ l ɛ t ]_w
[_w f a l i ŋ aː k ]_w
[_w ʊ k ɘ mː ɔ ]_w
[_w f ɘ ŋ ]_w
[_w k ɔː l ɪ j ɔ ]_w
[_w e t u m b aː j ]_w
[_w b ɘ n k ʊ m ɪ ]_w
[_w m ɘ w ʊ ŋ ɘ m ]_w
[_w ɘ s ɛ n ɔː m ɪ ]_w
[_w ɟ ɪ l ɘ t ʊ m ɪ ]_w
[_w t ɛ r ɛ b ɛ ]_w
[_w f ʊ l ɘ k ɔ ɘː ʊ ]_w
[_w b a c iː n a p ]_w
[_w p ɘ t ɘː l ɘ ]_w
[_w ɛ ɡ ɪ l ɘ ]_w
[_w u b u r e j ]_w
[_w b oː l o l i ]_w
[_w k u j a h uː t ]_w
[_w ɡ ɘ r ʊ n k ɘː ʊ ]_w
[_w u l i n l i ŋ ]_w
[_w k ɘ m ɘ t ɪ ]_w
[_w k ɘ r ʊ n ɡ ]_w
[_w k ɘ m ɘ ŋ ]_w
[_w ɛ m ɘ n c ɘ f ]_w
[_w ɛ mː ɪ ]_w
[_w ɟ ɪ ɟ ʊ ɟ ʊ k ]_w
[_w k ʊ l ɪ m p ɪ s ]_w
[_w aː m a k ]_w
[_w ɘ ɟ ɪ n ]_w
[_w a j iː s e n a ]_w
[_w ɟ ɪ b ɘ ɟ ɛ m ɪ ]_w
[_w l ɔ f ]_w
[_w b u s i m a f ]_w
[_w k ɘ k ɔ d ʊ m ɪ ]_w
[_w d ɘ n ]_w
[_w n a p i l e u l ]_w
[_w k ɔ m ɔ r ɘ ]_w
[_w ʊ l ɘ k ɘː f ]_w
[_w ɟ ɘ k ]_w
[_w k u r o k u m ]_w
[_w m o r o ]_w
[_w ɟ ɪ d ɪ l ʊ l ]_w
[_w ɔː m ɘ ]_w
[_w k ɘ r ɘ ŋ ]_w
[_w k ʊ p ɘː l ɔ m ]_w
[_w a k o n a w ]_w
[_w ɟ ɪ c ɘ ŋ ɘː k ]_w
[_w ɘː n ɪː m ɪ ]_w
[_w k ʊ ɟ ɘ m ɘ b ]_w
[_w k ɔ b ]_w
[_w w ɘ p ɘ ɟ ɔ m ]_w
[_w k ʊ b ɔː j ]_w
[_w n ʊ ɟ ɘ n c ɘ m ]_w
[_w k a ɟ i m ]_w
[_w a l iː n o m ]_w
[_w ɟ ɪ r ɛ ɡ ]_w
[_w w aː l o iː l ]_w
[_w f ʊ n k ʊ l ]_w
[_w b ɛ t ɛ ]_w
[_w b a m ]_w
[_w n ɘ s ɛ n ɪː m ɪ ]_w
[_w t ɘ m p ɛ n ]_w
[_w n ɘ s ɛ n ɪː l ]_w
[_w k a k a l i ŋ ]_w
[_w p ɘ n ɘ ŋ ɘ r ]_w
[_w ʊ l ɘ w ]_w
[_w e ɟ i m ]_w
[_w u j iː k ]_w
[_w m ɘ ɟ ɔː n ɘ m ]_w
[_w ɘ b ɔ n k ɛ t ]_w
[_w n ɘ ɟ ɛ t ɛ ]_w
[_w f a ɟ u l e j ]_w
[_w ʊ b ʊ ɟ ]_w
[_w k u j iː s ]_w
[_w ɘ ɟ ɪ n ʊ m ɪ ]_w
[_w c i ɟ i l ]_w
[_w k ɘ b ɘ c ɛ m ɪ ]_w
[_w u s u s uː l ]_w
[_w w ɘ n ]_w
[_w k ɘ t ɛ ɡ ]_w
[_w f a k o j u m e ]_w
[_w p ʊ r ʊ ŋ ɘ b ]_w
[_w b ɘː t ʊ m ɪ ]_w
[_w ɔː t ɛ ]_w
[_w w ɔ l ɘ ]_w
[_w p ɘː b ʊ ]_w
[_w k ɘ j ɔ s ]_w
[_w k ɘ ɟ ɪ k ɛ r ]_w
[_w ɟ ɪ p ɘ b ɘ ɟ ]_w
[_w p u p aː r ]_w
[_w k a j i n e n ]_w
[_w ɟ ɘ k ɘː k ]_w
[_w ɟ ɘ ɡ ʊ t ]_w
[_w n ɪ c ɘ mː ɪ ]_w
[_w ɘ t ɘ ]_w
[_w b ɔː k ɪ ]_w
[_w m ɘ nː ɘ ]_w
[_w t ɛ m ɘ s ]_w
[_w e l iː l ]_w
[_w ɘ r ɔ ŋ ʊ m ɪ ]_w
[_w k u ɟ u p o ]_w
[_w k a m i ɡ ]_w
[_w j ɘː n ɔ ɛ ]_w
[_w ɛ ɡ ɔ l ɔ ŋ ]_w
[_w n ɪ ɟ ʊ k ʊ m ɪ ]_w
[_w a t aː ɲ i e ]_w
[_w ɛ b ɘ ɟ ʊ m ɪ ]_w
[_w k ɘ k ɘ mː ɪ ]_w
[_w w a t aː ɲ i e ]_w
[_w a j i n e n ]_w
[_w t ɘ p ]_w
[_w ʊ ɟ ɘː b ]_w
[_w ɛ w ʊː ɟ ɛ ]_w
[_w j u t a s ]_w
[_w b ʊ s ɔ f ɪ m ɪ ]_w
[_w k ɪː j ɘ ]_w
[_w u b u r aː u ]_w
[_w s ɘː l ɘ s ]_w
[_w j ɘ s ɛ n ʊː m ɪ ]_w
[_w k ʊ k ɘː n ]_w
[_w k u c i l ]_w
[_w p ʊ s ɔ f ]_w
[_w f ɘ p ɘ ɟ ]_w
[_w k ɘ t ɛ b ɔ ɛ ]_w
[_w k ɔː l ɘ ]_w
[_w d ɘ ɡ ʊ m b ɪ ]_w
[_w f a c u l e j ]_w
[_w p ɛ n ɛ n d ɔ ]_w
[_w k a b u m p ]_w
[_w u t i p ]_w
[_w f ɘ t ɪ j ɘː j ]_w
[_w t u k ]_w
[_w ɟ ɘ l ɛː b ɪ ]_w
[_w b ɘ n ɟ ɘː t ]_w
[_w b o r o ]_w
[_w ɛ b ʊ ɟ ɪ l ɘ w ]_w
[_w ɘ k ɘː n ɔ ]_w
[_w ɔː m ʊ ]_w
[_w k eː n a k ]_w
[_w ɛ s ɔ f ɛ m ɪ ]_w
[_w ɟ ɛ p ]_w
[_w j ɔː l ɪ j ɔ ]_w
[_w ɘ ɟ ɘ ŋ ɘ ]_w
[_w k ɘ ɲ ɛ n ɘ w ]_w
[_w f u b u t o e ]_w
[_w ɟ ɪ f ɘː n ]_w
[_w r ɔː r ʊ ]_w
[_w k ɘ l ɘ w ɔː m ɪ ]_w
[_w m ʊ l ɛː ]_w
[_w n ɘ ɟ ɘ mː ɪ ]_w
[_w ɛ l ɛ k ɛ n ]_w
[_w ɛ r ɘ s ɛ n ɘː m ]_w
[_w ɘ b ʊ ɟ ɘ w ]_w
[_w ʊ ɟ ʊ k ]_w
[_w l o i e ]_w
[_w ɛ m ɪ n ɘː s ]_w
[_w k ʊ r ʊ n k ɘː ʊ ]_w
[_w k ʊ l ɛː ŋ ɘ ɟ ]_w
[_w w ɘː w ʊ ]_w
[_w k a ŋ a r u m a ]_w
[_w k ʊ r ɔ ŋ ɘ b ]_w
[_w ɪ b ɪ l ʊ m ɪ ]_w
[_w ɘ ɟ ɘː m ɘ b ]_w
[_w m oː m i ]_w
[_w k ʊ m b ɘː k ]_w
[_w s ɛ m b ɛ ]_w
[_w k ɘ ɟ ʊː m ɛ ]_w
[_w f a t aː m a f ]_w
[_w r ɘː b ɪ ]_w
[_w b u ɟ eː ɡ ]_w
[_w ʊ w ɔ l ɪː w ]_w
[_w k ʊ f ɘ s ɔː r ]_w
[_w k ɘ k ɘ m ]_w
[_w k ʊ s ɘ t ʊ s ɪ ]_w
[_w ɟ ɪ s ɘ l ɔː l ]_w
[_w ɘ r ʊ n k ]_w
[_w p ʊ r ɘ b ʊ m ]_w
[_w k u c u b o ]_w
[_w k ʊ j ɘ p ]_w
[_w k ʊ k ɘ mː ɪ ]_w
[_w f ɪ l ɪ b ɘ ]_w
[_w b u b u t o ]_w
[_w e f u l e j ]_w
[_w l ɪ b ɔː r ]_w
[_w k u ɟ u p o m i ]_w
[_w k ʊ s ɔ f ɛ ]_w
[_w ɟ ɪ j ɘ b ]_w
[_w m ʊ k ɘː n ]_w
[_w f ʊ r ɪ m ɘ k ]_w
[_w ɟ ɪ k ɘː n ɛ ]_w
[_w ɘ b ɘ n ]_w
[_w s ɪ n ɘː ŋ ]_w
[_w aː m a ɡ a m ]_w
[_w ɘ t ɛ n ɛ ]_w
[_w b u r o k o l i ]_w
[_w m ɘ b ɘ ɟ ]_w
[_w f ʊ k ɔ b ]_w
[_w f ʊ t ɪː k ]_w
[_w ʊ s ɛ ]_w
[_w k ʊ f ɘ ŋ ]_w
[_w k ɘː n ɔ m ɪ ]_w
[_w e t iː w uː l ]_w
[_w k u k aː n u m ]_w
[_w ɛ b ɘ c ]_w
[_w f ʊ ɡ ɔ b ]_w
[_w d ɔː t ɔː t ɔ ]_w
[_w ɲ a t u m ]_w
[_w f u k o u k o ]_w
[_w ɟ ɪ k ɘ p ɘː t ]_w
[_w k ɘ n ɘ k ]_w
[_w l ɛ t ɘ b ɘ ɟ ɛ ]_w
[_w ɛ c ɪ b ʊ l ɔ n ]_w
[_w ɟ ɪ r ɔ h ɘː c ]_w
[_w ɪ j ɔː ]_w
[_w k u b o ɲ a ɡ ]_w
[_w f u l i r oː r e ]_w
[_w j ɔː k ɛ n ]_w
[_w d ɔ m ɘ s ]_w
[_w b ʊ s ɔ f ɔː r ]_w
[_w ɘ l ɘ k ɔ m ɪ ]_w
[_w m a l o i e ]_w
[_w ɘ ɟ ʊ mː ɪ ]_w
[_w m ɘ ɟ ɘ k ʊ m ]_w
[_w f i m e n a ]_w
[_w ɛ t ɔ k ɛ j ]_w
[_w ɘ f ɪ ʊ mː ɪ ]_w
[_w ɘ m p ɪ ]_w
[_w ʊ t ɘ n ]_w
[_w ɘ t ɪ ]_w
[_w b ɪː b l ɛ j ]_w
[_w s uː m iː m i ]_w
[_w k ʊ r ʊ n ]_w
[_w k a m eː l o ]_w
[_w t ɛ m ɘ ɟ ]_w
[_w b ɘ b ɘ ɟ ʊ m ɪ ]_w
[_w ʊ b ɘ ɟ ʊ t ]_w
[_w b ɘ n ɡ ɘː n ]_w
[_w k u c eː ŋ a k ]_w
[_w k o d i ]_w
[_w ʊ k ɪ l ʊ m ɪ ]_w
[_w k ʊ t ɛ b ]_w
[_w n ɪ k ɪ l ɘ ]_w
[_w ɛ b ʊ ɟ ɪ n ]_w
[_w w ɔː l ɪː l ]_w
[_w ɲ ɘ m ɛː ŋ ]_w
[_w n ɘː n ɪ ŋ ]_w
[_w ɘ k ɘː n ɛ m ɪ ]_w
[_w ʊ b ɪ k ɘ w ]_w
[_w w a s u mː i ]_w
[_w b ɘ n ʊ ɟ ɘ m ɪ ]_w
[_w t i n ]_w
[_w p ʊ k ɘː n ɪ ]_w
[_w s aː m a k ]_w
[_w ɘ t ɘ m b ɪ ]_w
[_w t ɔː k ɛ ]_w
[_w ɛ r ɘː n ]_w
[_w ɘ r ʊ n k ɛ j ]_w
[_w ɘː n ɔ ɛ ]_w
[_w m ʊ w ɘ ɲ ɘː m ]_w
[_w w ɘː t ʊ m ɪ ]_w
[_w ɪ m ɘ n ɟ ɘ m ]_w
[_w f ɘː n ɘ mː ɪ ]_w
[_w ɘ s ɛ n ɘː m ]_w
[_w ɛ s ɔ f ɛ ]_w
[_w n ɔː t ɘː l ɛ ]_w
[_w b ɘ n ɘ b ɪ l ]_w
[_w j ɘ t ɪ ]_w
[_w ʊ l ɔ ]_w
[_w p ɘ ɟ ɘː ɟ ]_w
[_w k ɘ j ɛ l ɘ ]_w
[_w ʊ k ɘ t ]_w
[_w n ɘ ɟ ʊː m ɛ n ]_w
[_w b u l o k a b ]_w
[_w ɟ ɪ r ɛ ɡ ʊ m ɪ ]_w
[_w ɟ ɪ m ɘ k ɘ mː ɪ ]_w
[_w k ɘ n ɛ ]_w
[_w ɘ k ɔ b ]_w
[_w k ɘ ɟ ɘ k ɛ ]_w
[_w i p u r ]_w
[_w ɟ u m b oː m ]_w
[_w n ɪ l ɘ k ɔ ɛ ]_w
[_w k ɘ r ɘː k ɘ l ]_w
[_w a k o l i m i ]_w
[_w ɘ s ɘ l ɘ k ]_w
[_w k u m a k ]_w
[_w p u r ]_w
[_w f ʊ j ɘː k ɘ ]_w
[_w n ɘ b ɘ ɟ ]_w
[_w ɘ c ɪ k ɛ r ]_w
[_w ɘ c ɘ k ʊ t ]_w
[_w ɘ m ɘ t ɪ ]_w
[_w ʊ ɲ ɛ n ɛ j ]_w
[_w k i r i ]_w
[_w k ɘ m ɘ b ]_w
[_w k ʊ p ɔː ɲ ]_w
[_w ɛ s ɘː f ʊː l ]_w
[_w k u m p uː r e j ]_w
[_w ɘː t ʊ m ɪ ]_w
[_w m ɪː j ɘ ]_w
[_w m ɘ c ɔː n ɛ ]_w
[_w k ɘ k ɘ mː ɔ ]_w
[_w ʊ b ɘ n ʊ ɟ ɘ w ]_w
[_w l oː k ]_w
[_w b ɘ f ɪ n t ɘ ɡ ]_w
[_w k ʊ k ɘ c ]_w
[_w ɛ w ʊː ɟ ]_w
[_w k ʊ t ɪ ɔ m ]_w
[_w k u l a m u k ]_w
[_w ɛ s ɘ l ɛ j ]_w
[_w k ɘː n ɔː l ]_w
[_w k ɔː t ɛ ]_w
[_w k ʊ r ɛ k ]_w
[_w b ɪː ŋ ]_w
[_w ɛ l ɘ ɡ ɔ m ɪ ]_w
[_w ɘ k ɘ mː ɔ ]_w
[_w ɛ ɡ ɘː l ]_w
[_w k ɘ j ɔː ŋ ]_w
[_w ɟ ɘ t ɪː t ]_w
[_w ɘ k ɘː n ɛ ]_w
[_w a p uː m aː u ]_w
[_w n ɘ j ɪ t ɘ c ]_w
[_w s ɔː t ɛ ]_w
[_w a l a b u t o ]_w
[_w w ɘ k ɘ mː ɪ ]_w
[_w k ʊ k ɘ m ɛ n ]_w
[_w ɘ r ɔ ŋ ɛ n ]_w
[_w n aː t i ]_w
[_w k ʊ b ɪ l ]_w
[_w a r iː ŋ e j ]_w
[_w ɘː n ɔ ]_w
[_w ɛ r ʊ m ]_w
[_w s ɘ m b ʊ n ɘ s ]_w
[_w k ʊ ɟ ɔ ɟ ɛ n ]_w
[_w ɘ w ɘ r ʊ t ]_w
[_w ɟ ɪ k ɘ t ɛ n ]_w
[_w n ɘ ɟ ɔː n ɘː ʊ ]_w
[_w m ɘ l ɛ ɡ ɛ n ]_w
[_w k ʊ k ɪ l ɘ ]_w
[_w ʊ r ɘ m p ɛ n ]_w
[_w ɟ i ɟ i l oː l ]_w
[_w b ʊ t ɔ m ɪ ]_w
[_w ʊ s ɘ n ɡ ɛ n ]_w
[_w w u l i ]_w
[_w k ʊ ɲ ɪː l ɘ ʊ ]_w
[_w u l i n t a ]_w
[_w ɲ a k o n ]_w
[_w ʊ ɲ ɪ l ɪ ɲ ɪ l ]_w
[_w d u l u ]_w
[_w ɘ m ɪː c ɛː l ]_w
[_w n ʊ b ɘ ɟ ɘː l ]_w
[_w b o l i a k ]_w
[_w k ɔ l ʊ k ɔ t ɘ ]_w
[_w p ɘ l ɘ k ɔ m ɪ ]_w
[_w u j e k e t a w ]_w
[_w ɘ k ɛː n ]_w
[_w s ɘ ɟ ɘ k ]_w
[_w k u t aː ɡ u l ]_w
[_w a r iː ŋ ]_w
[_w k ʊ r ʊ n k ɘ f ]_w
[_w b ʊ ɡ ɘː n ]_w
[_w ɘ b ɘ ɟ ɛ ]_w
[_w f ʊ n ɡ ʊ l ]_w
[_w ɟ ɪ s ɔ f ʊ m ɪ ]_w
[_w ʊ ɟ ʊː p ɔ ɛ ]_w
[_w k ɘː n ɛ j ]_w
[_w k ʊ l ɪ ]_w
[_w h ɛ r ɔ t ]_w
[_w k a j i n i m i ]_w
[_w s ɪ w ɛː r ]_w
[_w b ɘ c ɘ f ]_w
[_w ɘ b ɘ ɡ ɛ n ]_w
[_w n ɘ t ɘ l ɛ j ]_w
[_w t ɔː t ɔː t ɔ ]_w
[_w f ɔː t ɛ ]_w
[_w s ɪ l ɛ t ]_w
[_w ɘ ɟ ɘ w ʊ m ɪ ]_w
[_w m ɘ s ɛ n ɘː m ]_w
[_w t ɪ l ʊ l ]_w
[_w w ɘ ɡ ɪ l ʊ m ɪ ]_w
[_w ɘ f ɘː n ]_w
[_w k ɘ l ɘ w ʊ m ɪ ]_w
[_w k ʊ b ɘ ɟ ɘː ʊ ]_w
[_w k ɘ l ɛ p ɔː r ]_w
[_w w ɘ ʊ ]_w
[_w f a j u i m i ]_w
[_w b ɘ ɟ ɘ f ]_w
[_w ɘ b ɘ ɡ ]_w
[_w f ɘ ŋ ɛ ]_w
[_w b ʊ b ɛː p ɛ n ]_w
[_w b ʊ k ɔː k ɛ ɪ ]_w
[_w ɘ j ɘ p ɛ j ]_w
[_w ɘ m ɔ n d ʊ m ɪ ]_w
[_w ɪ s ɔ f ]_w
[_w ɘ b ɘ k ]_w
[_w ɘ b ɔ ɲ ɘ ɔ m ]_w
[_w k u s i m o m ]_w
[_w w ɘ s ɛ n ɘ mː ɪ ]_w
[_w f ʊ ɡ ɘ r ɘː j ]_w
[_w b ʊ b ɘ ɟ ʊ m ɪ ]_w
[_w b ʊ ɟ ɪ l ɘ ]_w
[_w b u t e b a b ]_w
[_w ɟ ɪː k ]_w
[_w ʊ ɡ ɘː l ]_w
[_w k a n ɡ u m ]_w
[_w ɘ r ɪː b ɘ ɪ ]_w
[_w ɛ b ɘ ɟ ɛ ]_w
[_w k ɔː n ɪ ]_w
[_w a f a c u l i ]_w
[_w m ɘ ɟ ɘ k ɘ m ]_w
[_w k ʊ j ɘ b ɘ c ]_w
[_w n ɘ s ɛ n s ɛ n ]_w
[_w k a s uː m e ]_w
[_w ɘ s ɛ n ʊː l ]_w
[_w c ɪ l ɛː ŋ ɘ ɟ ]_w
[_w b ʊ k ɪ l ɘ ]_w
[_w n ʊ ɟ ɘ n ɟ ɘ m ]_w
[_w ʊ p ɘ ŋ ]_w
[_w ɛ j ɪ n ɡ ʊː l ]_w
[_w ɛ p ɔ r ]_w
[_w k ɘ ɟ ɪ n l ɛ n ]_w
[_w e p u r u m i ]_w
[_w f a k ]_w
[_w n ɘ b ɘ b ɘː t ]_w
[_w u t a k a s ]_w
[_w s ɪ k ɘ b ]_w
[_w e t i p ]_w
[_w ɘ k ɪ l ɘ ]_w
[_w j ɘ ɟ ]_w
[_w k ʊ k ɘ ɟ ɛ t ]_w
[_w ɛ w ɔ l ɪ m ɪ ]_w
[_w d ɘ m p ɪ ]_w
[_w ɘ b ɪ l ʊ m ɪ ]_w
[_w b ʊ l ɛ ]_w
[_w t ɔ r ʊ ɡ ɘ ]_w
[_w ɟ ɘ r ɪ ɛ r ɪ ]_w
[_w ɘ ɟ ɘ mː ɔ m ɪ ]_w
[_w ɘː n ɪː l ]_w
[_w f ʊ j ɘː k ɘ k ]_w
[_w f ɔː n ɛ ]_w
[_w ɘ c ɘ w ]_w
[_w ɘ ɡ ɪ l ɘ ]_w
[_w b ʊ k ɘ n ɔ m ]_w
[_w a p uː m e ]_w
[_w m a t aː ɲ i ]_w
[_w ɘ ŋ ɘ r ]_w
[_w k ɘ ɟ ʊː m ɛ r ]_w
[_w a b u r ]_w
[_w k ɘ j ɘ p ɔ ʊ t ]_w
[_w ɘ w ɘ ɲ ɘː k ]_w
[_w m ɔː l ɪ f ɔ ]_w
[_w ɘ s ɘ m ɘ t ɘː k ]_w
[_w c ɪ ɟ ʊ k ]_w
[_w ʊ r ɘ m b ɛ n ɘ ]_w
[_w s ɘ w ʊː ɟ ɛ j ]_w
[_w k ʊ l ɛ j ]_w
[_w k a ɡ o n ]_w
[_w f u m b oː m ]_w
[_w ɘ r ɘː n ]_w
[_w ɟ ɪ m ɘ w ]_w
[_w k ʊ c ɘ w ʊ l ]_w
[_w b ʊ l ɔ ]_w
[_w k ɘ r ɛ ]_w
[_w k ʊ ɟ ɪː k ɪ m ɪ ]_w
[_w k ʊ r ɪ m ]_w
[_w w ɘ r ɔ ŋ ɛ j ]_w
[_w ɛ ɟ ɘ w ʊ m ɪ ]_w
[_w a r iː ŋ e ]_w
[_w b ʊ ɟ ɪ l ɘ t ]_w
[_w m ɔ f ɘ m ]_w
[_w b ɘ ɟ ɘ k ʊ t ]_w
[_w f ʊ j ɪː f ɘ f ]_w
[_w k ɘ t ʊ m ɪ ]_w
[_w ʊ c ɪ n ]_w
[_w u k a m u n ]_w
[_w a b u r u m ]_w
[_w k ɘ ɲ ɘ k ]_w
[_w ɟ ɪ t ɔː ŋ ]_w
[_w s ɪ m ɪ n ɘː s ]_w
[_w ʊ w ɔ n k ɔ m ]_w
[_w f ɘ b ɘː k ]_w
[_w m u b u t o ]_w
[_w ʊ b ɘ n ʊ m ɪ ]_w
[_w w ɘ b ɘ ɟ ɛ ]_w
[_w f u k o l i ]_w
[_w ɛ ɡ ɔ b ɛ j ]_w
[_w m a p u t a ]_w
[_w k u r iː ŋ u l ]_w
[_w k ɘ ɟ ʊː p ɔ ɛ ]_w
[_w ɛ b ɘ n ɛ l ɘ ɡ ]_w
[_w ɘ ɟ ʊ k ]_w
[_w ɘ r ɛ ɛ n ɘ k ]_w
[_w ɟ i p aː r ]_w
[_w e s i ɡ i l o ]_w
[_w n a k o n a k ]_w
[_w k u t e ɡ ]_w
[_w l ɛ t ʊ b ɘ ɟ ]_w
[_w k ʊ b ɘ ]_w
[_w n ɘ ɟ ɛ t ]_w
[_w k ʊ r ɛ r ɛ ]_w
[_w ɟ a p u r u l o ]_w
[_w p ɘ n ɡ ɘː n ]_w
[_w j ɘː j ɘ ]_w
[_w m ɘ f ɔ s ɘ m ]_w
[_w k ʊ ɲ ɛ s ]_w
[_w d a k o n a n ]_w
[_w b ɔː b ɛ ɪ ]_w
[_w ɘ k ɘː n ʊ m ɪ ]_w
[_w f u m eː l a f ]_w
[_w b ɘ n ɘ f ɘ ]_w
[_w s ɪ s ʊ k ɘ s ]_w
[_w a l i ŋ e n ]_w
[_w ɔː m ʊ ɛː n ]_w
[_w ʊ j ɘ b ]_w
[_w ɪ ŋ ɔː l ɛ n ]_w
[_w ɛ m ɪ t ɛ j ]_w
[_w ɛ b ɪ l ɛ m ɪ ]_w
[_w n ɘ f ɘ ŋ ɛ ]_w
[_w k ɘ ɲ ɔː n ɘ k ]_w
[_w ɔː l ɪ ]_w
[_w k u p uː m a ]_w
[_w ɘ l ɛː b ɘ b ]_w
[_w ʊ s ɘː n ɘː w ]_w
[_w ɟ ɪ l ɛː ]_w
[_w b a b uː m aː u ]_w
[_w k ʊ b ɔ ɲ ]_w
[_w ɡ ʊ k ɘː n ɛ ]_w
[_w k ɘ f ɔ k ɘ k ]_w
[_w t ɪː t ɔ ]_w
[_w f ɘ t ɛ b ɛ n ]_w
[_w ɟ ɪ m ʊ k ɔː r ]_w
[_w m ɔː l ɘ ]_w
[_w s ɪ b ɘ ɟ ]_w
[_w b ʊ ɡ ʊ ]_w
[_w s i m eː t a r ]_w
[_w ɘ b ɔ ɲ ɪ m ɪ ]_w
[_w ɛ j ɪ n ɡ ɛ j ]_w
[_w ɔː t ɘː l ɛ ]_w
[_w ɟ ɪ b ɘ k ɪː r ]_w
[_w ɘ s ɛ n ʊ t ]_w
[_w f ɘ ɡ ɔː r ɘ f ]_w
[_w ɘ b ɪ l ]_w
[_w k u p u t aː k ]_w
[_w s aː u t ]_w
[_w s ɔ t ɔ m ]_w
[_w k ɘ b ɛː t ɔ ɛ ]_w
[_w b ɘ f ɘ ŋ ʊ m ɪ ]_w
[_w ɘ s ɘ n k ɛ n ]_w
[_w ɟ ɪ k ɘː n ʊ t ]_w
[_w m ɘ n s ɪ ]_w
[_w w ɘ m ɛː ŋ ɛ ]_w
[_w ɘ j ɘ b ʊ m ɪ ]_w
[_w k ɘ m b ɔ m ɪ ]_w
[_w ɘ m p ɘː w ]_w
[_w k ɘ s ɪ k ɔ ɛ ]_w
[_w k a k o l i a k ]_w
[_w u l aː b aː n ]_w
[_w k ɘ ɲ ʊː m ʊ l ]_w
[_w k u b u r u m ]_w
[_w n ɔː l ɘ ]_w
[_w k ʊ m ɘ ŋ ʊ m ɪ ]_w
[_w k ɘ ɪ n ]_w
[_w k ʊ ɟ ɘ n ɟ ɘ ]_w
[_w b ʊ c ɪ n ]_w
[_w b ɘ l ɘ t ɘ p ]_w
[_w ɛ w ɔ l ]_w
[_w n ɘː t ɛ ]_w
[_w ɘ l ɪː n ɘ ]_w
[_w b u w o l u m ]_w
[_w f ʊ ŋ ɔː l ɛ n ]_w
[_w k ʊ ɟ ɛ ɟ ɛ d ɛ ]_w
[_w ʊ f ʊ ]_w
[_w e l i n k aː j ]_w
[_w b u p aː r ]_w
[_w b ɔ n t ɔ ŋ ]_w
[_w ɟ ɘ r ɪ ]_w
[_w k ʊ l ɛː p ɘ b ]_w
[_w b ɘ r ɔ ŋ ɛ j ]_w
[_w s a n k i ]_w
[_w s ɘ ɟ ɛ ɛ m ɪ ]_w
[_w ɟ ɛ r ɛ r ɛ k ]_w
[_w k ɘ m b ɪ ]_w
[_w ɛ b e ]_w
[_w b iː n aː t ]_w
[_w ɘ w ʊː ɟ ]_w
[_w ɘ j ɘ b ]_w
[_w k u c i l o m i ]_w
[_w ɘ f ɪ n d ɔ ɛ ]_w
[_w n ɘ j ɘ b ɛ m ɪ ]_w
[_w k ʊ t ʊ n d ɛ j ]_w
[_w b ɛː t ]_w
[_w b ɘ l ɪ n d ɘ k ]_w
[_w b a ɡ o l i m i ]_w
[_w l oː k u l ]_w
[_w e r iː ŋ ]_w
[_w ɛ t ɔ k ɛ n ]_w
[_w n ɘ l ɘ k ]_w
[_w k u ɟ i l a k ]_w
[_w ɟ i l a u l ]_w
[_w ɟ ɘ c ɘ k ʊ t ]_w
[_w ɟ ɪ k ɛ r ɛ ]_w
[_w c ɪ r ɪ ]_w
[_w k ɘ j ɔː l ]_w
[_w n ɔː m ]_w
[_w f u b a k u n ]_w
[_w t u ɟ ]_w
[_w k ɘ k ɘ ɟ ɛ n ]_w
[_w j ɪ d ɔ ]_w
[_w k ɘ p ɪ l ɛ j ]_w
[_w j ʊː t ɪ ]_w
[_w k ʊ j ɛ t ʊ t ]_w
[_w k ʊ r ɪ m ɔ m ]_w
[_w t ʊ t ʊ r ɔ ]_w
[_w k u j iː s e n ]_w
[_w e s i ɡ i r i ɡ ]_w
[_w w aː m a ɡ ]_w
[_w f ɪ ɟ ɪ ɟ ɪː k ]_w
[_w ɪ k ɔ n ɪ ]_w
[_w ɛ b ʊ ɟ ɔ m ]_w
[_w ɘ b ɔ l ɔ ]_w
[_w m ɘ h ɘ ŋ ]_w
[_w s ɘː s ʊ ]_w
[_w n ɘ r ɔ ŋ ɛ ]_w
[_w ɟ ɪ k ɘ b ]_w
[_w ɘ r ɘː n ɘ b ]_w
[_w k ɘ f ɪ ʊ m ]_w
[_w ɛ s ɔ f ɔː l ]_w
[_w k ɘ t ɛ b ɔ ]_w
[_w w ɘ c ɘ k ]_w
[_w t oː r o ]_w
[_w ɪ s ɪ r ɘ ]_w
[_w ɛ m ɪ n ɪ t ]_w
[_w e j iː s ]_w
[_w m ɔ f ɪː l ]_w
[_w ɛ b ʊ c ]_w
[_w f ʊ p ɘ ɟ ɔ ʊ t ]_w
[_w n ʊ s ɔ f ʊ m ɪ ]_w
[_w k ʊ l ɘ k ɔ ]_w
[_w n ɘ b ɔ ɲ ɪ m ɪ ]_w
[_w a j iː s e n ]_w
[_w ɛ ɟ ɛ t ]_w
[_w ɘ f ɘ ŋ ɘː f ]_w
[_w j ɔː l ɪː l ]_w
[_w k ɘ l ɘ t ]_w
[_w ɘ k ɘ ɪ ɘ ]_w
[_w ɘ k ɘː n ]_w
[_w k ɘ k ʊ m ]_w
[_w ɪ ɲ ɛ s ʊ t ]_w
[_w s ɪ r ɛ ɡ ʊ m ɪ ]_w
[_w ɘ b ɘ k ɔ ɘː l ]_w
[_w f aː m a k ]_w
[_w p a r iː ŋ e n ]_w
[_w ɛ b ʊ n t ʊː l ]_w
[_w l ɛ t ɘ r ɘ ]_w
[_w e b u k ]_w
[_w k ɘ p ɘ ŋ ]_w
[_w ʊ ɟ ɘ mː ɪ ]_w
[_w b ɔː l ɪ j ɔ ]_w
[_w j ɔː l ɘ ]_w
[_w p u w uː l ]_w
[_w k ʊ r ɛ t ɛ ]_w
[_w m ɘ s ɪ k ɛ n ]_w
[_w ɘ ŋ ɘ r ɪ m ɘ k ]_w
[_w p a l u t a p ]_w
[_w w ɘ c ɛ ɛ ]_w
[_w b ɘ k ɘː n ]_w
[_w ɘ b ɘ ɟ ɔ ʊ t ]_w
[_w m ʊ k ɘː n ɘ ]_w
[_w k ʊ f ɘ ŋ ɛ ]_w
[_w n ɘ m b ɪ ]_w
[_w k a t i b aː k ]_w
[_w ɡ a t i e n e ]_w
[_w b a p uː m aː u ]_w
[_w ɘ l ɘ w ɘ ]_w
[_w k ɘː n ɔː m ɪ ]_w
[_w i r iː ŋ u b o ]_w
[_w t ɛ j ]_w
[_w n ɘ b ɪ l ɛ j ]_w
[_w k ʊ b ɘ k ]_w
[_w m ɘ n k ɘː n ]_w
[_w b ʊ n ʊ k ]_w
[_w ɟ ɪ r ɘ m p ɛ n ]_w
[_w e ɟ u e j ]_w
[_w w ɔː l ʊː l ]_w
[_w j ʊ l ɪ ɔ ]_w
[_w n ɘ m ɘ ŋ ɘ k ]_w
[_w ɘ p ɪː m ɪ ]_w
[_w l ʊː t ]_w
[_w ɟ a b uː r a ]_w
[_w ʊ b ɘ n ]_w
[_w k ʊ f ɪ ʊ m ]_w
[_w f u m p uː r e j ]_w
[_w k ɘ f ɪ n t ɘ k ]_w
[_w n ɘ n ɘ n ɪ ɘ s ]_w
[_w k u l i r oː r ]_w
[_w m ɘ n d ɪ ɔ k ]_w
[_w k ʊ ɟ ɘ ŋ ɘː ɟ ]_w
[_w ɘ ɟ ɘ k ]_w
[_w ɟ ɪ b ɘ n ]_w
[_w u l a u l ]_w
[_w ɛ b ɔː j ]_w
[_w k ɘː n ɛ ]_w
[_w d ɘ t ɪ ]_w
[_w n u j iː s e n ]_w
[_w b ɘ l ɪ n d ]_w
[_w k ɘ mː ɪ ]_w
[_w k ɘ b ɛ d ]_w
[_w f ɘ f ɪː t ɛ ]_w
[_w k ɘ b ʊ ɲ ɘ k ]_w
[_w k ɔː l ɪ k ɔ ]_w
[_w k a m a l oː r ]_w
[_w k ɘ r ɔ ŋ ]_w
[_w k ʊ k ɔ j ʊ m ɪ ]_w
[_w t ɛ s ɘ m b ʊ r ]_w
[_w b ʊ k ɘ n ɘ ]_w
[_w k ɔː n ɛ m ɪ ]_w
[_w ʊ m ɘ ŋ ]_w
[_w ɛ ɡ ɘ k ɘː l ]_w
[_w b ʊ k ʊ ]_w
[_w t u l eː j ]_w
[_w b ɘ n ɘ n ]_w
[_w m ɘ t ɘ ɡ ]_w
[_w n ɘ k ɘ f ]_w
[_w b ɘ t ɔ l ɔ m ɛ ]_w
[_w m ʊ r ɘː n ]_w
[_w ɟ ɪ f ɪ ʊ m ɘ ɡ ]_w
[_w s ɔ f ]_w
[_w ɲ ɪ w ʊ ɟ ɘ ɲ ]_w
[_w p ɘ n ɘ w ]_w
[_w ɟ ɪ j ɘ p ]_w
[_w m ɘ c ɘ k ʊ t ]_w
[_w b u j a b oː r ]_w
[_w k ɘ n k ɘː n ]_w
[_w k ɘ m ʊː t ɛ n ]_w
[_w s ɪ k ʊ m b ɪ ]_w
[_w m ʊ w ɘ ɲ ɘː k ]_w
[_w s ɪ n ɟ ɘ n ]_w
[_w b ʊ ɟ ɪ ]_w
[_w ɟ ɔː l ɘ ]_w
[_w p ɔː b ɛ ɪ ]_w
[_w l ʊ s ʊ t ʊ r ɘ ]_w
[_w s ʊː t ʊː l ]_w
[_w ɲ ɘ m ɛː ŋ ɛ j ]_w
[_w b ɛ t ɛ n ɪ ]_w
[_w n ɘ r ɛ ɡ ɛ ]_w
[_w u k u n a b ]_w
[_w ɪ m ɘ ŋ ɛ ]_w
[_w ɛ ɡ ɔ l ɛ j ]_w
[_w n ɘ j ɘ b ʊ m ɪ ]_w
[_w k ʊ b ʊ b ʊ ɟ ]_w
[_w b ɔ m b ɔ ŋ ]_w
[_w n ɘ ŋ ɘ r ʊ m ɪ ]_w
[_w ɟ ɪ b ʊ l ɔ ]_w
[_w b ɘ n ɛ l ɘ k ]_w
[_w b ɛ r ʊ k ɛ ]_w
[_w s i s u k ]_w
[_w k ʊ ɟ ɪ b ʊ c ]_w
[_w n ʊ ɟ ɘ w ɔː r ]_w
[_w ʊ t ʊ m ɔ m ]_w
[_w b ɘ ɟ ɘ k ɛ ]_w
[_w k ɘ p ɛ ŋ ɘ k ]_w
[_w n ɘ b ɘ b ɘ ɟ ]_w
[_w b a k u m ]_w
[_w b u j e ɡ e t ]_w
[_w p ʊ j ʊ b ɘ ]_w
[_w n ɛː n ɛ ]_w
[_w b u l a ]_w
[_w ɟ ɪ b ɘ k ]_w
[_w k ʊ ɟ ɔ ɟ ]_w
[_w k ʊ r ɪː b ɘ ɔ m ]_w
[_w b ɘ n ɟ ɪ b ɘ ɟ ]_w
[_w s ɛ n ʊ m ɪ ]_w
[_w ɪ l ɘ k ɔ m ɪ ]_w
[_w w ɘ f ]_w
[_w ɟ i l i ]_w
[_w s ɪ s ɔ s ɔ f ]_w
[_w n ɘ b ɔ ɲ ]_w
[_w ɟ i l a k ]_w
[_w ɟ ɛ b ɪː l ]_w
[_w t ɘ r ʊ s ]_w
[_w n ɪ n s ɪ ]_w
[_w b u r o m ]_w
[_w s ɔː l ɪː l ]_w
[_w k oː l o l i ]_w
[_w ɘ ɟ ʊː m ]_w
[_w j ɔː l ɪ ]_w
[_w r ɘː r ʊ ]_w
[_w ɘ k ɘ t ɛ p ɔ ]_w
[_w b ɘ f ɘ ŋ ɛ ]_w
[_w b ɪ b l ɛ j ]_w
[_w s ɪ r ɘ h ]_w
[_w ɘ ɟ ɘː m ]_w
[_w k ɔ m ɪ t ɘː s ]_w
[_w u j e ɡ e t ]_w
[_w k ʊ ŋ ɘ b ɪː l ]_w
[_w b ɘ n k ʊ r ɔ k ]_w
[_w ɘ ɡ ʊ l ɘ t ɔː r ]_w
[_w b ɘ m p ɘ ɪː l ]_w
[_w k ʊ b ɘː l ɔ m ]_w
[_w k ʊ ɟ ʊː m ɛ ]_w
[_w n ɘ f ɘ ŋ ʊ m ɪ ]_w
[_w b ʊ ɡ ɔː ]_w
[_w f a ɟ u l ]_w
[_w f ʊ f ɘ ŋ ʊ m ɪ ]_w
[_w ɘ b ɘ ɟ ʊ m ɪ ]_w
[_w ɔ mː ɪ ]_w
[_w w ɘ c ɘ ʊ m ɪ ]_w
[_w ɘ l ɛ k ɛ n ]_w
[_w w ɘ ɟ ʊː p ɔ ɛ ]_w
[_w ɘ r ʊ n k ɘ ɔ m ]_w
[_w d ɛ s ɘ m b ʊ n ]_w
[_w m ʊ w ɘ ɲ ɘː j ]_w
[_w k ʊ r ɪ m ɘ k ]_w
[_w j ɔː l ɪ b ɔ ]_w
[_w m ʊ l ɪ b ɘ ]_w
[_w k a l i n t a w ]_w
[_w k ɘ l ɛ ɡ ɛ n ]_w
[_w k ʊ f ɘ k ɛ ]_w
[_w k u k a l aː k ]_w
[_w ɛ m ɪ d ɛ j ]_w
[_w m b uː r e j ]_w
[_w k a p u r ]_w
[_w s n r ɘ s p ]_w
[_w ɛ c ɪː l ɘ ]_w
[_w ɘ l ɘ k ɘː m ɪ ]_w
[_w ɘ r ɔ ɡ ɘ w ]_w
[_w k ɪ l ɘ ]_w
[_w f ʊ f ɛ n ɘ f ]_w
[_w k u r iː ŋ u t ]_w
[_w l ɔ ɘ s p ]_w
[_w k ʊ t ɛ ɡ ]_w
[_w ɟ ɪ f ɘ ŋ ]_w
[_w b aː m a ɡ a l a ]_w
[_w ɘ j ɘ b ɛ m ɪ ]_w
[_w m ʊ b ɪ l ʊ m ɪ ]_w
[_w a p u r aː u ]_w
[_w n ʊ r ɛ ɡ ʊ t ]_w
[_w r ɛ k ɔ m ]_w
[_w ɘ m ɘ t ɘ t ɪ ]_w
[_w ʊ n ɛ w ɘ k ]_w
[_w ɪ l ɛː ]_w
[_w f ɘː t ɛ ]_w
[_w ʊ r ɛː s ɪː l ]_w
[_w f ʊ t ɘ m b ɘ ɟ ]_w
[_w k u k a l i ŋ ]_w
[_w ʊ l ɛ ɡ ɘː w ]_w
[_w m ʊ l ɘ k ɔ m ɪ ]_w
[_w b a b uː m e ]_w
[_w a b o t u l ]_w
[_w ɟ ɔː t ʊ m ɪ ]_w
[_w ɘ l ɔ f ʊ m ɪ ]_w
[_w n a c u p o m i ]_w
[_w ɟ i l i r oː r ]_w
[_w k a k a m u n i ]_w
[_w w a r iː ŋ e j ]_w
[_w s ɪ k ɔ m ɪ ]_w
[_w ɛ s ɛ n ɪ ]_w
[_w ɘ l ɛ p ɔː r ]_w
[_w m ɔː m ]_w
[_w k a m oː r i e ]_w
[_w ɛ ɟ ʊ k ɛ m ɪ ]_w
[_w ɟ ɪ b ɪ l ʊ m ɪ ]_w
[_w f u k a w ]_w
[_w ɛ r ɛ ɡ ɪ m ɪ ]_w
[_w f u k o u m o ]_w
[_w f ʊ t ɪ ŋ ɘ k ]_w
[_w k ʊ c ɛː n ]_w
[_w k ɘ s ɘː f ɘ ɡ ]_w
[_w k u l i n t a ]_w
[_w n ɘ l ɘ k ɔ m ɪ ]_w
[_w k ʊ l ɔ l ɔ ]_w
[_w ɘ b ɔː j ɘ k ]_w
[_w a b u r aː u ]_w
[_w k ɘ t ʊ n ɔː r ɛ ]_w
[_w ɛː t ʊ t ]_w
[_w ɘ p ɔː j ɘ ]_w
[_w ɟ ɪ k ɔ b ]_w
[_w k u r oː m a ]_w
[_w k ʊ ɟ ɔ ɟ ɘ f ]_w
[_w k ɘ r ʊː k ɛ n ]_w
[_w ɟ i n iː n e ]_w
[_w n ɘ ŋ ɘ r ɪ m ɪ ]_w
[_w w ʊː ɟ ʊ t ɔ ]_w
[_w f ɔ n ɛ ɡ ɪ ɘ ]_w
[_w f a k o n ]_w
[_w k ʊ ŋ ɔː l ɛ n ]_w
[_w k ʊ c ɘ mː ɪ ]_w
[_w j ɘ s ɛ n ɛ j ]_w
[_w c ɪ s ɔ m ɪ ]_w
[_w i n ɟ e ]_w
[_w s ɘ ɟ ʊː p ɔ ɛ ]_w
[_w ɘ ɟ ɪ k ɛ r ]_w
[_w ɘ r ʊ n k ɘ ]_w
[_w k ʊ m p ɘ ]_w
[_w k ʊ ɟ ɛ t ]_w
[_w f ʊ ɡ ɛ r ɛ ]_w
[_w c ɪ r ɘː k ɘ l ]_w
[_w ɟ ɪ r ɔ ŋ ]_w
[_w w ɔː l ɘ ]_w
[_w b ɪː ŋ ɔː l ]_w
[_w k ʊ n k ʊː l ]_w
[_w k u ɟ i l iː l ]_w
[_w b u j iː k a b ]_w
[_w b ʊ r ɪ ɔ ɛ ]_w
[_w ʊ ɟ ʊ k ʊ m ɪ ]_w
[_w ɟ ɪ b ɪ l ]_w
[_w n ɘ s ɔ f ɔː r ɔ ]_w
[_w ɘ s ɛː k ɪ ]_w
[_w w ɘ n ɔː w ɘ n ]_w
[_w ɘ b ɪ ɘ ]_w
[_w a s i m a f ]_w
[_w l ʊ w ɘː s ]_w
[_w b a n t o m i ]_w
[_w k ʊ b ʊ c ɔː l ]_w
[_w ɛ ɲ ɘ b ɛ j ]_w
[_w n ʊ ɡ ɘ s ]_w
[_w f ɘ n ɔː s ɘ n ]_w
[_w p u s u s uː l ]_w
[_w p ʊ t ɔ m ɪ ]_w
[_w k ʊ l ɘ ɡ ɘː k ]_w
[_w j ɛ s ɛ ]_w
[_w w a c ]_w
[_w ɪ r ɛ k ʊ t ]_w
[_w ɘ s ɛ n ɪ ]_w
[_w p ɛ ɪ ]_w
[_w k ɘ r ɘː j ]_w
[_w w ɘ f ɘ ŋ ʊ m ɪ ]_w
[_w ɘ m ɘ k ʊ m ɪ ]_w
[_w ɪ k ɘː n ʊ m ɪ ]_w
[_w ɪ f ɘ ŋ ʊ m ɪ ]_w
[_w ɘ k ʊ r ɘ k ]_w
[_w ɔː m ɘː ɲ ɘː ]_w
[_w i r iː ŋ e n ]_w
[_w ɟ ɪ k ɔː l ]_w
[_w m p uː r e j ]_w
[_w m ɪ l ɛ d ɔ ]_w
[_w p u l ]_w
[_w j oː l o l i ]_w
[_w ɛ ɟ ɪ l ɘ ]_w
[_w b ɘ m ɘ j ɔː l ɔ ]_w
[_w ɛ m ɛ r ]_w
[_w k ʊ k ɔ b ]_w
[_w ɛ l ɘː ɲ ]_w
[_w ɘ r ɛ ɡ ʊː m ɪ ]_w
[_w ɛ j ɪ n k ɛ n ]_w
[_w k ʊ l ɘ k ɔ ɛ ]_w
[_w e r aː n u m ]_w
[_w n ɘ l ɘ t ]_w
[_w ɘ s ɘ l ]_w
[_w l ɛ d ɘ k ɘː r ]_w
[_w s ɘ m b ʊ n ]_w
[_w n ɘː n ɔː m ɪ ]_w
[_w k a l i ]_w
[_w j ɔː l ɪ p ɔ ]_w
[_w ɛ ɟ ʊː m ]_w
[_w w ɪ c ]_w
[_w k u b u l u l ]_w
[_w p u b u r ]_w
[_w f ɘ b ɘː k ɛ ]_w
[_w k ɔː k ʊ ]_w
[_w k ʊ b ɔ ɲ ɘ ]_w
[_w ɛ l ɛ ɡ ɛ n ]_w
[_w n ʊ l ɘ k ɔ m ɪ ]_w
[_w ɛ l ʊ b ʊ m ɪ ]_w
[_w k a k o d e t e ]_w
[_w ɟ ɪ m ɘ n ɟ ]_w
[_w b ɘː b ɛ ]_w
[_w k ɘ b ɛ n ɘ w ]_w
[_w n ɪ f ɘ ŋ ]_w
[_w m ɘː l ʊ m ɪ ]_w
[_w ɘ r ʊ n k ʊ l ]_w
[_w k ʊ ɟ ɛ d ʊ m ɪ ]_w
[_w l ɘ k ɔ m ɪ ]_w
[_w ʊ r ɪ ɘː l ]_w
[_w ɘ l ɘ k ɘː k ]_w
[_w p ɪ b l ɛ j ]_w
[_w ɘ n t ɪ ]_w
[_w ɟ ɪ t ɪ l ʊ l ]_w
[_w m ʊ k ɘ mː ɔ ]_w
[_w p ɘ k ɔː p ɘ ]_w
[_w f ʊ j ɪː f ]_w
[_w k ʊ r ɪː b ɘ ]_w
[_w ʊ ŋ ɔː l ɛ n ]_w
[_w k ʊ l ɘ k ]_w
[_w t i e n e ]_w
[_w k ɘ r ɔ ŋ ɛ ]_w
[_w k ʊ s ɘ l ]_w
[_w ɛ b ɔː l ɛ j ]_w
[_w b ɘ n ɘ n ɪ ɘ ]_w
[_w s ɘ l ɔ f ]_w
[_w w ɘː t ɘː j ]_w
[_w ɟ ɪ ŋ ɘ r ]_w
[_w ɡ ɘ ɟ ɘ l ɔː r ]_w
[_w a p u r ]_w
[_w k u j i ]_w
[_w p ɘ j ɘ b ɛ m ɪ ]_w
[_w ɪ n ɟ e ]_w
[_w m ɘ n ɡ ʊ l ]_w
[_w k ʊ b ʊ ɟ ɔː l ]_w
[_w n ʊ k ɘː n ]_w
[_w ɘ k ɘ t ʊ b ɔ ]_w
[_w b u l i ŋ e t ]_w
[_w k ʊ k ɘ b ɘː t ]_w
[_w ɪ ɟ ɛ t ]_w
[_w ɟ i l a ɡ ]_w
[_w b i b ]_w
[_w j i n e n i ]_w
[_w e s i ɡ i r o m ]_w
[_w k ʊ b ɘ ɟ ]_w
[_w ɡ ɘ n ɛ w ɘ k ]_w
[_w k ʊ t ɪ ɪː l ]_w
[_w k ɘ b ɘ ɟ ]_w
[_w n ʊ r ɔ k ]_w
[_w w ʊ l ɘː l ]_w
[_w j e n t e n ]_w
[_w n ɛ n ]_w
[_w j ɔː t ɛ ]_w
[_w w ɘ ɟ ɘ k ɘː b ]_w
[_w p ɘ ɟ ɛ ]_w
[_w ɪ t ɘ l ɪ ɘ ]_w
[_w ʊ k ɛ ]_w
[_w ɟ ɪ r ɔ h ɘː ɟ ]_w
[_w k u t i b ]_w
[_w k ɘ p ɛ n ɘ w ]_w
[_w f ɔː l ɪː l ]_w
[_w ʊ s ɔ f ɔː l ]_w
[_w f ɔː l ɪ ]_w
[_w a k o n a p ]_w
[_w f a r u s ]_w
[_w p a r i d oː l ]_w
[_w w ɘ j ɛ ʊ m ɪ ]_w
[_w ɛ b ɪ n ɘː j ]_w
[_w k ɘ l ɘ t ʊ t ]_w
[_w k ɘ f ʊ l ]_w
[_w d u n i j aː j ]_w
[_w n ɘ k ɔ j ]_w
[_w b u l a t ]_w
[_w k ɘ m ɘ n ɟ ]_w
[_w ɘ n ɘː r ɘː ʊ ]_w
[_w p o l i d i k ]_w
[_w s aː m a k a f ]_w
[_w ʊ s ɛ l ɘ w ɔː l ]_w
[_w n ʊ b ɘ ɟ ]_w
[_w n ɘ l ɘ t ʊ m ɪ ]_w
[_w s ɘː t ʊ t ]_w
[_w ŋ ɘ r ]_w
[_w b ʊ b ɘ ɟ ɛ ]_w
[_w k ɘː n ʊ t ]_w
[_w k ʊ c ɔː n ɛ ]_w
[_w b u b u r e n ]_w
[_w b ʊ l ɛː ]_w
[_w f u m uː n a ]_w
[_w ɟ ɪ t ɪː t ɪ ɛ ]_w
[_w k u ɡ o l u m ]_w
[_w e j e m ]_w
[_w ɘ p ɘ ɟ ]_w
[_w k ʊ f ɘ ŋ ʊ m ɪ ]_w
[_w n a b u r aː k ]_w
[_w r e ɡ o l i ]_w
[_w k ʊ s ɘ l ɘː l ]_w
[_w k u n a k a k ]_w
[_w b ɘ n ɘ ŋ ɘ r ɪ ]_w
[_w ʊ s ɘ l ɔː l ]_w
[_w s ɘ t ɪ s ]_w
[_w ɛ l ɘ w ]_w
[_w b u b aː r ]_w
[_w d u n i aː j ]_w
[_w ʊ b ɘ ŋ ]_w
[_w ʊ s ɘ n k ɛ n ]_w
[_w ɟ ɪ m ʊ ɡ ɔː r ]_w
[_w p ɘ n ɘː b ɘ s ]_w
[_w ʊ m ɘ n ɟ ]_w
[_w b u r oː k aː w ]_w
[_w k ʊ ɟ ʊː m ]_w
[_w ɘ k ɘ t ɪ ]_w
[_w k a l iː m ]_w
[_w ɘ s ɛ n ɘ mː ɪ ]_w
[_w w ɘ r ɔ ŋ ɘː l ]_w
[_w s ɪ t ɛ f ɘ n ]_w
[_w k a l i n d a ]_w
[_w k ʊ b ɘ ɟ ɘ k ]_w
[_w k ʊ n ɪ f ɘː n ]_w
[_w k a k a l a ]_w
[_w a b u r u m u l ]_w
[_w k ʊ ɟ ɘː m ɪ ]_w
[_w ɟ ʊː p ɔ ɛ ]_w
[_w k ʊ ɟ ʊ k ʊ m ɪ ]_w
[_w f ɘ ɟ ɘ k ʊ t ]_w
[_w f a c u l a ]_w
[_w b a m o n k o e ]_w
[_w l ɛ d ɘ r ɘː j ]_w
[_w ɟ ɪ ɡ ɘː n ]_w
[_w p ʊ k ɘː k ʊ m ɪ ]_w
[_w s ɪ r ɘ ]_w
[_w b ʊ k ɘː n ]_w
[_w n ʊ m ɘ b ]_w
[_w k ɘ r ɛː s ]_w
[_w f ʊ n ʊ ɡ ]_w
[_w n ɘ n ɘ m ]_w
[_w k ɘ ɟ ɛ l ]_w
[_w b ɘː b ʊ ]_w
[_w m ɔ mː ɪ ]_w
[_w m ʊ m ɛ l ɘ m ]_w
[_w ʊ s ɔ f ʊ m ɪ ]_w
[_w s i ɲ a k o n ]_w
[_w ɟ ɪ f ɘ ŋ ɛ ]_w
[_w ɟ ɪ s ɔ f ʊ t ]_w
[_w ɘ ɡ ɘ ɪ ɘ ]_w
[_w ɛ ɡ ɘ mː ɪ ]_w
[_w m p uː r ]_w
[_w ɪ k ɘː n ɛ ]_w
[_w n ɛ ɪ ]_w
[_w n ɘ l ɔ ]_w
[_w ɘ m ɘ ŋ ɛ ]_w
[_w s i p u k aː s ]_w
[_w ɘ d ɛ j ]_w
[_w m ʊ k ʊ m ]_w
[_w k ɘ ɟ ɘ l ]_w
[_w d a n ]_w
[_w j ʊ n ʊ s ɘ ]_w
[_w n a c i m ]_w
[_w ɛ ɡ ɘ k ɘː l ɛ n ]_w
[_w l ɛ ɡ ɛ n ]_w
[_w k ɘ t ɛ ɡ ɛ l ]_w
[_w k ɘ f ɘ r ɔː l ]_w
[_w b ʊ l ɘː ɲ ]_w
[_w k ʊ t ɪː k ]_w
[_w ɘ ɟ ɪ n l ɛ n ]_w
[_w b u ɟ uː s a ]_w
[_w k ʊ s ɔ f ʊ t ]_w
[_w ɘ mː ɪ ]_w
[_w m p ɘː ]_w
[_w k ʊ j ɘː k ]_w
[_w b ʊ b ɘ c ɛ ]_w
[_w j ɔ r ʊ t ɘ n ]_w
[_w l ɛ t ʊ m ɪ ]_w
[_w s ɪ l ɛː k ɔ m ]_w
[_w a m eː l o ]_w
[_w k ɔ m ɪ ]_w
[_w s i k i r i ɡ ]_w
[_w k ʊ j ɘ b ]_w
[_w b u j a b o ]_w
[_w ɛ t ɔ ɟ ɛ j ]_w
[_w ɲ ɘː ɲ ɘː ɲ ɘ ]_w
[_w ɘ ɟ ɛ t ʊ m ɪ ]_w
[_w s i b aː s ]_w
[_w f ʊ r ɪ m ɔ m ]_w
[_w p u l a t a b ]_w
[_w m ɘː m ʊ ]_w
[_w u p u r ]_w
[_w f ɘː n ɔ ]_w
[_w ʊ p ɘ ɟ ]_w
[_w ʊ r ɘː n ]_w
[_w m ɪ l ɛ t ]_w
[_w ɘ r ɔ ŋ ɛ ]_w
[_w k a t i e n e ]_w
[_w n ɪ f ɘ ŋ ɛ ]_w
[_w b i p ]_w
[_w ɛ c ɘ k ]_w
[_w k ʊ k ɔ b ɘ ]_w
[_w ɘ l ɛ ɡ ɛ n ɘ ʊ ]_w
[_w ɟ ɪ l ɪ b ɘ ]_w
[_w w ɘ m p ɪ ]_w
[_w ɘ b ɘ ɟ ɘ k ɛ ]_w
[_w b ʊ k ɛ ]_w
[_w k ɘ k ɘ t ʊ b ɔ ]_w
[_w p ɘ ɟ ɘ k ʊ t ]_w
[_w n ɘ t ɪ ]_w
[_w m ɘ ɟ ɘ k ɛ ]_w
[_w k ɔː m ]_w
[_w ɟ ɪ p ɘ ɟ ]_w
[_w ɟ a p uː r a f ]_w
[_w k a k o l iu t ]_w
[_w ɛ l ɘ w ɪ ]_w
[_w ɘ b ɘ ɟ ɘː r ]_w
[_w ɛ b ɘ b ɘ ɟ ]_w
[_w ʊ j ɘ b ɘ ]_w
[_w m ɔː t ʊ m ɪ ]_w
[_w d a k o n a w ]_w
[_w f aː m a k e j ]_w
[_w k ɘ s ɔ n t ɛ n ]_w
[_w b ɘ t ]_w
[_w p u r o k u m ]_w
[_w k ɘ ɟ ɘ m ]_w
[_w k u w o n ɡ u l ]_w
[_w ɟ ɘ mː ɪ ]_w
[_w b ɘ r ɘ b ɘ ]_w
[_w ɟ i b aː r ]_w
[_w ʊ n ɛ ]_w
[_w b ɔː k ɔː l ]_w
[_w k ʊ ŋ ɘ ŋː ɘ r ]_w
[_w k u k uː ]_w
[_w ɛ d ɔː ŋ ]_w
[_w k u r i t a p ]_w
[_w u s u s iː l ]_w
[_w ɪ j ɘ b ]_w
[_w n ɔː n ɛ ]_w
[_w c ɘ n d ɪ ]_w
[_w ɟ ɪ l ɘ ɡ ɔ ]_w
[_w ɪ p ɘ ɟ ]_w
[_w b i m ]_w
[_w h ɛ r ɔ d ɪ ɘ s ]_w
[_w b a r i t oː l ]_w
[_w ɘ k ɪː j ɘ ]_w
[_w k ʊ ŋ ɘ r ʊ m ɪ ]_w
[_w ɘ ŋ ɘ r ɪ ]_w
[_w t ɪ b ɛ r ɪ ɘ ]_w
[_w k ʊ l ɘ k ɘː k ]_w
[_w b ʊ r ɔ k ʊ m ɪ ]_w
[_w k ʊ t ɘː k ɛ n ]_w
[_w k ɔː k ɛ ɪ ]_w
[_w k a s o f u m ]_w
[_w ɘ ɡ ɪ l ʊ m ɪ ]_w
[_w s ɔː t ]_w
[_w ɘ ɲ ɔː l ɪ ]_w
[_w k o j u m e ]_w
[_w t ɪ m ɘː ]_w
[_w p ɘ l ɘ r ɘː j ]_w
[_w ɛ ŋ ɘ r ɛ j ]_w
[_w f ɘ mː ɪ ]_w
[_w k ɘ r ɔ k ɘ w ]_w
[_w ʊ r ɛ ɡ ]_w
[_w f oː l o l i ]_w
[_w k ɘ m ɪ n k ɛ n ]_w
[_w ʊ p ɘ k ]_w
[_w n ɪ b ɘ ɟ ʊ t ]_w
[_w ɘ l ɘ k ]_w
[_w c u m b oː m ]_w
[_w w ɘ s ɔ f ʊ m ɪ ]_w
[_w o l i ]_w
[_w ɘ t ɪ ɔː l ]_w
[_w ɔː t ʊ t ɘː l ]_w
[_w u b u r e n ]_w
[_w ɘ l ɛ b ɔː r ]_w
[_w ɘ n ɔː ɘ n ]_w
[_w n ɘ k ɔ r ɔː r ]_w
[_w ɘ r ɪː b ɘː ʊ ]_w
[_w ɛ k ɘː n ɔ ]_w
[_w f ɘ l ɘ f ]_w
[_w ɛ n ɪː l ɔ m ]_w
[_w ʊ f ɛː f ɘ k ]_w
[_w k ɘ b ɘ k ɔ m ɪ ]_w
[_w n ʊ s ɔ f ɛ ]_w
[_w u j e n d e n ]_w
[_w k ʊ r ɪ ]_w
[_w ʊ k ɘː l ]_w
[_w p a l u t ]_w
[_w ɘ b ɛː t ɔ ]_w
[_w m ʊ l ɔ b ɘ ]_w
[_w e t u m p aː j ]_w
[_w k ʊ ɟ ʊː m ɘ k ]_w
[_w b ʊ c ɪ ]_w
[_w k ɘ c ɘ l ɔː r ]_w
[_w k ʊ b ɘ ɟ ɔ ɛ ]_w
[_w s ɪ s ɪ w ɘ s ]_w
[_w b ɘ c ɔː l ]_w
[_w s i s u k a s ]_w
[_w s ɪ l ɛ k ɔː l ]_w
[_w ɘ k ɘ t ɛ n ɛ ]_w
[_w e k uː t e j ]_w
[_w k u p u r e n ]_w
[_w b ɔː b ]_w
[_w ɘ m ɛ n ɘ ]_w
[_w s ɪ k ʊ m p ɘː k ]_w
[_w ɘ r ɘ m b ɛ n ]_w
[_w ɟ ɪ p ʊ r ]_w
[_w f ɪː l ]_w
[_w m ɘ ɟ ʊː p ɔ ]_w
[_w w ɘ k ɪ l ɘ ]_w
[_w k ɘ n i m a ŋ ]_w
[_w p ɪ ɲ ɔː ]_w
[_w i r iː ŋ u l ]_w
[_w r e ɡ o l i m i ]_w
[_w ɘ r ɔ k ɘː ʊ ]_w
[_w ɔː t ʊ m ɪ ]_w
[_w b u t i n k e n ]_w
[_w k u r i d a k ]_w
[_w ɟ i c i l i ŋ ]_w
[_w ɪ s ɔ f ʊ m ɪ ]_w
[_w ɟ ɪ l ɘ k ɔ ɛ ]_w
[_w s i f eː ɡ i r ]_w
[_w m u k o j u m e ]_w
[_w f ʊ t ɘ m b ɪ ]_w
[_w ɟ ɪ s ɘ n k ]_w
[_w n ɘ r ɘː n ]_w
[_w a ɟ i m a k ]_w
[_w m ɘ r ɔ ŋ ɛ ]_w
[_w ɛ p ɘ b ɘ ɟ ]_w
[_w ɘ t ɘ m ɘ ]_w
[_w b ɘ k ]_w
[_w s ɘ ɟ ɘ k ɛ ]_w
[_w ɛ b ɘ ɟ ɛ m ɪ ]_w
[_w ʊ k ɘ mː ɪ ]_w
[_w ɟ ɪ r ʊ l ɛ n ]_w
[_w ɘ ɟ ʊ ɡ ]_w
[_w ɛ f ɘ ŋ ]_w
[_w b u r o k u m ]_w
[_w k a k aː n u m ]_w
[_w k a b iː l ]_w
[_w ʊ ɡ ɘ n ʊː l ]_w
[_w ɛ r ɛ ɡ ɛ n ɛ ]_w
[_w k a w a l o u l ]_w
[_w k ʊ k ʊ r ɘː ɡ ]_w
[_w i r iː ŋ ]_w
[_w k ɘ r ɪ ɘ ]_w
[_w n ɘ m ɘ mː ɘ ŋ ]_w
[_w k a l u oː r ]_w
[_w n a t i p u m i ]_w
[_w k ʊ k ɘ m ɛ n ɪ ]_w
[_w m ɘ n ɛ m ɔ j ]_w
[_w ɘ p ɛ l ]_w
[_w k u j a b o ]_w
[_w ɛ d ɛ j ]_w
[_w ɘ w ʊː ɟ ɛ ]_w
[_w p a k u n a p ]_w
[_w f ʊ j ɘ b ʊ m ɪ ]_w
[_w ʊ l ɘ k ɔ m ɪ ]_w
[_w w ɘː n ɔ m ɪ ]_w
[_w m u m b oː m ]_w
[_w f a ɟ u l a ]_w
[_w s ɛ m b ɘː j ]_w
[_w k a l i ŋ aː k ]_w
[_w ɟ ɛ m ɛ ]_w
[_w b u l i ŋ e ]_w
[_w n ɘ w ɘ w ɘ r ]_w
[_w ɟ ɪ b ɪː m ɪ ]_w
[_w ɟ ɪ c ɘ n ɟ ɘ m ]_w
[_w b ɪ n ɛ ɡ ɘ r ]_w
[_w m ɘ n k ʊ j ɘ b ]_w
[_w m a k o n ]_w
[_w k u j i n e n ]_w
[_w k ʊ m ɘ t ɘː ɡ ]_w
[_w b ɘ r ɘ r ]_w
[_w ɘ b ɘː l ɔː l ]_w
[_w k ɘ r ɘ b ]_w
[_w n ɘ ɟ ʊː m ɛ ]_w
[_w k a n t o m i ]_w
[_w ɛ d ɘ m b ɘ ɪ ]_w
[_w ɘ r ɔ k ɘ p ]_w
[_w k ɘ j ɪ t ɔ m ɪ ]_w
[_w k u c i l a u l ]_w
[_w n a t a t aː s ]_w
[_w b a k u n a b ]_w
[_w l ɪ d ]_w
[_w d ɔː k ɛ ]_w
[_w s ɪ l ɛː t ɘ r ]_w
[_w e j u m i ]_w
[_w ʊ m ʊ ]_w
[_w n ɘ b ɪ l ]_w
[_w h ɪ t ɔ n ]_w
[_w u m i ɡ ]_w
[_w ɛ k ɘ n k ɘː n ]_w
[_w w ɪː ŋ ɪː l ]_w
[_w k ʊ r ɛ t ɔ r ɪ ]_w
[_w ɪ ɟ ɛ ɛ ]_w
[_w e s u k oː l ]_w
[_w e l i n ɡ aː j ]_w
[_w t ʊ r ʊ w ɘː j ]_w
[_w ɟ a r u s a f ]_w
[_w k ɘ ɟ ɘ k ʊ m ɪ ]_w
[_w k a l i ŋ ]_w
[_w ɟ ɪ f ɪ ʊ mː ɪ ]_w
[_w ɘ b ɛː t ɔ ɛ ]_w
[_w ɛ b ɘ n ]_w
[_w ʊ k ɘː n ]_w
[_w j ɔ k ]_w
[_w ɘ l ɘ d ]_w
[_w ɟ ɪ ɟ ɘ ŋ ɘː ɟ ]_w
[_w a p o t e n i ]_w
[_w ɡ ɘ f ɛː f ɘ k ]_w
[_w a t iː w oː r ]_w
[_w d ɪ m ɔ d ɪ ]_w
[_w b ʊ r ɘ b ʊ m ɪ ]_w
[_w ɘ t ɘ ɔː l ]_w
[_w ʊ s ɘ l ]_w
[_w m ɘ n ɔː m ɛ n ]_w
[_w ʊ b ɘ ŋ ɘ w ]_w
[_w n ɪ l ɔ m ɪ ]_w
[_w a k uː ]_w
[_w f u ɡ o i ]_w
[_w k a ŋ a r u m ]_w
[_w p ɘ b ɘ ɟ ]_w
[_w ɘ c ɛː n ]_w
[_w ɘ m ɪ n ɡ ɛ j ]_w
[_w ɟ a b u r u m ]_w
[_w m ɘ w ʊ ŋ ]_w
[_w ɘ w ɔ n ɡ ɪ ]_w
[_w k ɘ p ɘː t ɘ k ]_w
[_w s ɪ n ʊ k ]_w
[_w s ɪ p ɘ n ]_w
[_w k ʊ ɲ ɪː l ɘ k ]_w
[_w d ɪ l ʊ l ]_w
[_w ɟ eː t u m ]_w
[_w n ɘ m ɘ k ʊ m ɪ ]_w
[_w b ʊ k ɘ n ɪː l ]_w
[_w k ɔː l ɪ s ɔ ]_w
[_w ʊ l ɛː ]_w
[_w f ʊ n ɔː m ɘ f ]_w
[_w ʊ b ɘ ɟ ʊ m ɪ ]_w
[_w k ʊ f ɘː r ɘ k ]_w
[_w w ʊ n k ʊ j ɔ ]_w
[_w n ɘ m ɘ n ɟ ɛ j ]_w
[_w b ʊ f ɘ ŋ ɛ ]_w
[_w k a s u m u t ]_w
[_w k ɘ b ɘ l ɘː m ]_w
[_w a j iː s ]_w
[_w ɛ n ɪː l ɔː l ]_w
[_w e ɟ i m e j ]_w
[_w b ʊ l ɘː ɲ ɘ p ]_w
[_w ɟ i m eː l o ]_w
[_w w ɘ b ɘ ɟ ʊ m ɪ ]_w
[_w ɲ ɔː n ɪ ]_w
[_w s i n t eː j ]_w
[_w k a p u m b oː m ]_w
[_w b ɘ b ɪ l ]_w
[_w ɟ i l i r oː r e ]_w
[_w b ɪ j ɔ ]_w
[_w w ɘː t ɪ ]_w
[_w k aː m a k ]_w
[_w p a j e m e ]_w
[_w k ɘ r ɪː b ɘ ]_w
[_w k ʊ d ɪ ʊː l ]_w
[_w n a k o l i ]_w
[_w ɛ w ɘː t ɪ ]_w
[_w ʊ b ɛ ]_w
[_w ɛ ɟ ɔ ɟ ʊ m ɪ ]_w
[_w k ʊ s ɛ n ]_w
[_w u m i k ]_w
[_w n ɘ b ɔ ɲ ʊ m ɪ ]_w
[_w ɛ w ɘ w ɘ r ]_w
[_w k u k a l aː m ]_w
[_w f ɘː f ʊ ]_w
[_w n ɘ l ɘ w ʊ m ɪ ]_w
[_w k ɘ r ɛ ɡ ]_w
[_w k ʊ b ʊ ɟ ]_w
[_w s ɪ ɟ ɛ b ɪː l ]_w
[_w n ʊ r ɛ ɡ ]_w
[_w k ʊ k ɘː n ɘː l ]_w
[_w n ʊ ɟ ʊ ɡ ]_w
[_w ɘ f ɘ ŋ ʊ m ɪ ]_w
[_w k a k o n e j ]_w
[_w s ɘ n ɡ ɛ n ]_w
[_w ɘ b ɛ l ]_w
[_w b ɘ l ɘ j ]_w
[_w ʊ r ɛ ɡ ʊ m ɔ ]_w
[_w ʊ s ɪː n ]_w
[_w b ɔː l ɪː l ]_w
[_w ɪ r ɛ k ʊː m ɪ ]_w
[_w c ɪ b ɪ l ]_w
[_w f ɪ l ɪ b ɘː ɟ ]_w
[_w l ɛ ɡ ɛ n ɘ ʊ ]_w
[_w ɘ ɲ ɪː l ɘ ʊ ]_w
[_w w ɘ w ʊː ɟ ]_w
[_w ɘ t ɪ ɔ m ]_w
[_w ʊ r ɛ ɡ ɘː l ]_w
[_w k ɘ p ɪ j ɔ k ]_w
[_w b ʊ n k ʊ m ɪ ]_w
[_w k ɘ l ]_w
[_w ʊ s ɘː n ɘ ]_w
[_w c ɪ l ɘ t ʊ m ɪ ]_w
[_w i r iː ŋ e ]_w
[_w ɘ l ɔ f ]_w
[_w s ɘ t ɘː ]_w
[_w b ɘ n ɪ k ɘː n ɪ ]_w
[_w ʊ ɛ m ɔ ɘ ]_w
[_w m ʊ r ɪ ɘː m ]_w
[_w a k o l i ]_w
[_w ɛ ɡ ɘ d ]_w
[_w b ɘ ɟ ɪː k ɘ ]_w
[_w f ʊ f ɔ k ɘ k ]_w
[_w ɡ u c i l ]_w
[_w ʊ ɟ ɪ n ]_w
[_w k ʊ t ɛ k ɪ ]_w
[_w k ʊ k ɘː n ɘ m ]_w
[_w k ɘ w ɔː l ɔ ]_w
[_w ɛ w ɔ n ɡ ɘ ɲ ]_w
[_w ʊ s ʊ ]_w
[_w ɟ a j i a u ]_w
[_w k u n a w ]_w
[_w ɘ r ɔ k ɘ ɪ ]_w
[_w s ɪ m ɪ t ɘ s ]_w
[_w s ɘː t ʊ d ]_w
[_w m ɘ s ɛ t ɘ ]_w
[_w f ɘ n s ɘ ɪ ]_w
[_w b ʊ k ɪ n ɘ p ]_w
[_w f u b uː r ]_w
[_w k ɪː l ɘ k ]_w
[_w m ɔː l ɪ k ɔ ]_w
[_w ɘ k ɪ l ɛ j ]_w
[_w ɛ s ɔ f ɪ m ɪ ]_w
[_w k u j i t o u l ]_w
[_w t ɔː r ʊ ]_w
[_w b ʊ r ɔ k ]_w
[_w t ɪ k ɛ r ]_w
[_w ɘ ɲ ɔː l ɔ m ]_w
[_w f ɘ ŋ ɘː f ]_w
[_w k ɘ p ɘː d ]_w
[_w ɘ c ɔː n ɛ ]_w
[_w c ɘ k ɪ ɟ ɘ k ]_w
[_w m ʊ t ʊ k ɛ n ]_w
[_w s ɘ t ɪ ]_w
[_w ɟ ɪ r ɛ m b ɛ n ]_w
[_w b ʊ k ɘ n ɡ ɘː n ]_w
[_w ɟ ɪ k ɘ m ɛ n ]_w
[_w p ʊ r ʊ ŋ ɪ ]_w
[_w ɡ ɘ j ɛ l ɘ ]_w
[_w k ɘ r ɛ ɡ ɛ ]_w
[_w f ʊ ɟ ʊː m ]_w
[_w p u l a b u t o ]_w
[_w n ɪ l ɘ k ɔ ]_w
[_w e ɡ a f aː j ]_w
[_w k ʊ ɟ ɪ k ɛ r ɛ ]_w
[_w ɪ r ɛ k ]_w
[_w b ɘ m p ɘ ʊː l ]_w
[_w j ʊ n ɡ ʊ l ]_w
[_w s ɛ r ɛ ŋ ]_w
[_w k ɘː n ɪː m ɪ ]_w
[_w k ʊ l ɛː ]_w
[_w b ɘ n ɡ ʊ m ɪ ]_w
[_w ɘ t ɪː k ɘ f ]_w
[_w b ɘ l ɪ n l ɔ ]_w
[_w ɪ l ɘ k ɔ ʊ t ]_w
[_w s ɔː l ɘ ]_w
[_w b ɘ m ɘ n ɟ ɘ m ]_w
[_w ʊ k ʊ ]_w
[_w e k a f aː j ]_w
[_w k u f a c u l ]_w
[_w ɘ ŋ ɘ r ʊ m ɪ ]_w
[_w a l a b u t ]_w
[_w ɘ r ɘ m b ɘː ʊ ]_w
[_w p ʊ k ɔː k ɛ ɪ ]_w
[_w ɛ ɟ ɪː k ɛ ]_w
[_w ɟ ɛ p ɪ ]_w
[_w ɘ p ʊ ɟ ɪ n ɘː l ]_w
[_w ɛ k ɪ l ɛ ]_w
[_w k ɘ b ʊ ɲ ]_w
[_w ɘ ɲ ɪː l ɘ ɟ ]_w
[_w w i l eː j ]_w
[_w s ɪ k ɪ l ɘ ]_w
[_w j ɘ ŋ ]_w
[_w n ʊ b ɘ ɟ ʊ m ɪ ]_w
[_w u b a n t o m i ]_w
[_w k ɘ ɡ ɘ ɲ ɔ ]_w
[_w k ɘ n ɡ ɘː n ]_w
[_w w ɘ k ɪ l ʊ m ɪ ]_w
[_w n ɘ m ɘ ŋ ]_w
[_w s ɘ l ɔ f ɛ n ]_w
[_w ɛ k ɘː n ]_w
[_w s ɪ j ɛ l ɘ ɡ ]_w
[_w p ɔː p ]_w
[_w k ɘ r ɘ m b ɛ n ]_w
[_w u ɟ a m u m a ]_w
[_w b ʊ k ɪ l ʊ m ɪ ]_w
[_w m ʊ w ɘ ɲ ɘː ʊ ]_w
[_w m ʊ j ʊː l ]_w
[_w l e b i e n ]_w
[_w k u t e k a ɡ ]_w
[_w m ɘ c ɘ k ɛ ]_w
[_w t ɪ m ɔ t ɪ ]_w
[_w ɪ l ɘ t ]_w
[_w k a k o l u m ]_w
[_w b ɘ l ɛ k ʊ m ɪ ]_w
[_w l ɔ n ɡ ɔ m ]_w
[_w k ʊ s ɔ f ɔ m ]_w
[_w m a p u d ]_w
[_w n ɘ b ɪ b ɪ ]_w
[_w k u l a w ]_w
[_w k ɘ t ʊ b ɔ ]_w
[_w k ɘ ɲ ɛ n ʊ j ɔ ]_w
[_w e ŋ a r u m ]_w
[_w s ɪ s ɘ h ɘː c ]_w
[_w n ɘ k ɔ r ʊ m ɪ ]_w
[_w u r iː ŋ u t ]_w
[_w k ɘ f ɘ t ɘ k ]_w
[_w ɟ ɘ n t ɛ ]_w
[_w m ɘ ɟ ɔː n ]_w
[_w ɘ c ɘː m ]_w
[_w ɟ ɪ b ʊ l ɔ n ]_w
[_w b u l o k ]_w
[_w k ɘ ɡ ɘ mː ɔ ]_w
[_w ɘ r ɪ m ɘ k ]_w
[_w ɘ l ɘ t ʊ t ]_w
[_w ʊ r ɘ m b ɛ n ]_w
[_w b u l i ŋ e n ]_w
[_w p ɘ n ɘ n ɪ ɘ s ]_w
[_w ɟ a p uː r a ]_w
[_w s ɪ n ʊ k ɘ s ]_w
[_w j ɘ n k ʊ b ɪ l ]_w
[_w p ɪː ŋ ]_w
[_w k ɘ n ɘː n ]_w
[_w ɟ ɘ m ɛː ŋ ]_w
[_w ɛ p ɘ ɟ ʊ m ɪ ]_w
[_w ʊ w ɔ n ɔː r ]_w
[_w ɡ ɘ m ɘ ŋ ɘ k ]_w
[_w ɟ i ɡ o l i ]_w
[_w s aː m a ɡ a w ]_w
[_w ɟ ɪ s ɔ s ɔ f ]_w
[_w ɲ ɘ k ɘ b ɘ ]_w
[_w p a p uː m e ]_w
[_w k ɘ w ɔ s ]_w
[_w ɘː ɡ ɛ n ɛ j ]_w
[_w k ʊ w ɘ w ɘ r ]_w
[_w n ɘ ɡ ɘː n ]_w
[_w k ɘ p ʊ ɲ ɘ ɡ ]_w
[_w l ɘ ɡ ɔ ]_w
[_w ɘ t ɪ t ɔː r ɛ j ]_w
[_w e r i m e j ]_w
[_w ʊ r ʊ ŋ ɔː l ]_w
[_w k u t e k ]_w
[_w ɟ ɪ c ɪ k ɛ r ]_w
[_w k aː m a k a f ]_w
[_w ɛ j ɛ l ɘ k ]_w
[_w ɘ r ɛ ɡ ɪ ]_w
[_w w a r iː ŋ u t ]_w
[_w ɛ ɡ ɘ k ɘː n ɔ ɛ ]_w
[_w m ʊ c ɘ w ]_w
[_w k ʊ l ɛː ŋ ɘ f ]_w
[_w b ɘ n ɘ ɡ ʊ ]_w
[_w w ɘ ɟ ɔː n ɛ ]_w
[_w k ʊ ɟ ɘ k ɛ ]_w
[_w k u s i m oː l ]_w
[_w oː l o l i ]_w
[_w ʊ s ɔ f ɛ j ]_w
[_w ɘ l ɘ w ɔː m ɪ ]_w
[_w b u r o m uː l ]_w
[_w p ʊ m ɘ ŋ ]_w
[_w ɘ b ɘː l ɔ m ]_w
[_w p ɘ l ɛ k ɛ n ]_w
[_w f ʊ b ɘ ɟ ɔ ʊ t ]_w
[_w c ɪ l ɘ w ʊ m ɪ ]_w
[_w n ɪ l ɘː ɲ ɛ n ]_w
[_w m ɘ ɟ ɘ k ]_w
[_w k u t e k a k ]_w
[_w k ɘ l ɘː k ]_w
[_w ʊ k ɘ c ]_w
[_w n ɘ s ɛ n ʊː m ɪ ]_w
[_w f ʊ t ɪ ŋ ]_w
[_w k ɘ ɟ ɔː n ɛ n ]_w
[_w p u s u s oː l ]_w
[_w b ʊ l ɔ n ]_w
[_w ɛː n ɔ m ]_w
[_w w aː j ]_w
[_w ɟ ɪ s ɘ l ]_w
[_w k ʊ ɡ ɘː n ]_w
[_w t ɛ b ]_w
[_w ʊ s ɘ s ɘ j ]_w
[_w ɟ ɪ r ɘ m b ɛ n ]_w
[_w s ɪ l ɛː k ɘ ]_w
[_w k ɘ l ɪ m p ɪ s ]_w
[_w p ʊ r ʊ ŋ ]_w
[_w b ʊ b ɘ ɟ ɔ ɘ k ]_w
[_w k ɘ n l ɪ ɔ ]_w
[_w ɟ ɪ s ɘː f ɔ m ]_w
[_w k u r iː ŋ e n ]_w
[_w ʊ t ɪ l ʊ l ɔ ]_w
[_w s ɪ s ɘ h ɘ ]_w
[_w r ɪː r ɘː l ]_w
[_w ɡ ɘ ɟ ɔː n ]_w
[_w f u p uː r a ]_w
[_w ɛ b ɔː l ]_w
[_w a k o l iu t ]_w
[_w b ɘ ɟ ʊ m ɔ ]_w
[_w ɘ m ɪ n k ɛ n ]_w
[_w ɛ p ʊ ɟ ɛ j ]_w
[_w f ɘ l ]_w
[_w ɘ m ɘ ŋ ]_w
[_w ɛ b ɘ k ɛ n ]_w
[_w k u t i o l i ]_w
[_w f i m e n u m i ]_w
[_w k ʊ w ɘ ɲ ɘ w ]_w
[_w w ɘ r ɔ ŋ ɘː ʊ ]_w
[_w k ʊ n k ʊ l ]_w
[_w ɛ ɟ ʊː m ɛ n ]_w
[_w ɟ ɪ b ɛ ɡ ɛ d ]_w
[_w u b aː r a w ]_w
[_w n ʊ h ɘ ]_w
[_w f ʊ l ɘ w ɔː m ɪ ]_w
[_w ɘ m p ɘ ]_w
[_w s ɪ m ɪ t ]_w
[_w j ɘ s ɔ f ʊ m ɪ ]_w
[_w l e b i e n i ]_w
[_w ɘ ɟ ɘ m ]_w
[_w ɟ ɪ ɲ ɪː l ɘ k ]_w
[_w m a t i e n e ]_w
[_w b ʊ p ɛː b ɛ n ]_w
[_w b a r iː ŋ e ]_w
[_w w ɔ m b ɔ ŋ ]_w
[_w m ɘ n t ɛ ]_w
[_w s ɪ j ɛ s ɔː r ]_w
[_w d ɘ k ʊ m p ɪ ]_w
[_w ʊ b ɘ ɟ ɔ ɘ ɡ ]_w
[_w a c u b o m i ]_w
[_w j ɘ n k ʊ b ɘ ]_w
[_w k a p uː m e ]_w
[_w k ʊ ɟ ʊː m ɘ f ]_w
[_w ʊ l ɪ m b ɪ s ]_w
[_w s i k o d ]_w
[_w ɘ r ʊ t ]_w
[_w ɟ ɪ b ɛ b ɛ n ]_w
[_w ɪ b ɘ n ]_w
[_w b ʊ w ʊ w ʊː ɟ ]_w
[_w j ɪ t ɔ ]_w
[_w p ɘ ɡ ɘ m ɛ n ɘ ]_w
[_w k ʊ t ɔː ŋ ]_w
[_w k a p u r a ]_w
[_w k ɘ w ɘ l ɛ n ]_w
[_w c ɪ p ɘ ɟ ]_w
[_w j aː m a k ]_w
[_w ɛ l ɘː ɲ ɛ n ]_w
[_w ɘ j ɘ b ɔ ]_w
[_w ʊ s ɔ f ]_w
[_w k ʊ c ɘ w ]_w
[_w k ʊ s ɔ f ɪ m ɪ ]_w
[_w ʊ b ɘ c ]_w
[_w j ɛ ɪ ]_w
[_w s ɪ j ɛ n ]_w
[_w b ʊ ŋ ɘ r ʊ m ɪ ]_w
[_w ɘ k ɪː j ɘː ʊ ]_w
[_w b a l i ɡ u m i ]_w
[_w ɘ w ɘ ɲ ɘː m ]_w
[_w k ɘ l ʊː s ɘ k ]_w
[_w ɪ m ɘ ŋ ʊ t ]_w
[_w ɟ ɪ k ɘ t ɛ b ɔ ]_w
[_w ɟ ɔː n ɛ ]_w
[_w b o l i t i k ]_w
[_w k ɛ b ]_w
[_w ɘ r ɛ ɡ ɛ j ]_w
[_w f ɘː n ɔ ɛ ]_w
[_w t ɪ c ɛː n ]_w
[_w m u r iː ŋ e ]_w
[_w k ʊ k ɘ m ɔː r ]_w
[_w m ʊ b ɪ l ]_w
[_w ɪ l ɘ ɡ ɔ ]_w
[_w ɟ ɪ l ɛː ŋ ɘ f ]_w
[_w ʊ ɲ ɛ n ɔ m ]_w
[_w ɛ s ɔ s ɔ f ]_w
[_w k ʊ ɟ ɘ m ɪ d ]_w
[_w m u k a ]_w
[_w k ɘ t ɘ f ɘ k ]_w
[_w k a b u t ]_w
[_w k u j a b oː r ]_w
[_w n ʊ k ɘː n ɪ ]_w
[_w ɛ w ɔ n ɡ ʊ m ɪ ]_w
[_w ɘ k ɘ m ]_w
[_w ɛ r ɘː n ɛ j ]_w
[_w b ɘ ɟ ɘː ʊ ]_w
[_w k ɔ t ɔ r ɔ ŋ ]_w
[_w f u r iː ŋ e n ]_w
[_w j a j e m e ]_w
[_w f ɘ s ɔ f ]_w
[_w m a p u t ]_w
[_w p u c eː ɡ ]_w
[_w ɘ s ʊ w ɛ n ɛ ]_w
[_w s ɘ l ɘ k ɘː k ]_w
[_w e p u k ]_w
[_w n ɘ s ɛ n ɪ ]_w
[_w t ɘ m p ɪ ]_w
[_w ɛ n ɘ ɡ ]_w
[_w ɟ ɪ f ɪ ʊ m ɘ k ]_w
[_w n ɔː n ɛ ɪ ]_w
[_w b u j a p o ]_w
[_w l ɔ n k ɔ s ]_w
[_w ɛ l ɘː ɲ ɛ j ]_w
[_w ɘ b ɘ n ʊ k ɘː n ]_w
[_w k u l a w a k ]_w
[_w ɟ ɪ l ɘ k ɔ m ɪ ]_w
[_w ʊ t ʊ m ʊː l ]_w
[_w ɛ b ʊ ɟ ]_w
[_w k ʊ l ɛː ŋ ]_w
[_w ɛ l ʊ k ]_w
[_w w ɘ r ɔ ŋ ɘː w ]_w
[_w ɟ ɔ r ɔ r ɔ r ]_w
[_w s ɪ ɟ ɛ m ɛ ]_w
[_w k u l i n l i ŋ ]_w
[_w n ɘ b ɘ k ]_w
[_w f u ɡ o o m ]_w
[_w f ʊ p ɘ c ]_w
[_w ɟ i m eː l o i ]_w
[_w b ɘ n ɘ l ɘ t ]_w
[_w n ɘ r ɛ ɡ ɘ mː ɪ ]_w
[_w p u j iː k a w ]_w
[_w ɟ ɪ s ɘ h ɘː c ]_w
[_w ɛ s ʊ f ɘ ]_w
[_w b ɘ m b ɪ ]_w
[_w c ɪ t ɛ j ]_w
[_w c ɛː ŋ ʊ m ɪ ]_w
[_w k u l i ŋ e ]_w
[_w n a j i t o u l ]_w
[_w k ɘ m ɘ ŋ ɘ k ]_w
[_w w u t ]_w
[_w ɟ ɛ b ʊ j ɔ ]_w
[_w ɘ f ɛ l ɔ ɘ k ]_w
[_w ʊ ɟ ɪ m ɪ ]_w
[_w ɘ w ɔ n k ɪ ]_w
[_w ɟ ɪ b ʊ c ]_w
[_w f a ɟ u l uː l ]_w
[_w k u b u r u m i ]_w
[_w c ɪː k ɪ m ɪ ]_w
[_w ɛ s ɛ n ɔː m ɪ ]_w
[_w ɛ j ɪ n k ]_w
[_w b u k o r o ]_w
[_w ɛ r ʊ n ɡ ]_w
[_w k ɘ j ɔː l ɔ ]_w
[_w k ʊ k ɔ b ɘ f ]_w
[_w b ɘ ɟ ɔː l ]_w
[_w ɡ ɘ s ʊː l ɛ n ]_w
[_w k ɘ ɟ ɪ n ʊ m ɪ ]_w
[_w b ɪ b ɪ ]_w
[_w k ɘ c ɛ t ɛ ]_w
[_w ɟ ɔː ɟ ʊ ]_w
[_w ɡ a k o n e j ]_w
[_w l ɘ k ɔ ]_w
[_w k ʊ k ɘː n ɪ ]_w
[_w k a m i k a ɡ ]_w
[_w k ʊ r ɔ ŋ ]_w
[_w ɘ ɟ ɪ k ]_w
[_w ʊ k ɘ t ʊ n ɔː r ]_w
[_w ɟ ɪ ɟ ʊ ɡ ʊ m ɪ ]_w
[_w k ʊ r ʊ n ɡ ]_w
[_w ʊ ɟ ɘ m ɪ ]_w
[_w t ɔ t ʊ ]_w
[_w ɛ ɟ ʊ ɡ ]_w
[_w k ɘ l ɔ ɘ ɔː l ]_w
[_w u r iː ŋ ]_w
[_w ɛ c ɘː m ɛ j ]_w
[_w e l aː ɲ u l ]_w
[_w l ɔ n k ɔ m ]_w
[_w k ʊ k ɘ ɟ ɛ n ]_w
[_w n ɘ ɟ ɘ m ɔː r ]_w
[_w n ɘ l ɛ l ɛ t ]_w
[_w ʊ r ɪ ]_w
[_w ɟ ɘ k ʊː ɟ ɘ k ]_w
[_w b ɛ k ɘ s ]_w
[_w k ɘ m ɪ k ɘ k ]_w
[_w k ʊ r ʊ n ɡ ɘ f ]_w
[_w b ɘ b ɪ l ʊ m ɪ ]_w
[_w a k a l aː m ]_w
[_w k u l a m u k a ]_w
[_w k ɘ w ɔ s ɘ k ]_w
[_w k ʊ j ɘ b ɔː r ]_w
[_w ɘ m ɘ n ɟ ɘ m ]_w
[_w b ɪ l ɘ t ]_w
[_w f u j i n e n ]_w
[_w b ɘ j ɘ b ]_w
[_w l ʊ w ɘ ]_w
[_w ɘ ɟ ʊ ɡ ʊ m ɪ ]_w
[_w ɟ ɪ b ɘ ɡ ɛ n ]_w
[_w f ʊ b ɘ ɟ ʊ t ]_w
[_w w ɘ j ɪ n ɛ j ]_w
[_w k ʊ m ɘ n ɟ ɘ m ]_w
[_w ɘ f ɘ ŋ ]_w
[_w ɟ i j e n d e n ]_w
[_w b ɛ r ɪ ]_w
[_w m ɘ b ʊ t ]_w
[_w k ɔ ɔ k ʊ ]_w
[_w k ɘ b ɔ r ɘ k ]_w
[_w n ɘ s ɔ s ɔ f ]_w
[_w a b a t u l a ]_w
[_w f ɘ ɟ ɘ k ɛ ɔ ]_w
[_w w ɘ p ɘ ɟ ɔ ɛ ]_w
[_w ɪ r ɛ ɡ ʊ t ]_w
[_w ɟ ɪ ɲ ɪː l ɘ ɡ ]_w
[_w d ɔ ɔ t ʊ ]_w
[_w a b a l a ]_w
[_w ɟ ʊː m ]_w
[_w p ɘː k ]_w
[_w ɛ s ɔ f ɪ ]_w
[_w k ʊ k ɘ k ]_w
[_w f n t ɘ s p ]_w
[_w ʊ c ɛ ɛ ]_w
[_w a b o d u l ]_w
[_w w aː m a k e j ]_w
[_w f ʊ f ɘ ŋ ɛ ]_w
[_w f ʊ d ɘ m b ]_w
[_w d ɘː t ɛ ]_w
[_w e r iu m aː j ]_w
[_w k ɘ l ɘ t ɘ mː ɪ ]_w
[_w m ɘ r ʊ t ɛ m ɪ ]_w
[_w ʊ k ɔ r ]_w
[_w k ɘ ɟ ʊː m ɛ n ]_w
[_w b iː n e ]_w
[_w f ɘ r ɔː r ]_w
[_w f ʊ k ]_w
[_w ɟ ɪ b ɛ n ɛ n ɔ ]_w
[_w ɟ ɪ k ɘː n ɛ m ɪ ]_w
[_w ɟ i d e j a ɟ ]_w
[_w ɘ k ɘː n ɔ ɛ ]_w
[_w n ʊ b ɘ b ɘ ɟ ]_w
[_w ʊ r ɛ ɡ ɛ ]_w
[_w ɪ s r ɘ ]_w
[_w k u l a w a ɡ ]_w
[_w ɘ b ɘ n ʊ m ɪ ]_w
[_w p ɘ m b ʊ n ]_w
[_w b ɘ k ɘ m ]_w
[_w b a l a m u k ]_w
[_w p ʊ w ʊ w ʊː ɟ ]_w
[_w k ʊ n ɘ ɡ ]_w
[_w k ɘ f ɘ r ʊ m ɪ ]_w
[_w ɟ ɪ n ɔ k ɛ n ]_w
[_w k ɘ ɡ ɔ r ʊ m ɪ ]_w
[_w ʊ p ɘ n ]_w
[_w ɪ ɟ ɘ w ]_w
[_w k ɘ k ɘ r ɘ ŋ ]_w
[_w k ɘ ɟ ɔ ɟ ɛ n ]_w
[_w f ʊ l ɘ k ɘː f ]_w
[_w p a ɡ u m ]_w
[_w n ɛː m ]_w
[_w ɪ r ɛ ɡ ʊː l ]_w
[_w f ɪ c ɪ ɟ ɪː k ]_w
[_w h ɛ r ɔ t ɪ ɘ s ]_w
[_w s ɘ m p ʊ n ɘ s ]_w
[_w b ɘ n k ʊ s ɔ f ]_w
[_w k ɔ mː ɪ ]_w
[_w s ɘ l ɪ ]_w
[_w k ɘ n ɔː m ɛ n ]_w
[_w w ɔː l ɪ ]_w
[_w k u c eː ŋ ]_w
[_w b a m o n ɡ o e ]_w
[_w a p u t a ]_w
[_w a l i r oː r ]_w
[_w b ɘ ɡ ]_w
[_w l ɛ t ɘ p ɘ ɟ ]_w
[_w m ʊ l ɔ b ɘː m ]_w
[_w ɘ b ɘː l ɪ ]_w
[_w w u p ]_w
[_w ɟ i l a c ]_w
[_w ɘ c ɪ n l ɛ n ]_w
[_w b ʊ k ɘ n ɪ ]_w
[_w k ʊ f ɘ n f ɘ ŋ ]_w
[_w t ɔ m ɘ s ]_w
[_w f u ɡ o u b o ]_w
[_w f ʊ b ɪ l ]_w
[_w k ɘ l ɛ m b ɘ ɟ ]_w
[_w f u r i n k a ]_w
[_w a l i ɡ a b ]_w
[_w n ɔː t ɛ ]_w
[_w ʊ r ɛ k ʊ m ɔ ]_w
[_w ɟ ɔː l ɪ j ɔ ]_w
[_w ɘ t ɛː p ]_w
[_w s ɪ p ɪ l ʊ m ɪ ]_w
[_w w ɘ r ɛ k ɛ ]_w
[_w ɛ ɟ ɛ t ɛ j ]_w
[_w j ɘ l ɔ f ɘ ]_w
[_w k ʊ p ɘː l ɪ ]_w
[_w b ɘ b ɘ c ]_w
[_w k ʊ r ɔ ɡ ]_w
[_w k a w ]_w
[_w ɛː n ɔ ɟ ɘː t ]_w
[_w b a l i k u m i ]_w
[_w k ʊ ɟ ɪː k ɪ ]_w
[_w ɘ ɡ ɘ mː ɪ ]_w
[_w k ʊ f ɪ n t ɔ m ]_w
[_w ɘː n ɛ ]_w
[_w b a r iː ŋ e n a ]_w
[_w f ʊ ɟ ɔ ɟ ɛ n ]_w
[_w k ʊ r ɔ l ɘ ]_w
[_w k a t u l a ]_w
[_w k ʊ f ɔ k ʊ m ɪ ]_w
[_w k a b u t o ]_w
[_w m ɘ m b ɘ ɟ ]_w
[_w e k uː d ]_w
[_w j ɪ c ɛː n ]_w
[_w b ɘ l ɪ n t ]_w
[_w ɛ w ɘ ɲ ]_w
[_w b ʊ r ɔ k ɛ m ɪ ]_w
[_w k u b u r ]_w
[_w s ɪ m ɪ l ɪ ɔ ŋ ]_w
[_w s ɪ c ɛː ŋ ɘ s ]_w
[_w c i r iː ŋ e n ]_w
[_w k u t aː k u l ]_w
[_w ɘ r ɪ ]_w
[_w m ʊː s ɘ ]_w
[_w m b ɘː ]_w
[_w k u t i p ]_w
[_w j ɔ h ɘ n ]_w
[_w k u l a p u t a ]_w
[_w n ʊ l ɘ k ɔ ]_w
[_w f a t aː m ]_w
[_w ɲ ɔ n k ɘ ɲ ]_w
[_w b ɘ l ʊ k ]_w
[_w d a ɡ o n e j ]_w
[_w ʊ k ɘ b ɘ ]_w
[_w k ʊ ɡ ʊ l ɪ ]_w
[_w m ɘ ɟ ɔː n ɛ ]_w
[_w w ɘ r ɔ ŋ ɛ ]_w
[_w ɘ r ʊ t ɘ n ]_w
[_w ɘ w ɔ n k ]_w
[_w c ɪ r ɔ k ]_w
[_w f ɘ k ɔː r ]_w
[_w m ʊ k ɘː n ʊ m ɪ ]_w
[_w ɛ l ɪ s ɘ b ]_w
[_w f a l i ŋ e t ]_w
[_w t ɘ t ɪ ]_w
[_w k ɘː k ɛ mː ɪ ]_w
[_w k ʊ h ɪː l ɪ ɛ ]_w
[_w n ɘ r ɛ ɡ ɪː l ]_w
[_w n ʊ m ɘ n c ɛ n ]_w
[_w s ɪ b ʊ r ]_w
[_w k ɘ s ɘ l ʊ m ɪ ]_w
[_w ɛː n ɔ ]_w
[_w m ɘ n ɘ k ɔ j ]_w
[_w ɟ ɘ k ɛ ]_w
[_w s uː k a s ]_w
[_w n ʊ k ɘː n ɛ ]_w
[_w s ɘ w ʊː ɟ ɛ ]_w
[_w ɛ n ɘ k ]_w
[_w ʊ t ʊ m ɔː l ]_w
[_w ɘ ɡ ɘː l ]_w
[_w ɘ l ɘ k ɘː ʊ ]_w
[_w m ʊ r ɪ ɘ m ]_w
[_w i r iː ŋ u t ]_w
[_w w ɘ r ]_w
[_w k ɘ l ɘ k ɘː m ]_w
[_w t ɘ k ʊ m b ɘː k ]_w
[_w k ɘ f ɛ l ʊ m ɪ ]_w
[_w m ʊ k ɘː n ɛ ]_w
[_w b ɘ ɟ ʊː p ɔ ɛ ]_w
[_w s ɪ ɡ ɘ b ]_w
[_w n ɘ ɟ ʊ ɟ ʊ k ]_w
[_w i b u r u m i ]_w
[_w ɟ ɔ mː ɪ ]_w
[_w ɛ f ɘ ŋ ɛ ]_w
[_w ɪ r ɛ ɡ ʊ m ɪ ]_w
[_w w ɘ j ɪ t ɘ w ]_w
[_w m ʊ r ɪ ɘː l ]_w
[_w s ɔː l ʊː l ]_w
[_w ɘ n s ɪ ]_w
[_w u f eː ɡ iː r ]_w
[_w e b u r u m ]_w
[_w k ɘ s ɔ f ɪ m ɪ ]_w
[_w ɪ ŋ ɔː l ɛ n ɛ ]_w
[_w n ɘ j ɘ b ɔː r ]_w
[_w f ʊ j ɘː k ɘ f ]_w
[_w m ɘ m b ɪ ]_w
[_w f uː r ]_w
[_w p ɘ n k ʊ b ɘ ɟ ]_w
[_w l ɘ n d ɛ n ]_w
[_w f ʊ k ɘ r ɘː j ]_w
[_w k aː n i n k ]_w
[_w f ʊ f ɔ k ʊ m ɪ ]_w
[_w k a p u r u m ]_w
[_w ɛ m ɘ ŋ ʊ m ɪ ]_w
[_w m ɘ l ɛː k ɘ s ]_w
[_w k u w o n k u l ]_w
[_w ɟ i j i n e n i ]_w
[_w ɘ f ɪ r ɘ ʊ n ɘ ]_w
[_w k ɘ k ɘː n ɛ j ]_w
[_w ɘː n ɔ m ]_w
[_w k ʊ p ɘ c ɘː l ]_w
[_w b ʊ s ɘː n ɘː w ]_w
[_w n ɘ r ɛ r ɛ r ]_w
[_w b a l u d a p ]_w
[_w ɟ ɪ m ʊː t ɛ n ]_w
[_w m ɘː n ]_w
[_w e b o l i iː m i ]_w
[_w ɘ s ɘ l ʊ m ɪ ]_w
[_w ɟ ɪ k ɘ t ɪː l ]_w
[_w ɛ p ɪ l ɛ m ɪ ]_w
[_w u m b oː m ]_w
[_w p ʊ r ɔ k ]_w
[_w f u m eː l o i ]_w
[_w b ʊ b ɘ b ɘ c ]_w
[_w ɘ m b ɘ ɔ m ]_w
[_w ɘ s ɔ f ]_w
[_w ɟ ɛ t ɛ ɘ ɔ ]_w
[_w n ɘ r ɪ ɛ m ɪ ]_w
[_w j ɔ r ʊ t ɘ ]_w
[_w e b u r ]_w
[_w n ɘ l ɘ t ɪ ɘ ]_w
[_w ɛ ɡ ɘː n ɪː m ɪ ]_w
[_w k ʊ ɟ ɪ s ɔ m ɪ ]_w
[_w n ɘ j ɪ t ɔ ]_w
[_w k ɘ m ɘ l ɪ ɛ l ]_w
[_w n ɘ l ɔ l ɔː l ]_w
[_w ɛ m ɪ n ɪ s ɘ ʊ ]_w
[_w ɛ ɟ ɪ l ɘ w ɔ m ]_w
[_w m ɘ b ɘ ɟ ʊ m ɪ ]_w
[_w c ɪ m ɘ ŋ ʊː m ɪ ]_w
[_w k ʊ b ʊ ɟ ɔ m ]_w
[_w n ɛː t ɛ ]_w
[_w b ɘ r ɘː n ɘ ]_w
[_w ʊ b ɘ ɟ ɔ ]_w
[_w b ɘ n ʊ m ɪ ]_w
[_w n ɘ k ɔ k ɛ r ]_w
[_w ɪ w ɘ l ɛ n ɛ ]_w
[_w f ʊ b ɘ ɟ ɔ m ɪ ]_w
[_w f a r u s e j ]_w
[_w t a m i ]_w
[_w p ʊ k ɘ b ɘː k ɛ ]_w
[_w ɘ f ɪ r ɪ ɡ ]_w
[_w t u l u ]_w
[_w ʊ ŋ ɘ r ɘ b ]_w
[_w k aː m a k a p ]_w
[_w a p u r e n ]_w
[_w b a k o n a u ]_w
[_w w ɘ s ɔ f ʊ t ]_w
[_w b ɘ s ɘ n ɡ ɛ n ]_w
[_w r ɛ ʊ t ʊ t ɔ ]_w
[_w f u s i m ]_w
[_w ɛ r ɛ ɡ ɪ ]_w
[_w k ʊ ɲ ɛ s ʊ m ɪ ]_w
[_w c ɪ j ɪ t ɔ m ɪ ]_w
[_w k a p u r u l ]_w
[_w f a ɟ u l oː l ]_w
[_w k ʊ s ɛ n ʊ m ɪ ]_w
[_w k ʊ c ɪ k ɛ r ]_w
[_w k ɘ ɟ ɪ b ʊ r ]_w
[_w ʊ ɡ ɔ j ]_w
[_w t ɘ k ʊ m p ɘː k ]_w
[_w ɛ r ɛ ɡ ʊ m ɪ ]_w
[_w ɛ ŋ ɘ r ]_w
[_w k u p u l u l ]_w
[_w t u n i aː j ]_w
[_w b ɘ n k ʊ b ɘ ɟ ]_w
[_w n ɘ ɟ ɪ k ɛ r ]_w
[_w k ɘ l ɘː k ɘ w ]_w
[_w ʊ n ɔ k ɛ n ]_w
[_w ɛ b ɘ ɟ ʊ t ]_w
[_w f ʊ f ɔ k ɪ m ɪ ]_w
[_w m ʊ l ɛ d ɘː l ]_w
[_w k u r i t ]_w
[_w a t i j aː r ]_w
[_w b ɛ n ɛ n ɔ ]_w
[_w k ɘ m ɘ l ]_w
[_w f ʊ r ɔ l ɘː k ]_w
[_w ʊ ŋ ɔː l ɛ n ɛ ]_w
[_w p ɘ n ɛ j ]_w
[_w s ɪ r ɛ k ʊ m ɪ ]_w
[_w k ɘ ɟ ɘ l ɔː r ]_w
[_w k a b u r e j ]_w
[_w ɟ ɪ ɟ ɛ ɛ ]_w
[_w b ɘ t ɘː l ɘ ]_w
[_w k a m i k a k ]_w
[_w k a l i n t ]_w
[_w d ɘ ʊ t ɘ ]_w
[_w f ʊ t ɪː k ɘ f ]_w
[_w k ʊ l ɛː b ɘ ɟ ]_w
[_w ɟ i j iː s e n a ]_w
[_w k u ɡ aː n u m ]_w
[_w ʊ ɟ ɛ ɛ m ɪ ]_w
[_w ɟ ɪ ɟ ɘ m ɔː r ]_w
[_w ɘ l ɔ l ɔ ]_w
[_w ɘ ɟ ɘ m ɛ j ]_w
[_w ɲ ɘ ɡ ɘ b ɘː t ]_w
[_w k ʊ l ɘː ɲ ]_w
[_w s ɪ m ɛ ɔ n ]_w
[_w k ɘ l ɘː ɲ ]_w
[_w k u ɡ aː n u m a ]_w
[_w f a c u l uː l ]_w
[_w n ɪ p ɪ l ]_w
[_w t ʊ t ʊ l ɔ ]_w
[_w k a f a ]_w
[_w ɘ r ɛ ɡ ʊ m ɪ ]_w
[_w k ɘ b ɔː j ]_w
[_w aː m a ɡ ]_w
[_w ɘ s ɘ m p ʊ n ]_w
[_w k ʊ ŋ ɘ r ]_w
[_w k ʊ k ɘː n ɛ r ]_w
[_w ɪ k ɘ mː ɔ ]_w
[_w f ʊ c ɛ ɛ ]_w
[_w a f e ɡ e t ]_w
[_w w a n t o m i ]_w
[_w k ʊ r ɘ k ]_w
[_w ɛ n ɛ n d ɔ ]_w
[_w k ʊ j ɘ j ɘ b ]_w
[_w k ʊ p ɘ ɟ ʊ l ɔ ]_w
[_w i j iː s uː l ]_w
[_w ɘ r ɛ ɡ ɪ m ɪ ]_w
[_w ʊ b ɘ n ɔ ]_w
[_w b ʊ d ɔ m ɪ ]_w
[_w s ɪ l ɔ ɘ m ]_w
[_w b a r iː ŋ e n ]_w
[_w s a n aː j ]_w
[_w ɛ r ɛː b ɛ j ]_w
[_w f ɔː l ɪ j ɔ ]_w
[_w k ʊ c ɘ w ʊ m ɪ ]_w
[_w ɛ j ɘ b ɛ m ɪ ]_w
[_w s i ɡ o d i ]_w
[_w b ɘ b ɘ ɟ ]_w
[_w ɛ ɟ ɪː l ɘ ]_w
[_w b u r o m iː l ]_w
[_w ɟ ɛ p ʊ j ɔ ]_w
[_w s a l o iː m i ]_w
[_w ɘ m p ɘ ɔ m ]_w
[_w b ɘ l ɘ t ]_w
[_w ɘ p ɔ l ɔ ]_w
[_w ɘ s ɛː k ɔː l ]_w
[_w b ɘ j ɘ b ɔː r ]_w
[_w ɛ r ɔ ŋ ɪ ]_w
[_w n ɘ f ɘ ]_w
[_w f u b u t o ]_w
[_w m p ɪ ]_w
[_w m ɪ l ɛ t ɔ ]_w
[_w b ʊ r ɛ t ɔ r ɪ ]_w
[_w ʊ k ɪ l ɘ ]_w
[_w b ʊ t ʊ m ɔ m ]_w
[_w b ɘː k ]_w
[_w k a m uː r o ]_w
[_w k ɘ j ʊː j ɘ k ]_w
[_w k ʊ t ɪ ɘː j ]_w
[_w s ɪ m ɔː ŋ ]_w
[_w n ɘ ɟ ʊ k ɛ m ɪ ]_w
[_w k ʊ t ɛ k ]_w
[_w ɘ t ʊː k ɪ m ɪ ]_w
[_w n ɘ k ɘ mː ɔ ]_w
[_w p ɛ b ɛ j ]_w
[_w k ɘ b ɪ n t ]_w
[_w f ʊ r ʊ n k ɛ j ]_w
[_w ɛ s ɔ f ɔ m ]_w
[_w k ɘ k ʊ f ɘ k ]_w
[_w ɟ ɘ b ɘ ɟ ʊ m ɪ ]_w
[_w ɘ n ɘ n ]_w
[_w c ɪ p ɪ l ʊ m ɪ ]_w
[_w ɛ ŋ ɘ r ʊ m ɪ ]_w
[_w j ɘ ɟ ɘ k ɘː k ]_w
[_w f ɘ t ɪː t ɘ f ]_w
[_w p ʊ r ɪ ɔ ɛ ]_w
[_w m u p u t o e ]_w
[_w ɘ t ɪ ɟ ɘ m ɔː r ]_w
[_w f ʊ b ɪ l ʊ m ɪ ]_w
[_w u k u n a p ]_w
[_w b u m b ]_w
[_w m ɔː t ɛ ]_w
[_w ɟ ɪ k ɘ mː ɔ ]_w
[_w ɛ s ɛː k ɛ j ]_w
[_w k u l aː ɲ u l ]_w
[_w ɘ k ɘ m ɛ n ]_w
[_w ɛ r ɛ ɡ ʊ t ]_w
[_w ɘ b ɔ ɲ ]_w
[_w b ɛ t ʊ f ɘ k ɛ ]_w
[_w ɘ ɲ ɔː l ]_w
[_w p ʊ k ɔː k ɛ ]_w
[_w ʊ l ɔ ɘ ]_w
[_w s ɔ mː ɪ ]_w
[_w ʊ k ɘ ɟ ɛ s ɔː r ]_w
[_w ɟ ɪ ɟ ʊː m ɛ r ]_w
[_w m ɔ f ]_w
[_w k ɘ k ɘ ɲ ɔ ]_w
[_w m ʊ f ɘ ŋ ]_w
[_w k ɘ f ɘ t ɔː l ]_w
[_w ɘ s ɛː k ɘ k ]_w
[_w ʊ r ɛ ɡ ɛ j ]_w
[_w k ʊ b ɘ ɟ ʊː p ɔ ]_w
[_w ɘ t ɘ m b ]_w
[_w ɪ t ɛ p ɛ n ]_w
[_w ɛ l ɘ w ʊː l ]_w
[_w ɟ ɪ m ɘ k ]_w
[_w ʊ k ɘ b ]_w
[_w m aː m a k a f ]_w
[_w ʊ h ɪː l ɪ ɛ ]_w
[_w n ɘ l ɛ l ʊ j ɘ ]_w
[_w k ʊ b ɘ ɟ ɘː r ]_w
[_w d ɪ b ɛ r ɪ ɘ ]_w
[_w b a k o r i ]_w
[_w ɪ c ɛ ɛ ]_w
[_w b ʊ r ɔ ŋ ɘː ʊ ]_w
[_w k ɘ f ɘ ŋ ]_w
[_w ʊ l ɪ m ɪ ]_w
[_w k ɘ m b ɪ m ɪ ]_w
[_w k ʊ t ɪː k ɘ ]_w
[_w ɔː m ɛ ]_w
[_w k ʊ k ɘ p ɘː k ɛ ]_w
[_w m ɘ p ʊ t ɛ m ɪ ]_w
[_w ɘ r ʊ n ɡ ɘ ɔ m ]_w
[_w w ɘ l ɛ n ɪ ]_w
[_w k ɘ ɲ ɛ n ɔ m ]_w
[_w k ɘ n ɘ ]_w
[_w b ʊ k ɘ n ɘ k ]_w
[_w ɟ ɪ r ɛ m b ɘ c ]_w
[_w k ɘ b ɪ ɲ ɔː ]_w
[_w t ɘ k ʊ m ɪ ]_w
[_w ɘ b ɪ l ɔ n ]_w
[_w f ɪː t ]_w
[_w ʊ b ɘ c ɛ ]_w
[_w ʊ ɟ ʊ k ɔː l ]_w
[_w ʊ ɟ ɘ ɟ ɘ w ]_w
[_w ɪ d ɛ b ɛ n ]_w
[_w ɟ ɪ k ɘː n ɔ ɛ ]_w
[_w n ʊ p ɘ p ɘ c ]_w
[_w ɟ ɪ r ɪ ɔː r ]_w
[_w ɟ ɪ r ɔ k ]_w
[_w k ɘ m ʊ k ɛ n ]_w
[_w p ʊ k ɛ ]_w
[_w k ʊ m ʊː t ɛ n ]_w
[_w b ʊ m ɘ ŋ ʊ m ɪ ]_w
[_w ɪ ɲ ɘː j ɔ m ]_w
[_w k u l a u l u t ]_w
[_w s uː m oː l ]_w
[_w ɘ m ɘ ŋ ʊː m ɪ ]_w
[_w ɟ ɪ r ɪː b ɛ n ]_w
[_w ɟ ɪ m ɘ n ɟ ʊ t ]_w
[_w b ɛ t ]_w
[_w ɟ ɘ ɟ ɘ k ʊ t ]_w
[_w k ɘ ɟ ɛ s ɔː r ]_w
[_w k ɘ l ɘ b ]_w
[_w t ɪ b ɛ r ɪ ]_w
[_w j ʊ n k ʊ l ɛ j ]_w
[_w d oː r o ]_w
[_w f ɛ s ɪ t ɔ n ]_w
[_w k ʊ s ɘ n k ɛ n ]_w
[_w t ʊ l ]_w
[_w m a k a l i ŋ ]_w
[_w n ɘː n ɛ ]_w
[_w k a r iː ŋ ]_w
[_w ʊ r ɔ ŋ ɘ b ]_w
[_w ʊ t ɪ l ʊ l ]_w
[_w d ɘ m b ɪ ]_w
[_w ɘ f ɪ n d ɔ ]_w
[_w k a k o l i m i ]_w
[_w ʊ k ɔ j ʊ m ɪ ]_w
[_w k ʊ ɟ ɘ ɡ ɛ ]_w
[_w ɟ ɪ ɟ ɪ k ɛ r ɛ ]_w
[_w ɟ ɔː t ɛ ]_w
[_w ɟ ɛ t ɛ j ]_w
[_w p u n u ŋ a ]_w
[_w r iː ŋ u m i ]_w
[_w ɪ l ɘ k ɔ ]_w
[_w m ʊ ɡ ʊ m ɪ ]_w
[_w s ɘ ɟ ɛ ɛ ]_w
[_w p ɘ l ɪ n t ]_w
[_w p ɘ ɟ ɘː m ɪ ]_w
[_w ɘ r ɪː b ɛ n ɔ m ]_w
[_w f ʊ b ɘ ɟ ]_w
[_w b ʊ t ʊ m ɘ w ]_w
[_w k ʊ k ɘː n ʊ t ]_w
[_w ɟ ɪ ŋ ɔː l ɛ n ɛ ]_w
[_w m ɘ m ɘː t ʊ m ]_w
[_w ɛ t ɘ m p ɪ ]_w
[_w ɘ ɟ ɔː n ɛ n ]_w
[_w k u m u m u n e ]_w
[_w k ɘ l ɛ b ɔː r ]_w
[_w d ɘ k ʊ m ɪ ]_w
[_w k ɘ t ɛː p ɘː ʊ ]_w
[_w b ɘ m ɘ j ɔː l ]_w
[_w ɟ ɛ b ɔ m ]_w
[_w c ɪ b ʊ r ]_w
[_w ɛ l ʊː p ɪ ]_w
[_w k ʊ n ɔː m ɘ n ]_w
[_w n ʊ c ɘ n ɟ ɘ m ]_w
[_w u j e n t e n ]_w
[_w s ɔ d ɔ m ]_w
[_w ɘ ɟ ʊ k ɛ j ]_w
[_w k ʊ f ɔ k ɪ m ɪ ]_w
[_w f ɪː l ɘ f ]_w
[_w s ɘ ɟ ɘ k ɘː j ]_w
[_w ɘ ɟ ʊ k ɛ m ɪ ]_w
[_w k ɘ ɟ ɘ m ɛ m ɪ ]_w
[_w k u f a ɟ u l a ]_w
[_w ʊ r ɛː s ɘ w ]_w
[_w ɛ n ʊ k ]_w
[_w ɪ b ɘ ɟ ʊ m ɪ ]_w
[_w t ɛ n t ɘː m ]_w
[_w b ʊ f ɘ ŋ ]_w
[_w k u c eː t u m ]_w
[_w a r aː d i a ]_w
[_w n ɘ r ɛ k ɪː l ]_w
[_w ɘ ɡ ɘː n ɛ j ]_w
[_w ʊ r ʊ ŋ ]_w
[_w k a p o t u l ]_w
[_w f ɘ c ]_w
[_w w ɔ mː ɪ ]_w
[_w k ʊ t ʊ n d ɛ n ]_w
[_w e l i n k a f ]_w
[_w k ɘ j ɔː ŋ ɘ ɡ ]_w
[_w d a k o n e j ]_w
[_w k ɘ l ɘː ɡ ɘ k ]_w
[_w k a m i ɡ a w ]_w
[_w f ʊ t ɔ k ɛ j ]_w
[_w ʊ r ɔ k ɪː l ]_w
[_w k ɘ j ɛ l ]_w
[_w ʊ k ɔ j ]_w
[_w j a k o n ]_w
[_w ɛ b ɘ n ɛ l ɘ k ]_w
[_w ɛ r ɛ k ]_w
[_w u t i e n aː l ]_w
[_w ɛ t ɛ b ]_w
[_w n a b i l e u l ]_w
[_w l ɛ c ]_w
[_w t ɛ s ɘ m b ʊ n ]_w
[_w ɘ f ɛ l ʊ m ɪ ]_w
[_w ɘ b ɘ k ɔ m ɪ ]_w
[_w ɘ b ɘ c ]_w
[_w b ɘ l ɛː ]_w
[_w j ɘ s ɔ f ɪ ]_w
[_w ɘ t ɛː p ʊ m ɪ ]_w
[_w n ʊ w ɔ n ɔː r ]_w
[_w k ʊ t ɪ ɘː k ]_w
[_w b ʊ t ʊ m ɔː l ]_w
[_w k ʊ r ɛ r ɛ r ]_w
[_w s ɘ m p ʊ n ]_w
[_w k ʊ b ɪ n ɘː j ]_w
[_w ɛ l ɔ l ɔ ]_w
[_w k ʊ l ɘ t ]_w
[_w k ʊ k ɘ t ]_w
[_w ɛ k ɪ l ɘ ]_w
[_w ɟ ɪ r ɛ k ʊ m ɪ ]_w
[_w ɛ b ɛ b ɛ n ]_w
[_w ɘ p ɘː l ɪ ]_w
[_w n ɘ l ɘ d ɛ ]_w
[_w ɘ ɡ ɘː n ɛ ]_w
[_w ʊ ɟ ɛ ɡ ɔː r ]_w
[_w k ʊ ɟ ɘ ŋ ɘː c ]_w
[_w k ɘ b ɘ k ]_w
[_w ɘ k ɘː n ʊː l ]_w
[_w aː m a ɡ a w ]_w
[_w j ɘ f ɘ ŋ ɛ ]_w
[_w ɟ ɔː t ʊ t ]_w
[_w k ʊ ɡ ɘ r ɘ ŋ ]_w
[_w ɛ ɟ ɘː m ]_w
[_w p ɘ j ɘ b ]_w
[_w k ʊ t ɛ k ɛ l ]_w
[_w ɘ k ɘː n ʊ t ]_w
[_w ɟ ɛ p ɔː l ɛ j ]_w
[_w k ʊ k ɘ c ɛ n ɪ ]_w
[_w k ʊ ɟ ʊ ɟ ʊ ɡ ɪ ]_w
[_w ɛ b ɪ n ɛ ɡ ɘ r ]_w
[_w k ɘ l ʊ b ]_w
[_w l ɛ t ɘ r ɘː j ]_w
[_w ɘ s ɛ n ɪː m ɪ ]_w
[_w b ɘ l ɘ k ɔ ]_w
[_w f ʊ p ɘ n d ɔ m ]_w
[_w m aː m a k a u ]_w
[_w k ɘ ɟ ɪ b ʊ l ɔ ]_w
[_w b ɘ n ɡ ʊ p ɘ ɟ ]_w
[_w b ɘ n ɛ ɡ ɘː n ]_w
[_w f ʊ ɟ ɔ ɟ ]_w
[_w ɛ j ɛ l ɘ ]_w
[_w ɘ b ɘ k ɛ n ]_w
[_w ɡ ʊ r ɪ m ɔ m ]_w
[_w f ʊ n k ɔː l ]_w
[_w s ɪ b ɪ l ʊ m ɪ ]_w
[_w u ɟ i m aː k ]_w
[_w a c u p o m i ]_w
[_w p ɘ l ]_w
[_w n ɘ l ɘ ɡ ɔ ɛ ]_w
[_w f u m p uː r ]_w
[_w k u ŋ a r u m ]_w
[_w k ɘ k ɘ t ]_w
[_w m ʊ m ɛ l ]_w
[_w c ɪ ɲ ɛ s ʊ m ɪ ]_w
[_w ɟ ɪ ɟ ɔ ɟ ɛ m ɪ ]_w
[_w ɛ l ɘ w ɛ m ɪ ]_w
[_w b ɘ p ɘ ɟ ɛ ]_w
[_w n ʊ m ɘ ŋ ɛ ]_w
[_w ɛ k ɘ mː ɔ ]_w
[_w d ʊ r ɘː t ]_w
[_w ɔː l ɔ l ɘː l ]_w
[_w t i t i iː l ]_w
[_w k u r e ɡ a k ]_w
[_w n a k o n a w ]_w
[_w ɛ w ɔ n k ʊ m ɪ ]_w
[_w k ɘ b ɘ l ɘː t ]_w
[_w k ɘ j ɘ b ɔ ]_w
[_w u k a m u n i ]_w
[_w b ɘ n ɘ k ɘː n ɛ ]_w
[_w s ɔ ɔ s ʊ ]_w
[_w s i n d o oː l ]_w
[_w b ʊ f ɪ n d ɔ ɛ ]_w
[_w ɘ s ɔ ]_w
[_w m ʊ r ɪ ɘ m ʊ ]_w
[_w j ʊ s ʊ t ɔ ]_w
[_w k ɘ k ʊ m p ɘ ]_w
[_w j ɘ n ]_w
[_w u k o l i m i ]_w
[_w ʊ b ɪ n ɘː j ]_w
[_w b ʊ k ɔː k ʊ ]_w
[_w p ɛː r ɪ ]_w
[_w ɟ ɪ b ʊ l ɔ l ɔ ]_w
[_w ʊ c ɛ ɡ ɔː r ]_w
[_w ʊ f ɛ l ʊ m ɘ w ]_w
[_w ɟ ɪ c ɘ m ɔː l ]_w
[_w k ɘ t ɪː k ɘ ]_w
[_w e r iː ŋ u p o ]_w
[_w n ɘ l ɘ k ɔ ]_w
[_w s ɪ j ɘː k ɘ k ]_w
[_w k u ɟ u b o m i ]_w
[_w b u b aː r a p ]_w
[_w ɟ ɘ t ɛ m ɘ s ]_w
[_w k ʊ l ɛː ŋ ɘ k ]_w
[_w b u k aː s ]_w
[_w n ɘ s ɘ n k ɛ n ]_w
[_w ɟ ɪ ɟ ʊ k ɔ m ]_w
[_w ɘ d ɘ ]_w
[_w k a r u m ]_w
[_w ɘ k ɪː j ɘ ɔ m ]_w
[_w ʊ r ɔ ŋ ɘː l ]_w
[_w e b u r u l o ]_w
[_w w ɘ t ɪ ]_w
[_w ɘ b ɪː m ɪ ]_w
[_w a b u t a ]_w
[_w b ʊ f ɔ ]_w
[_w t ɔ ɔ d ʊ ]_w
[_w ɛ ɲ ɛ s ɛ j ]_w
[_w f u s ]_w
[_w w ɘ m p ɘ ɪ ]_w
[_w f a r u s a f ]_w
[_w k ɔː l ɪː l ]_w
[_w p ʊ r ɔ k ɘ b ]_w
[_w ɟ ɪ r ɘː n ]_w
[_w n ɘ ɟ ɪ ɟ ɪː k ]_w
[_w k ɘ k ʊ m ɪ ]_w
[_w m ɘ r ʊ d ɛ m ɪ ]_w
[_w e r a c u l uː l ]_w
[_w k ʊ t ɛ ɡ ɪː l ]_w
[_w ɘ p ɪ l ]_w
[_w n ɘ m ɘ k ʊ m ]_w
[_w ɲ ɪ w ʊ c ]_w
[_w s ɘ l ɘ k ɔ m ɪ ]_w
[_w b ʊ r ɔ k ɪː l ]_w
[_w ɡ ɘː m ]_w
[_w k ɘ ɟ ɔː n ɛ ]_w
[_w b u p u t o ]_w
[_w ɟ ɪ ɟ ɔ ɟ ɛ n ]_w
[_w m ɘ k ɘ mː ɔ ]_w
[_w k ɘ f ɪ ʊ m ɘ k ]_w
[_w k ɘ l ɘ t ɪ ɘ ]_w
[_w k ʊ ɟ ʊː m ɛ n ]_w
[_w p ʊ k ɘː l ɛ n ]_w
[_w k ʊ c ɘː m ]_w
[_w k a j iː s e n ]_w
[_w m ʊ ɡ ɪ l ʊ m ɪ ]_w
[_w ɘ b ɪ l ɛ m ɪ ]_w
[_w s ɪ s ɘ h ɘː ɟ ]_w
[_w k ʊ ŋ ɘ b ]_w
[_w aː m a k a s ]_w
[_w ɘ ɟ ɘ k ʊ t ]_w
[_w ɡ ɘ t ɘ f ɘ k ]_w
[_w m ɘ r ɔ ŋ ]_w
[_w w aː m a k a u ]_w
[_w p ɘ k ɔː ŋ ɘ p ]_w
[_w p ɘ l ɘ ɘ ]_w
[_w k ʊ t ʊ n t ]_w
[_w k ɘ k ɘ ɟ ɛ n ɪ ]_w
[_w k ʊ b ɔ ɲ ɘː k ]_w
[_w ɟ ɪ t ɪ l ʊ l ɔ ]_w
[_w ɛ r ʊ n ɡ ɘ ]_w
[_w k u k a l i a ]_w
[_w s ɪ r ɛ ɡ ʊ t ]_w
[_w ɛ f ɛ s ]_w
[_w m ɘ b ɘ ɟ ʊ l ɔ ]_w
[_w k u m a ]_w
[_w ɟ i p u r u m ]_w
[_w k ɘ m ɘ t ɘ k ]_w
[_w k u l a u l a k ]_w
[_w w a k o n a u ]_w
[_w w aː m a k a b ]_w
[_w p ɛ t ʊ f ɘ k ]_w
[_w ɡ ɘ ɲ ɛ n ɪ ]_w
[_w k u c u p o ]_w
[_w k ʊ m ɔ ɟ ɘ k ]_w
[_w w a k o n ]_w
[_w b ɔː p ]_w
[_w ɘ b ʊ n d ]_w
[_w ʊ b ɘ k ɪː r ]_w
[_w s ɪ b ɘ n ]_w
[_w s ɪ k ɔ l ɔ ŋ ]_w
[_w ʊ b ɘ ]_w
[_w a l a p u t o ]_w
[_w ʊ j ɘ b ɘ c ]_w
[_w l ʊ t ɘ ]_w
[_w k ɘ b ɔː j ɘː ʊ ]_w
[_w n ɘ b ɘ ɟ ʊ t ]_w
[_w f ɔː l ɘ ]_w
[_w w ɘ r ɔ ŋ ɛ n ]_w
[_w p ɘ n ʊ ɟ ɘ w ]_w
[_w s i p aː s ]_w
[_w a p o ɲ u l ]_w
[_w ɛ l ʊː p ɔː l ]_w
[_w k a t i b aː ɡ ]_w
[_w s i w i l i ]_w
[_w ɟ ɪ ɡ ɔ b ]_w
[_w f u p aː r a p ]_w
[_w a p a t u l ]_w
[_w ʊ l ɘː k ɘ k ]_w
[_w k a l i a ]_w
[_w k u b aː r ]_w
[_w ɘ r ʊ n k ʊ m ɪ ]_w
[_w b a p uː m e ]_w
[_w p u r oː k aː w ]_w
[_w k ʊ m ɘ n ɟ ɛ j ]_w
[_w b ɘ b ɘ ɟ ɛ ]_w
[_w ɛ s ɔ f ʊ m ɪ ]_w
[_w n ʊ b ɘ ɟ ɛ ]_w
[_w k ɘ s ɘ l ɘ ɡ ɔ ]_w
[_w ɟ ɘ l ɛː b ɘ b ]_w
[_w ɛ ɡ ɘː n ɔ ɛ ]_w
[_w ɛ p ɘ ɡ ]_w
[_w ɘ m ɘ n c ɘ f ]_w
[_w ɟ ɘ l ɛː b ɘ ]_w
[_w k ʊ r ɪ m ɘ t ɛ ]_w
[_w ɛ t ɘ m b ɪ ]_w
[_w b ʊ k ɘ p ɘ ]_w
[_w ɘ p ʊ ɟ ]_w
[_w u j iː s e n ]_w
[_w w ɘ ɲ ɘ w ]_w
[_w n ɘ ɟ ɘ m ɛ j ]_w
[_w ɟ ɘ p ɘː k ɛ ]_w
[_w ɛ p ɘ ɟ ʊ t ]_w
[_w ɘ ɟ ɪ ɡ ɛ r ɛ ]_w
[_w m ʊ k ɘ mː ɪ ]_w
[_w l ɔ n k ɔ s ɛ j ]_w
[_w ɛ l ɘ ɡ ]_w
[_w k ʊ s ɛ n ɔː l ]_w
[_w ɘ ɟ ɔː n ɘ m ]_w
[_w k u ɟ i m ]_w
[_w f u k o u f o ]_w
[_w k ʊ t ɪ ɪ ]_w
[_w s ɔː n ɛ ]_w
[_w ɟ ɪ ɟ ɪ ɡ ɛ r ɛ ]_w
[_w k ɘ l ɔ f ʊ m ɪ ]_w
[_w w a r iː ŋ u m i ]_w
[_w b a n k oː m i ]_w
[_w k u r i d ]_w
[_w b ɘ ʊ l ]_w
[_w b ɘ l ɘ k ɔ m ɪ ]_w
[_w ʊ ɡ ɘ n ɔː k ɘ n ]_w
[_w k ɘ c ɔː n ɛ ]_w
[_w k u l i r oː r e ]_w
[_w k ʊ k ʊ r ɘː k ]_w
[_w n a t i p aː ɡ ]_w
[_w w aː l o uː l ]_w
[_w p ɪ j ɔ ʊ t ]_w
[_w e b u r u l ]_w
[_w k ɘ ɟ ʊ mː ɪ ]_w
[_w k ʊ r ɛ ɛ ]_w
[_w p ɘ s ɘ n k ɛ n ]_w
[_w s ɛ r ɛ r ɛ ]_w
[_w ɛ l ɛ k ɛ n ɘ ʊ ]_w
[_w ɘ j ɪ t ɔ ]_w
[_w k ɘ m ɘ n ɟ ɘ ]_w
[_w k ʊ ŋ ɘ p ]_w
[_w k ɘ ɟ ɛ n ]_w
[_w ɔː l ɘ ]_w
[_w ɘ m p ɘː ʊ ]_w
[_w f a l i ŋ aː ɡ ]_w
[_w n i p o ɲ e u l ]_w
[_w k a k a l i ŋ e ]_w
[_w u j iː s ]_w
[_w ʊ m ɘ n ɟ ɛ n ]_w
[_w t ʊ k ɪ k ɔ ]_w
[_w a l i r e n ]_w
[_w ɛ r ɛ ɡ ɔː m ɪ ]_w
[_w s ɘ l ɔ f ɘ ]_w
[_w ɡ ɘ k ɘː n ]_w
[_w j ɘ f ɘ s ]_w
[_w b ʊ w ɘː s ]_w
[_w k ɘ ɡ ɘ t ɛ b ɔ ]_w
[_w ʊ r ɛ s ɛ ŋ ]_w
[_w k u t aː ɡ ]_w
[_w b ɘ ɟ ɪː k ]_w
[_w s ɪ r ɛ ɡ ]_w
[_w ɘ c ɛː ŋ ɔː l ]_w
[_w k ʊ t ɔ k ]_w
[_w s ɪ m ɔ ]_w
[_w k ʊ c ɛː n ɘ k ]_w
[_w f ʊ r ʊ k ɪ ɘ ]_w
[_w k u ɡ o o m ]_w
[_w a j i a ɟ ]_w
[_w k ʊ l ɘ ɡ ɔ ]_w
[_w k a s uː m a k ]_w
