[_w u ɾ u ɰ u a ɯ ]_w
[_w ʋ o i ]_w
[_w x e t e ɾ i a ]_w
[_w x e ⁿd i ʋ e ]_w
[_w ⁿd e ᵑɡ o ]_w
[_w x o ɰ u e ɰ u i ]_w
[_w x e ʔ i s e ]_w
[_w u p e a ]_w
[_w p o a p ɯ ]_w
[_w ɯ ʋ ɯ k u ʔ i ]_w
[_w e s t e ɾ o ]_w
[_w o dʒ e ᵐb o ĩ ]_w
[_w t e ɾ ã ]_w
[_w ⁿd a ʋ ɯ ʔ ɯ̃ ]_w
[_w x a ʔ e x e ɾ o ]_w
[_w ⁿd o i k a t u ]_w
[_w ɾ o ɰ a ɰ u i ]_w
[_w ɾ e k o ]_w
[_w t e ᵐb i ʔ u ]_w
[_w u ɾ u ⁿd e ]_w
[_w x a ʔ e i ʃ a ]_w
[_w t u p ã ]_w
[_w dʒ e ɯ ʋ o ]_w
[_w x ã i ]_w
[_w x e t e k u e ]_w
[_w o ɾ a ]_w
[_w ɾ e ⁿd o ⁿd e ]_w
[_w ⁿd a x a ⁿd i ɾ i ]_w
[_w x ɯ a k u ã ]_w
[_w ᵐb ɯ t e ɾ e ]_w
[_w o ᵐb o a dʒ e ]_w
[_w o ɰ u a ]_w
[_w ʋ ɯ ʔ a p e ]_w
[_w a ᵑɡ a p ɯ ]_w
[_w ɯ ɰ u a ]_w
[_w p u s o ]_w
[_w a ⁿd i ʋ e ]_w
[_w e ᵐb a l s e ]_w
[_w x a ɰ u ã ʃ e ]_w
[_w t u k u ᵐb o ]_w
[_w p o t a ]_w
[_w ɯ ʋ ɯ t ɯ ]_w
[_w o ᵐb o ]_w
[_w o ĩ ɾ a ᵐb o ]_w
[_w t u p ã s ɯ ᵐb e ]_w
[_w o i p e ʔ a ]_w
[_w o dʒ e x e ʃ a ]_w
[_w i s a ɾ a k i ]_w
[_w a ɾ a p ɯ t u ]_w
[_w p e ʋ e ]_w
[_w dʒ a ⁿd e ]_w
[_w k o ʔ ẽ ɾ e ]_w
[_w dʒ a ʔ u ]_w
[_w p e dʒ u ]_w
[_w p o ɾ e k o ]_w
[_w ᵐb o ɾ a ɯ x u ]_w
[_w t u p ã ᵐb e ]_w
[_w p u ⁿd t o ɾ e ]_w
[_w a ᵐb a ᵐb a ]_w
[_w p e a ]_w
[_w o ĩ ɰ u i ]_w
[_w o ᵐb ɯ a k u ã ]_w
[_w k u a ɾ a ⁿd u ]_w
[_w p e t e ]_w
[_w t u k ã ]_w
[_w p ɯ ɾ i ]_w
[_w dʒ e ʔ ẽ ᵑɡ a ]_w
[_w dʒ a dʒ u x u t a ]_w
[_w ɾ a p i ʃ a ]_w
[_w a ʋ a ʋ e ]_w
[_w t a p e ]_w
[_w ɯ p a ]_w
[_w ɰ o t ɯ o ]_w
[_w p i ɾ e ]_w
[_w a ɰ a ]_w
[_w dʒ a x u ]_w
[_w t e k o ɰ u i ]_w
[_w ɾ e ɾ u x a ɾ a ]_w
[_w o i k o ⁿd e ]_w
[_w o ĩ ʋ a ]_w
[_w ᵐb e t ɾ o ]_w
[_w t e ⁿd o t a ]_w
[_w dʒ a ⁿd e ʋ e ]_w
[_w dʒ o x ⁿd ]_w
[_w o ᵐb e ⁿd a ʋ a ]_w
[_w ʋ a ɾ ɰ a s ]_w
[_w o dʒ e ᵐb ɯ a s ɯ ]_w
[_w ⁿd o ʔ u i ]_w
[_w i ɾ ũ ᵑɡʷ e ɾ a ]_w
[_w o ɾ e ʋ e ]_w
[_w o p ɯ t a ɾ ã ]_w
[_w a ɾ ɯ ɰ u a ]_w
[_w o dʒ e dʒ o x e i ]_w
[_w ʋ i ʃ o ]_w
[_w p e i ʃ a ]_w
[_w e ɾ e ]_w
[_w o ᵐb ɯ a k ã ]_w
[_w a dʒ e t e ]_w
[_w i p u k u ]_w
[_w x a ʔ e ʋ e ]_w
[_w o dʒ e ʔ ẽ ]_w
[_w o ᵐb a dʒ a ]_w
[_w k u ã ]_w
[_w ʋ e ʋ a ]_w
[_w ɾ u p i ]_w
[_w o p a ɾ a ɰ u e ]_w
[_w ᵐb a ɾ i a ]_w
[_w p o ɾ u ]_w
[_w a s ɯ ]_w
[_w t e k o a ɯ x u ]_w
[_w t e ʔ ɯ i ]_w
[_w dʒ a ɰ u a ʔ a ]_w
[_w o i k e ʋ a ]_w
[_w k o ʔ ã ɰ a ]_w
[_w x e ʔ i s e ʋ a ]_w
[_w p ɯ ʔ a ]_w
[_w a ᵐb u e ]_w
[_w dʒ u a ⁿd ]_w
[_w p a p o a p ɯ ]_w
[_w k a ɾ ẽ ]_w
[_w x o ɰ u e ]_w
[_w t ĩ ɰ u a ]_w
[_w ɾ e ᵐb e ʔ ɯ p ɯ ]_w
[_w p o ᵐb e ɾ o ]_w
[_w s a ʔ ɯ dʒ u ʋ a ]_w
[_w ᵐb a ʔ a p o ]_w
[_w ɾ u ɰ u a p ɯ ]_w
[_w dʒ o a i t e ]_w
[_w o ɰ a ⁿd a ]_w
[_w t e k o x a ]_w
[_w p a l i ]_w
[_w ᵐb a ɾ a ᵐb o ⁿd a ]_w
[_w ᵐb ɯ a ]_w
[_w p e t ɯ̃ ]_w
[_w x e ᵐb ɯ p a ]_w
[_w dʒ o a dʒ u ʋ a ]_w
[_w dʒ e ʔ ẽ t e e ]_w
[_w x e s e x a p e ]_w
[_w ᵐb a ʔ e i ]_w
[_w t e ɾ a ɾ e ]_w
[_w ᵐb o ĩ ᵐb a ]_w
[_w o dʒ e ]_w
[_w ᵐb i l i t a ɾ ]_w
[_w o t e k o p e ]_w
[_w dʒ e x a i ʋ a ]_w
[_w i ᵐb a ⁿd u ]_w
[_w o t r o ]_w
[_w x ɯ k u e ɾ a ]_w
[_w t e ɾ o ]_w
[_w x i ʔ a ɾ i ]_w
[_w x i ʔ a ɾ e ]_w
[_w ɰ o t a ]_w
[_w x i ʔ u p ɯ ]_w
[_w o ᵐb o ɰ u a x ẽ ]_w
[_w o i p ɯ t e ]_w
[_w ɾ i ʋ a ɾ e ]_w
[_w dʒ e ʔ ẽ t e ]_w
[_w x e ɾ a k u ã ]_w
[_w ɾ e i ʋ a ]_w
[_w i p u ʔ a ]_w
[_w o ɰ u e ]_w
[_w o p a i ʃ a ]_w
[_w ᵐb a ʔ e p i k o ]_w
[_w p u ɾ u ]_w
[_w dʒ e dʒ u k a ]_w
[_w o ʋ a ɾ e ]_w
[_w a t i ʔ ɯ ]_w
[_w ᵐb a i s ]_w
[_w a dʒ e dʒ a ⁿd u ]_w
[_w e s t e ]_w
[_w ᵐb u ⁿd o p e ]_w
[_w ᵐb u s e o p e ]_w
[_w x e ᵐb i k u a a ]_w
[_w a p ɯ t u ʔ ũ ]_w
[_w a ʋ a ⁿd o ʔ õ ]_w
[_w p o x a ɰ u a ]_w
[_w k u dʒ a ʋ a ]_w
[_w i ⁿd e ]_w
[_w ʋ o ɾ i ]_w
[_w ᵐb i t ã ɾ u s u ]_w
[_w s i l ʋ a ]_w
[_w o s ẽ ʋ a ]_w
[_w p o ɰ u a t a ]_w
[_w a k u ]_w
[_w ɰ u a ɾ e ]_w
[_w x a p o ]_w
[_w o x e ⁿd u ʋ o ]_w
[_w o x e ʃ a u k a ]_w
[_w ɾ e t ɯ ᵐb a ]_w
[_w x o ɰ a p ɯ p e ]_w
[_w ɰ u e r a ]_w
[_w ɯ ʋ a ɰ a p e ]_w
[_w ᵐb a ʔ e ʋ e t e ]_w
[_w i dʒ u ɾ u p e ]_w
[_w dʒ a i ʔ ũ ɰ u i ]_w
[_w s o dʒ a ]_w
[_w ᵐb a ʔ e i ʃ a ]_w
[_w i dʒ ɯ k e ]_w
[_w x e ᵐb ɯ ɾ e ]_w
[_w ᵐb u t u ɯ ]_w
[_w t e p ɯ ]_w
[_w t u p ã o ]_w
[_w o u t ɾ o ]_w
[_w ᵐb a dʒ a ]_w
[_w s a ʔ i ʔ ɯ̃ ]_w
[_w i dʒ a k ã ᵐb e ]_w
[_w a ɰ u i ]_w
[_w t a p i a ]_w
[_w i dʒ a s ã i ]_w
[_w s a ⁿd i a ]_w
[_w ɾ a p e ]_w
[_w ᵐb a ɯ ᵐb a ]_w
[_w t e t ã ɾ e ]_w
[_w o ᵐb o i ᵑɡ e ʋ a ]_w
[_w p i k o ]_w
[_w o p ɯ t a ]_w
[_w ʋ o ʋ e ]_w
[_w t e t e p e ]_w
[_w a ɾ e ]_w
[_w o p o ]_w
[_w o i k e ]_w
[_w o p ɯ t a ʋ o ]_w
[_w k i ɾ i ɾ ĩ ]_w
[_w o dʒ a ɰ a r a ]_w
[_w x e t a i ]_w
[_w x a k ã ]_w
[_w x o ɾ ɯ ]_w
[_w s e ɾ e ⁿd a ]_w
[_w x a t ã ʋ e ]_w
[_w ɾ e ⁿd o ⁿd e p e ]_w
[_w o x e ʃ a ]_w
[_w ᵐb u ɾ u ʋ i ʃ a ]_w
[_w ɾ e ɾ a p e p o ]_w
[_w t a s ɯ o p e ]_w
[_w dʒ u k ɯ s ɯ ]_w
[_w x e ʋ e ʋ a ]_w
[_w ɾ e t e ]_w
[_w l u i s a ]_w
[_w o p a ʔ ɯ̃ ʋ a ]_w
[_w s e u ]_w
[_w ᵐb a ʔ a p o p e ]_w
[_w ɾ e x o ]_w
[_w e ᵐb p ɾ e s a ɯ ]_w
[_w p o ɰ u ɯ p e ]_w
[_w ᵐb a ɾ ã ]_w
[_w p i ⁿd o ]_w
[_w x e dʒ o i ]_w
[_w x a i p e ]_w
[_w t u ɾ i s t a ]_w
[_w t u p ã ⁿd o i ]_w
[_w ɯ s o ]_w
[_w ⁿd e p a ]_w
[_w r e l i x i o ⁿd ]_w
[_w ᵐb a ɾ ]_w
[_w o ĩ ᵐb a ]_w
[_w o i k u t u ]_w
[_w dʒ o s e ]_w
[_w ɯ ʋ o ɾ a p ɯ ]_w
[_w t a x a ]_w
[_w i k a t u ]_w
[_w o dʒ u p i ]_w
[_w ᵐb a ʔ ɯ ɾ a ]_w
[_w ʋ a i ʋ a i ʋ a ]_w
[_w ɯ p a ⁿd e ]_w
[_w o k ɯ x ɯ dʒ e ]_w
[_w ɾ e k o ʋ e p e ]_w
[_w a ᵐb ɯ a s ɯ ]_w
[_w ɾ e ʃ a ]_w
[_w dʒ e ɾ o k ɯ ]_w
[_w k a s o ]_w
[_w o x e ʃ a ʋ a ]_w
[_w ᵐb o ĩ ᵐb a i t e ]_w
[_w ⁿd i p o ]_w
[_w t o ᵐb a s ]_w
[_w s o ɾ o ]_w
[_w dʒ u ɾ u dʒ a i ]_w
[_w i p ɯ p e ]_w
[_w k u ɾ u s u ]_w
[_w i s l a ]_w
[_w x a s ɯ i ]_w
[_w a x a s a ]_w
[_w e t e ɾ i a ]_w
[_w ɯ p e ]_w
[_w o dʒ e p o ɾ ã ]_w
[_w x a t ã ]_w
[_w ʃ e ⁿd i e ]_w
[_w ᵐb a ⁿd i ʔ o ]_w
[_w x e ᵐb i ʔ u ]_w
[_w ⁿd e i k o ʋ o ]_w
[_w dʒ a i ʔ ũ ]_w
[_w l i ᵐb a ]_w
[_w ʋ o u ]_w
[_w o dʒ e p ɯ ɾ ũ ]_w
[_w x e ⁿd ɯ ]_w
[_w o dʒ o ɰ u a x e ]_w
[_w p a ⁿd a ᵐb e ]_w
[_w x e t a ʋ e ʋ o ]_w
[_w l u ʃ i p e ]_w
[_w i p u k u ʋ a ]_w
[_w ɾ e x e ]_w
[_w ⁿd a ʋ ɯ ʔ ɯ̃ ᵐb e ]_w
[_w t e k o t e ʋ ẽ ]_w
[_w s a i t e ]_w
[_w t u i ʃ a ]_w
[_w x a k a t u ɾ a ]_w
[_w o ᵐb o ᵑɡʷ e ɾ a ]_w
[_w o i p u ɾ u ]_w
[_w k e ɾ a ]_w
[_w x o ɰ a p e ]_w
[_w o dʒ e i p u ɾ u ]_w
[_w o ɰ u e ⁿd o x ẽ ]_w
[_w t u ʋ a ]_w
[_w ᵐb o x u p a ]_w
[_w u p e i ⁿd t e ]_w
[_w x a k a t u ]_w
[_w a p ɯ ɾ ã ]_w
[_w x ũ ᵑɡ ɯ ]_w
[_w o dʒ e ᵐb o t ɯ ]_w
[_w t a ʔ ã ᵑɡ a ]_w
[_w ɾ e ᵐb i a p o ]_w
[_w o x o ʋ a ]_w
[_w ɯ ᵐb a ʋ e ]_w
[_w dʒ a ⁿd ɯ ]_w
[_w ɾ a ᵐb o ]_w
[_w u p e t e ĩ x a ]_w
[_w o ᵐb a ⁿd a dʒ e ]_w
[_w k a ɾ a ⁿd u ]_w
[_w k a ⁿd u ]_w
[_w p ɾ o ᵐb e ɾ o ]_w
[_w i dʒ u ɾ u dʒ a i ]_w
[_w ⁿd o ʔ õ ]_w
[_w dʒ e ʔ ẽ ⁿd t e ]_w
[_w p i ⁿd t u ɾ a ]_w
[_w p a ʔ i ]_w
[_w o dʒ e ʔ o i ]_w
[_w i ᵐb o k a ]_w
[_w ɰ u a s u i ʋ a ]_w
[_w ɾ o s ẽ ]_w
[_w x a ʔ e ]_w
[_w o dʒ a p o p e ]_w
[_w i p o ɾ ã ]_w
[_w o p ɯ t a ᵐb a ]_w
[_w ʃ e k o ]_w
[_w ᵐb o ᵐb e ʔ u ɾ ã ]_w
[_w o dʒ e i k o ]_w
[_w p o ʔ i ʋ a ]_w
[_w x e s ã i ]_w
[_w i p o ]_w
[_w t ɯ ᵐb a ]_w
[_w a dʒ e ᵐb o dʒ ɯ ]_w
[_w ᵐb i ⁿd i s t ɾ o ]_w
[_w p u p e ]_w
[_w ɯ ʋ ɯ p o ɾ a ]_w
[_w ⁿd a i k a t u ]_w
[_w ɾ ɯ ɰ u a ]_w
[_w o dʒ e ɾ o ʋ i a ]_w
[_w ⁿd o ᵐb a ⁿd o ]_w
[_w ɰ ɾ o s s o ]_w
[_w x e ɰ u a ]_w
[_w ⁿd a i k u a a ]_w
[_w p a t ɾ o ⁿd ]_w
[_w k a ᵐb ɯ ]_w
[_w dʒ e ɯ ᵐb a ]_w
[_w ᵐb o dʒ a ʔ o ]_w
[_w o dʒ a x u p e ]_w
[_w dʒ a dʒ e ]_w
[_w p ɯ ʔ ɯ̃ i ⁿd t e ]_w
[_w x e ⁿd a p e ]_w
[_w x a ʔ e ɾ ã ]_w
[_w ɾ e ⁿd ɯ ]_w
[_w ʃ a k o ɾ e i ]_w
[_w dʒ u ɾ u p e ]_w
[_w t e t ã ]_w
[_w ɾ e i ]_w
[_w o k a ɯ ʔ u ]_w
[_w k a ʋ a dʒ e ʔ ẽ ]_w
[_w o p a i t e ]_w
[_w ⁿd e ʋ e ]_w
[_w i dʒ a k ã ]_w
[_w o x a s a ]_w
[_w o dʒ o ɰ u a t a ]_w
[_w p ɾ o t e i ⁿd a ]_w
[_w o dʒ o e x e ]_w
[_w i p o t a ]_w
[_w p o ɾ ã ɰ u i ]_w
[_w t e t e ]_w
[_w ᵐb a ᵐb o ʋ e ]_w
[_w a i p o ɾ a ʋ a ]_w
[_w ᵐb o ɾ o t ĩ ʋ a ]_w
[_w l e i k u e ɾ a ]_w
[_w t e k o s ã ʔ ɯ̃ ]_w
[_w s u ɾ ]_w
[_w a k ã o ]_w
[_w ᵐb o ᵐb ɯ i ʋ a ]_w
[_w dʒ a i k o ʋ e ]_w
[_w a dʒ e ʋ e ]_w
[_w ᵐb a ɾ i o ]_w
[_w i ɾ u ]_w
[_w ᵐb a ʔ e ]_w
[_w k a l a i t o ]_w
[_w dʒ o ɾ ã i t e ]_w
[_w x a k u ]_w
[_w ʃ a ʋ u k u ]_w
[_w x u ᵐb a ⁿd o ]_w
[_w l e ɯ ]_w
[_w ᵐb ɯ dʒ a t ɯ t a ]_w
[_w i ⁿd i ɰ e ⁿd a s ]_w
[_w dʒ a ⁿd e i ɾ o ]_w
[_w t e s ã i ]_w
[_w dʒ e dʒ o p ɯ ]_w
[_w dʒ e x a ʔ ã ]_w
[_w ʋ i a ]_w
[_w k u a ɾ a ]_w
[_w t e ᵐb i a p o ]_w
[_w x a s ɯ ʋ a ]_w
[_w o ᵐb a ]_w
[_w t a x a ʃ i ]_w
[_w p a ɾ a ⁿd a ʔ ɯ ]_w
[_w dʒ a x e k a ʋ o ]_w
[_w t ɯ e ]_w
[_w ᵐb u ɾ u ʋ a ]_w
[_w x o ɰ a ]_w
[_w a dʒ e ʔ ẽ ᵐb e ]_w
[_w u p e p e ]_w
[_w ᵑɡʷ e ɾ a ]_w
[_w i dʒ ɯ ʋ a ]_w
[_w ɰ u a ]_w
[_w s u a ]_w
[_w o ᵐb o ᵐb e ʔ u ]_w
[_w a ᵐb o i ]_w
[_w t e k o t e ʋ e ]_w
[_w i dʒ e ɾ e ɾ e ]_w
[_w dʒ a p o i ]_w
[_w ⁿd a i p o ɾ õ ]_w
[_w ɾ a k ã ]_w
[_w o u ʋ a p e ]_w
[_w dʒ e ʋ ɯ ᵐb a ]_w
[_w dʒ e ᵐb u x a ]_w
[_w ⁿd o p a i t e ]_w
[_w ᵐb a ʔ e ɾ e ]_w
[_w t e ɾ ã p a ]_w
[_w dʒ a ʋ ɯ ʔ a ]_w
[_w p i l a ɾ ]_w
[_w dʒ a ʋ e ʋ e ]_w
[_w a ʋ a k u e ɾ a ]_w
[_w t e ⁿd o ⁿd e ]_w
[_w o ᵐb o ĩ ]_w
[_w x e t ã ᵐb e ]_w
[_w k o t ɯ ]_w
[_w a ɯ ʋ u ]_w
[_w i p a i ⁿd o ]_w
[_w ɯ s a dʒ a ]_w
[_w ʋ a i ʋ a ]_w
[_w ɾ e t ã ɯ ɰ u a ]_w
[_w ᵐb a ɾ a ʋ o ]_w
[_w a i ᵐb e t e ]_w
[_w ɾ e s e ɾ ʋ a ]_w
[_w t u p ã ɾ e ]_w
[_w a ᵐb o ]_w
[_w p a p a x a ]_w
[_w u p e ɾ a ᵐb o ⁿd ]_w
[_w k a ɾ u ɰ u a ]_w
[_w o dʒ e ᵐb ɯ ]_w
[_w s a ᵐb u ʔ ũ ]_w
[_w dʒ e ʔ ã ]_w
[_w o i p ɯ t ɯ ]_w
[_w t e t ã ɯ ɰ u a ]_w
[_w p ɯ ɰ u ɯ ]_w
[_w x a k u ʋ e ]_w
[_w o ᵐb o p o t ĩ ]_w
[_w i k u ʔ a ]_w
[_w ᵐb o ᵐb e ʔ ẽ ]_w
[_w i p o ɾ ã i ɾ õ ]_w
[_w k u i ᵐb e ʔ i ]_w
[_w x e ᵐb ɯ p e ]_w
[_w ᵐb o x a p ɯ ]_w
[_w ɰ u a ʔ i ]_w
[_w i k a t u p ɯ ]_w
[_w p e ɾ o ]_w
[_w a p o p ɯ ɾ ũ ]_w
[_w ʃ a k o ]_w
[_w ʃ i l e p e ]_w
[_w p o k õ i ʋ a ]_w
[_w ɾ e ⁿd a t a ]_w
[_w dʒ e p ɯ ɾ ũ ]_w
[_w a p o x a ]_w
[_w x u ʔ ã ]_w
[_w dʒ u k ɯ ]_w
[_w a ᵐb u e ɰ u i ]_w
[_w k u e ɾ a x a ]_w
[_w p a k õ i ]_w
[_w e ʋ a ]_w
[_w i dʒ a t ɯ ]_w
[_w ᵐb o k a dʒ a ]_w
[_w k u ɾ u p e ]_w
[_w o ᵐb o x o ʋ a i ]_w
[_w ɯ ʋ a ɰ a ]_w
[_w o x ɯ p ɯ i ]_w
[_w o p a ɾ u p i ]_w
[_w t o ʋ a t ĩ ]_w
[_w o ɾ e k o ]_w
[_w ᵐb o ʔ e ]_w
[_w p e dʒ u k a ]_w
[_w ᵐb a ʋ a ]_w
[_w ɰ u a p e ]_w
[_w a dʒ o ⁿd t e ]_w
[_w i ɰ u ɯ ]_w
[_w k a ʔ a ]_w
[_w u p e t e ]_w
[_w ɾ a p i ʃ a p e ]_w
[_w ɰ u a s u p e ]_w
[_w ᵐb o ɾ e ʋ i ]_w
[_w a dʒ a p o ]_w
[_w o p a i ]_w
[_w ʋ ɯ ʔ a ɾ ã ]_w
[_w t i p o ]_w
[_w s ã ᵐb ɯ x ɯ ]_w
[_w i p o ɾ u ]_w
[_w u p e ʋ a p e ]_w
[_w dʒ e p e ʋ e ]_w
[_w ᵐb a ɾ e t e ʋ a ]_w
[_w p o t e ĩ ]_w
[_w x ɯ k u e ]_w
[_w ɾ e p ɯ ɾ ũ ]_w
[_w t e ɾ a ]_w
[_w ᵐb o ᵐb ɯ ɾ ɯ ]_w
[_w dʒ a s ɯ p e ]_w
[_w ɯ k e p e ]_w
[_w t o ʋ e ]_w
[_w p i l a ɾ i o ]_w
[_w o ᵐb ɯ a t ɯ ɾ a ]_w
[_w t e t ã i t a ]_w
[_w o dʒ u x u ʋ a ]_w
[_w dʒ e x a ʔ ã ᵑɡ a ]_w
[_w l o s ]_w
[_w dʒ a ⁿd e i ʃ a ]_w
[_w o dʒ e x o ]_w
[_w s a ɾ a i ]_w
[_w t i ᵐb o ]_w
[_w ʃ a k e ]_w
[_w a x e dʒ a ɾ e i ]_w
[_w ʃ e x e ɰ u i ]_w
[_w a ɾ a i ]_w
[_w t e ⁿd a ɾ u p i ]_w
[_w k o ʔ ã ʋ a ]_w
[_w u p e i ᵑɡ o ]_w
[_w i i i ]_w
[_w t u p i ʔ a ]_w
[_w e ⁿd t r e ]_w
[_w k a ɾ a p e ]_w
[_w a ʋ a ɾ e ]_w
[_w p o ɾ u ⁿd ɯ x a ]_w
[_w o x o ]_w
[_w dʒ e ᵐb ɯ a x ɯ i ]_w
[_w a ɾ a p u ɾ u ]_w
[_w a i k o ʋ e ]_w
[_w a ɾ a ɾ o ʋ a i ]_w
[_w o p u ʔ ã ʋ a ]_w
[_w u p e ʋ a ɾ e ]_w
[_w ɰ ɾ a ᵐb o ]_w
[_w x e ⁿd ɯ x ẽ ᵐb a ]_w
[_w i dʒ a p o ]_w
[_w a x ɯ ʔ o ]_w
[_w t e t ã ᵑɡʷ e ɾ a ]_w
[_w ᵐb i t ã ᵑɡʷ e ɾ a ]_w
[_w ʋ o t o ]_w
[_w ᵐb a ɾ a ᵐb i ]_w
[_w ʃ u p e ]_w
[_w x a ɰ u e ]_w
[_w t e t a ᵐb i ʋ e ]_w
[_w o i k o ]_w
[_w o ᵐb o i ᵑɡ e ]_w
[_w o i ᵐb e ⁿd e ]_w
[_w i dʒ ɯ k e ɾ e ]_w
[_w p ɯ t e ɰ u a ]_w
[_w t a ɾ a ɰ u e ]_w
[_w ɯ ʋ ɯ ɾ e i ʋ a ]_w
[_w ᵐb a x k e ]_w
[_w ɰ ɾ a ⁿd e ]_w
[_w t e k o ]_w
[_w ᵐb e ᵐb e ]_w
[_w i s a i ]_w
[_w e ᵐb i l i o ]_w
[_w ɾ ɯ s ɯ i p e ]_w
[_w e l e ⁿd a ]_w
[_w ɾ i ɾ e ɰ u a ]_w
[_w l i ʋ e ɾ a ]_w
[_w a k a ⁿd u ]_w
[_w ʋ a i e t a ]_w
[_w o ᵐb o t o ʋ e ]_w
[_w dʒ a dʒ e ᵐb o ]_w
[_w ᵐb i t ã ]_w
[_w p o t e ĩ p a ]_w
[_w ɾ u t a ]_w
[_w a dʒ a ]_w
[_w k a ʔ a ɰ u ɯ ]_w
[_w ɾ e ᵐb o ĩ ]_w
[_w o dʒ a p o ]_w
[_w x a ɰ u e i ]_w
[_w ɾ a k ã ɰ u e ]_w
[_w ɾ a s ɯ ʋ a p e ]_w
[_w dʒ a dʒ u x u ]_w
[_w ⁿd e ʔ ĩ ɾ a ]_w
[_w dʒ a ᵐb o dʒ e ʔ e ]_w
[_w t u ɰ u ɯ ]_w
[_w dʒ e ᵐb u ]_w
[_w ɾ e s a ɯ ]_w
[_w ʃ a e ]_w
[_w x i l a ɾ ]_w
[_w u ᵐb i ]_w
[_w t a ʋ a ɯ ɰ u a ]_w
[_w x a p i ʃ a p e ]_w
[_w o ʋ a ɯ ʋ a ʋ o ]_w
[_w i p u ʋ a ]_w
[_w k a ɾ a i ]_w
[_w dʒ a ⁿd e ʋ a ]_w
[_w o ᵐb o t ɯ ]_w
[_w i ɾ u ⁿd ɯ ]_w
[_w o dʒ e x e ⁿd o i ]_w
[_w ɾ e i k o ]_w
[_w s a ʔ ɯ dʒ u ]_w
[_w i ʋ a l l e p e ]_w
[_w t e dʒ u ]_w
[_w o s ẽ ᵐb a ]_w
[_w dʒ o ɯ k e ]_w
[_w ⁿd a i p o ɾ u ]_w
[_w dʒ o a p ɯ ]_w
[_w t a ɰ u a i ɾ a ]_w
[_w p e ẽ ]_w
[_w s ã s õ ]_w
[_w ɰ u a ɾ e ʋ a ]_w
[_w ⁿd a ʋ ɯ ʔ a i ]_w
[_w k o ʔ ẽ ]_w
[_w dʒ e ʔ ẽ ]_w
[_w p e t e ĩ ]_w
[_w p o ɾ u x a ɾ a ]_w
[_w k a l o ʔ i p e ]_w
[_w i s ã s o ]_w
[_w ɾ o ʋ a i ]_w
[_w ɾ e ɾ a p e ]_w
[_w a ɾ t i k u l o ]_w
[_w r e i ]_w
[_w x e s a p e ]_w
[_w a s u ]_w
[_w o t i ᵐb o ]_w
[_w x a i ʃ a ]_w
[_w o i k o ʋ a ]_w
[_w ɾ a ẽ ]_w
[_w k a ʔ a p o ]_w
[_w p ɯ a x u ]_w
[_w x e ʔ ẽ ʋ a ]_w
[_w i p a x a ]_w
[_w ᵐb ɯ dʒ a t ɯ ]_w
[_w i ɾ a l a ]_w
[_w t e ɾ a ɾ ã ]_w
[_w x e s e ʋ e ]_w
[_w ʋ a ʔ e ]_w
[_w t e t ã ʋ o ɾ e ]_w
[_w o dʒ e s ũ ]_w
[_w x e ʔ ẽ ]_w
[_w ʋ i l l a ɾ ]_w
[_w k o ʔ a p e ]_w
[_w t e ⁿd ɯ ]_w
[_w t e ᵐb i ᵐb o p o ]_w
[_w k o ʔ a ɰ a ]_w
[_w t ɯ dʒ u i ]_w
[_w ⁿd a ɾ a ⁿd u ]_w
[_w t ɯ a p u ]_w
[_w o i p o ɾ a ]_w
[_w p u k u ]_w
[_w ʋ e ʋ e ʋ a ]_w
[_w dʒ e ᵐb o ĩ ]_w
[_w p e t e ĩ ⁿd t e ]_w
[_w ⁿd e ʔ i s e i ]_w
[_w t e ĩ ]_w
[_w o ᵐb ɯ a k u ]_w
[_w o x a i ]_w
[_w k o a ]_w
[_w ɰ u a s u ɰ u i ]_w
[_w t e ⁿd a ɰ u i ]_w
[_w dʒ a i p o ɾ i ]_w
[_w k a t u ]_w
[_w p o l i t i k a ]_w
[_w ɾ a ʔ ɯ ɾ u p e ]_w
[_w a ᵐb e ʔ ẽ ]_w
[_w ɯ ʋ ɯ ɾ a ]_w
[_w ᵐb a ʔ e i k o ]_w
[_w ɯ x a ɰ u e ]_w
[_w x e ᵐb i ʔ u ɾ ã ]_w
[_w dʒ a x e dʒ a ]_w
[_w o i s ã ᵐb ɯ x ɯ ]_w
[_w ɰ u e i ʃ a ]_w
[_w ɾ e ɯ ]_w
[_w ʋ a ʔ e ɾ a ᵐb o ]_w
[_w k a ᵐb u ʋ a ]_w
[_w ᵐb a ʔ e k u a a ]_w
[_w ᵐb u i t o ]_w
[_w ᵐb o k a ]_w
[_w dʒ a i k ũ ᵐb ɯ ]_w
[_w k o ʔ a ɰ ã ]_w
[_w ɾ e x e p a ]_w
[_w o ᵐb o i ɾ ũ ʋ a ]_w
[_w dʒ a ⁿd u ]_w
[_w p o k ã ]_w
[_w ɾ e ᵐb i o ]_w
[_w x u ʔ ɯ ]_w
[_w ɾ e ⁿd a ]_w
[_w ᵐb e ɰ u e ɾ a ]_w
[_w ᵐb u a ⁿd u x e ]_w
[_w u p e i ʃ a p e ]_w
[_w i dʒ a ɾ a ]_w
[_w k o k a t u p ɯ ]_w
[_w x a p e ]_w
[_w s e ɰ u ɾ o ]_w
[_w ᵐb a ɾ a ⁿd u ]_w
[_w p e ɰ u a ]_w
[_w o ɰ a p ɯ p e ]_w
[_w ⁿd a dʒ e ]_w
[_w x o ʔ ɯ s a ]_w
[_w o ᵐb o ᵐb e ʔ ẽ ]_w
[_w p o l i ]_w
[_w o ᵐb o x a s a ]_w
[_w p u e ɾ t o ]_w
[_w dʒ a i p o ⁿd a ]_w
[_w a ʋ e ʋ o ]_w
[_w i p e ]_w
[_w dʒ a s ɯ p a p e ]_w
[_w ᵐb a ɯ ᵐb a ʋ a ]_w
[_w t a ɰ u i ]_w
[_w ᵐb a ʔ a s ɯ p e ]_w
[_w a ᵐb a dʒ a ]_w
[_w p i ɾ a k u ã ]_w
[_w dʒ a ɾ ɯ i ]_w
[_w a ʋ ɯ ʔ ɯ̃ ]_w
[_w ⁿd a x a ʔ ã ᵐb e ]_w
[_w k a l o ʔ i ]_w
[_w ɾ e x e ɰ u i ]_w
[_w p o x ã ɾ ã ]_w
[_w i dʒ a p e p ẽ ]_w
[_w e u l o p e ]_w
[_w ʋ a i e t e ]_w
[_w a ɾ e t e ]_w
[_w a dʒ u x u ]_w
[_w o ᵐb a ʔ e ]_w
[_w dʒ a i k u ɾ i ]_w
[_w o dʒ e ᵐb ɯ a i ]_w
[_w x o ʔ u ʋ a ]_w
[_w a ɾ a ⁿd u ]_w
[_w a dʒ a ⁿd u ]_w
[_w dʒ a ᵐb o p u ʔ ã ]_w
[_w x i ʔ a ɾ a p e ]_w
[_w t e t ã ᵐb e ]_w
[_w x e ʃ a t a ]_w
[_w x e t ã ɰ u a ]_w
[_w l u ɰ a ɾ ]_w
[_w dʒ a dʒ e ᵐb o ĩ ]_w
[_w ᵐb o ⁿd a ]_w
[_w dʒ o ʋ a i ]_w
[_w a ʋ e i ]_w
[_w dʒ e ᵐb ɯ a s ɯ ]_w
[_w a ɾ a ⁿd dʒ a ]_w
[_w u p e t e ĩ ʋ a ]_w
[_w i ⁿd t e ]_w
[_w ʋ a i ʃ a ]_w
[_w ɯ ᵐb a i t e ]_w
[_w o ᵐb o dʒ ɯ ]_w
[_w o ᵐb o ɰ u a t a ]_w
[_w x e ʃ a ]_w
[_w ɰ u a ɾ a ]_w
[_w o x a i ʋ a ]_w
[_w x u ʔ ũ ]_w
[_w r o s a ]_w
[_w t a i ]_w
[_w a i p o ʋ a ]_w
[_w a dʒ o s ]_w
[_w o ɾ o ]_w
[_w p e t e ĩ ʃ a ]_w
[_w a ɾ a t e ĩ ]_w
[_w dʒ e dʒ o t ɯ ]_w
[_w ɾ ɯ ʋ ɯ ]_w
[_w t a u ]_w
[_w o dʒ e ʔ e ]_w
[_w u p e i ʃ a ɾ õ ]_w
[_w s u s u ʔ a ]_w
[_w ɰ u ɯ ɾ a ]_w
[_w ɾ e t e ɾ i o ]_w
[_w o dʒ e dʒ o p ɯ ]_w
[_w x i ʔ ɯ ʋ a ]_w
[_w p u ᵐb ɯ ɾ ɯ ]_w
[_w k a t u p ɯ ]_w
[_w a ᵑɡ a i p a ]_w
[_w l a s ]_w
[_w k e ɾ a ⁿd a ʔ ɯ ]_w
[_w o dʒ e ɾ u t i ]_w
[_w i t a ʋ a ɰ u i ]_w
[_w x u p a p e ]_w
[_w ɰ ɾ a l ]_w
[_w p u ɾ e k o ]_w
[_w x u ɰ u a i ʃ a ]_w
[_w l i ᵐb p i o ]_w
[_w ɾ e ⁿd a ɰ u a ɯ ]_w
[_w k o ʔ a ɾ u p i ]_w
[_w i p o ɾ a ]_w
[_w p a ɾ e ɾ e ]_w
[_w ⁿd u ᵑɡ a ]_w
[_w ᵐb i l i o ]_w
[_w ᵐb a ʔ a p u k a ]_w
[_w dʒ e ᵐb o ᵐb e ʔ u ]_w
[_w o p u k a i ]_w
[_w k o ᵐb i ]_w
[_w x ɯ p ɯ i ]_w
[_w o i t ɯ ]_w
[_w o k ɯ ʋ e x a ]_w
[_w o i k u a a ]_w
[_w ɯ ɾ õ ]_w
[_w x e k o ʋ a p e ]_w
[_w dʒ a ʔ e t e ]_w
[_w ᵐb a ʔ e p e ]_w
[_w o ɰ u e p e ]_w
[_w ɾ u ɰ u ɯ ]_w
[_w u ʋ e i ]_w
[_w k o s i ⁿd a ]_w
[_w k u a ɾ a ɯ ]_w
[_w o u ʋ a ]_w
[_w p e x e ᵑɡʷ e ]_w
[_w ⁿd a x a ʔ e dʒ o ]_w
[_w dʒ a dʒ o ʔ o ]_w
[_w t ɾ o ʃ e p e ]_w
[_w a i k o ʋ o ]_w
[_w u p e k u e ]_w
[_w ɾ u s u ]_w
[_w o ɰ u a s u ]_w
[_w o i k o t a ]_w
[_w o x e ⁿd o ⁿd e ]_w
[_w i dʒ u p e ]_w
[_w t o ʋ a ]_w
[_w a ɾ a x ɯ ]_w
[_w ɾ e ᵐb o ᵐb o ]_w
[_w o p a ɯ ]_w
[_w ɰ u a ɾ ã ]_w
[_w i ᵐb a ʔ e i k o ]_w
[_w t i s ɯ ɾ ɯ ]_w
[_w o x e k a ]_w
[_w p ɯ t u ʔ u ]_w
[_w k a ᵑɡ ɯ ]_w
[_w x i ʔ a ɾ a ]_w
[_w e s t a ]_w
[_w t i o ]_w
[_w t e ⁿd o ⁿd e p e ]_w
[_w ʋ i l l a ]_w
[_w t e p ɯ p e ]_w
[_w p a ʔ ũ ]_w
[_w t e t ]_w
[_w o x a ʔ ã ᵑɡ a ]_w
[_w p e ʋ a ɾ ã ]_w
[_w dʒ o p o i ]_w
[_w i t a ɰ u a ]_w
[_w ɰ e ⁿd t e ]_w
[_w ᵐb o ʔ e x a o ]_w
[_w o ᵐb ɯ a i ]_w
[_w i dʒ a o ]_w
[_w o dʒ e x e ]_w
[_w k a ɾ u ]_w
[_w o dʒ e ʋ ɯ ]_w
[_w ɰ u a dʒ a k i ]_w
[_w a p o ɾ ã t a ]_w
[_w ɰ u ã i ʃ a ]_w
[_w t e ɾ ᵐb i ⁿd a l ]_w
[_w x e k o x a ]_w
[_w dʒ a ʔ e ʋ a i ]_w
[_w s a ɾ o ]_w
[_w dʒ u ⁿd t a ]_w
[_w dʒ a dʒ u ]_w
[_w p o x ã ]_w
[_w e ᵐb p ɾ e s a ]_w
[_w ɯ p ɯ ʋ a ]_w
[_w p a p a p ɯ ]_w
[_w a ᵑɡʷ dʒ a ]_w
[_w p ɯ t ɯ ]_w
[_w p u ɾ a x e i ]_w
[_w p a t ɾ o ⁿd o ]_w
[_w e ɾ ʋ a ]_w
[_w ᵐb o k õ i x a ]_w
[_w p a p o ]_w
[_w ᵐb o k õ i ]_w
[_w ᵐb i ʃ ĩ ʋ e ]_w
[_w o i k o ⁿd t e ]_w
[_w e ᵐb i l i t a ɾ ]_w
[_w ɯ s ɯ ɾ ɯ ɰ u a ]_w
[_w a ⁿd ɾ e s ]_w
[_w dʒ e ɰ u a ]_w
[_w s a ɾ a ᵐb i ]_w
[_w p a ĩ ]_w
[_w o p u k a ]_w
[_w a t ɯ p e ]_w
[_w p i ɾ e ɾ e ]_w
[_w o dʒ e ɾ e ɾ e ]_w
[_w dʒ a x a ]_w
[_w ɯ ʋ ɯ ɰ u ɯ p e ]_w
[_w ⁿd a x a s ɯ ʋ a ]_w
[_w a ᵐb e ɾ t o ]_w
[_w ɾ o ʋ ɯ ũ ]_w
[_w o ʋ e ʋ e ]_w
[_w a ⁿd i ]_w
[_w o ᵐb o ⁿd o ]_w
[_w ɰ u a i t e ]_w
[_w ɾ e t ã ]_w
[_w dʒ o a i t e i ]_w
[_w t a ʋ a ]_w
[_w ɾ a s ẽ ]_w
[_w p a ⁿd t a ]_w
[_w o s ɯ ɾ ɯ ]_w
[_w ᵐb a ʔ e ʋ e ʋ a ]_w
[_w o ᵐb o a dʒ e t e ]_w
[_w t e k o dʒ o i ]_w
[_w o i p o ɾ u ]_w
[_w ᵐb u k u ]_w
[_w o x o k u ɾ i ]_w
[_w dʒ a s ɯ ɾ u ⁿd ɯ ]_w
[_w t a ʋ a p e ]_w
[_w p i ɾ u ]_w
[_w a dʒ e ʋ e ɾ e ]_w
[_w dʒ e ᵐb ɯ a t ɯ ]_w
[_w ɾ o ᵐb e t e o ]_w
[_w l e i ɰ u a ]_w
[_w x e ʔ i k u ɾ i ]_w
[_w k a ⁿd e k a ]_w
[_w dʒ a p o p ɯ ɾ ũ ]_w
[_w x o ʔ ɯ s ã ]_w
[_w dʒ e ɾ u t i ]_w
[_w ɾ e ᵐb e ʔ ɯ p e ]_w
[_w l e ⁿd a ]_w
[_w t a dʒ ɯ ɾ a ]_w
[_w u p e ɾ õ ]_w
[_w k a r e t a p a ]_w
[_w ᵐb e s a ]_w
[_w dʒ e ɾ o ʋ i a ]_w
[_w x a ʔ ɯ i ᵑɡʷ e ]_w
[_w a ɾ u ]_w
[_w t e k o x a ɾ a ]_w
[_w o dʒ o t ɯ̃ ]_w
[_w i ᵐb i t ã ]_w
[_w k u ɾ u ɾ u ]_w
[_w a x a t a ]_w
[_w o ᵐb o x e dʒ o i ]_w
[_w s i l ʋ i o ]_w
[_w i ʋ a i ]_w
[_w i dʒ e x e k a ]_w
[_w dʒ e ʔ ẽ ᵑɡʷ e ɾ a ]_w
[_w ⁿd a ʔ i p e ]_w
[_w o ɰ u e dʒ ɯ ]_w
[_w x e t e ʋ a ]_w
[_w o ᵐb o p ẽ ]_w
[_w x a k a ᵐb ɯ p e ]_w
[_w ɾ u ɾ a l ]_w
[_w o dʒ e x a i ]_w
[_w ʋ o k o i k e ]_w
[_w ⁿd ã o ]_w
[_w t a t a ʔ ɯ ]_w
[_w a ᵐb ɯ a t ɯ ]_w
[_w t a t a ɰ u a ]_w
[_w ᵐb a a s ɯ ]_w
[_w i dʒ a ᵐb u e ʋ a ]_w
[_w o ɰ u ã x ẽ ]_w
[_w i dʒ ɯ ʋ ɯ ]_w
[_w o x e ⁿd a ]_w
[_w o ᵐb o x o ʋ a ]_w
[_w t a x a p e ]_w
[_w ɾ i a ɾ t ]_w
[_w ⁿd o i k u a a ]_w
[_w ʃ i ʋ e ]_w
[_w t e e ]_w
[_w ɰ u e i ]_w
[_w ʋ ɾ a s i l p e ]_w
[_w a t ɯ ]_w
[_w k a ʔ a ɯ ]_w
[_w ᵐb o õ ]_w
[_w t e ⁿd a ]_w
[_w x e ɾ a ʋ a ]_w
[_w a p ɯ ʔ ã ]_w
[_w ᵐb a ʔ e ɾ ã ]_w
[_w t r a ɰ o ]_w
[_w t e s a ɯ ]_w
[_w ᵐb a ʔ e x a ]_w
[_w o ɰ a ]_w
[_w ɾ a ᵐb a l ]_w
[_w a ᵐb a ]_w
[_w ⁿd a t i ʋ o ]_w
[_w a dʒ e p a ]_w
[_w x o t e l ]_w
[_w dʒ o a ʋ ɯ ]_w
[_w o dʒ e x a i ʋ a ]_w
[_w ɾ u ɾ u ]_w
[_w k a ᵐb u ʃ i ]_w
[_w p e ɰ u i ]_w
[_w dʒ e ᵐb ɯ a k ã ]_w
[_w p ɯ x a ɾ e ]_w
[_w p o s t a ɰ e ᵐb ]_w
[_w o t ɯ k u e ]_w
[_w l e i k u a a ]_w
[_w ʋ ɾ a s i l ]_w
[_w ɾ i o ]_w
[_w ᵐb o x a s a ]_w
[_w x u e ɰ o ]_w
[_w x a ɰ u a ɾ a ]_w
[_w o ɰ u e k u e ]_w
[_w p o ⁿd o ]_w
[_w o ᵐb o ɰ u a s u ]_w
[_w o dʒ ɯ ]_w
[_w i k a t u ʋ a ]_w
[_w u p e ɰ u a ʋ a ]_w
[_w dʒ a ⁿd a ]_w
[_w ɾ a u l ]_w
[_w o s ẽ k u ɾ i ]_w
[_w o p a k u e ]_w
[_w a p ɯ ɾ e ]_w
[_w dʒ e i k o ]_w
[_w o dʒ e dʒ o t ɯ ]_w
[_w dʒ a ɾ a ]_w
[_w t e ᵐb i ɰ u a ]_w
[_w i p o ʃ ɯ ʋ a ]_w
[_w k o ɾ o ⁿd e l ]_w
[_w ɾ e ɰ i o ⁿd ]_w
[_w ʋ i o l i ⁿd ]_w
[_w k a dʒ ɯ ]_w
[_w a ɰ u a ]_w
[_w k u dʒ a ɰ u a ɯ ]_w
[_w u ᵐb a ]_w
[_w ɾ a ᵐb o ⁿd ]_w
[_w i k u p e ]_w
[_w o ɰ u e ɾ u ]_w
[_w a ɾ ɯ ]_w
[_w k u ɾ u s u p e ]_w
[_w ᵐb i l ]_w
[_w ᵐb o ʔ ã ]_w
[_w ɾ ɯ k u e ɾ a ]_w
[_w ɾ u ɰ u a s ]_w
[_w dʒ e ʔ e ]_w
[_w a p ɯ k a s u ]_w
[_w p e ʋ a ɰ u i ]_w
[_w ʋ a i ]_w
[_w x i ⁿd a ]_w
[_w p ɯ t ɯ ʋ õ ᵐb e ]_w
[_w ɯ ʋ ɯ ]_w
[_w ᵐb a ʋ a ʋ e ]_w
[_w i t a ʋ ɯ ]_w
[_w a i p o ⁿd a ]_w
[_w p a ɾ a ⁿd a ]_w
[_w ʋ a i ɰ u e ]_w
[_w i dʒ e ʔ ẽ ⁿd t e ]_w
[_w p a ʋ ẽ ]_w
[_w ɾ e k a ʋ o ]_w
[_w x a ʔ e ʋ a ]_w
[_w o dʒ a i ]_w
[_w o p ɯ t u ʔ ũ ]_w
[_w k o ɾ a p e ]_w
[_w i dʒ ɯ k e p e ]_w
[_w o dʒ e i ]_w
[_w o ᵐb e ʔ u p ɯ ]_w
[_w dʒ a dʒ u x u i ]_w
[_w t a ɰ u a ]_w
[_w k a r e t a ]_w
[_w e s ɯ ɾ ɯ p e ]_w
[_w p a ʋ e ]_w
[_w t e k o ᵐb o ʔ e ]_w
[_w s a p ɯ ]_w
[_w o dʒ o a dʒ u ]_w
[_w a dʒ o p ɯ ]_w
[_w ⁿd e i k o ]_w
[_w dʒ a ʋ e ]_w
[_w ɾ e i k o ʋ e ]_w
[_w x e s e ]_w
[_w ʋ a ʔ e k u ɾ i ]_w
[_w p ɯ t a ]_w
[_w p a ɾ e ɾ e k o ]_w
[_w l i ᵐb õ ]_w
[_w ᵐb a ᵐb o i ]_w
[_w p ɯ a x u p e ]_w
[_w a p o ]_w
[_w k a ʋ u ]_w
[_w o ĩ ᵐb a x a ]_w
[_w p ɯ k a s u ]_w
[_w o dʒ e i k e ]_w
[_w t e ᵐb i ᵐb o ʔ ã ]_w
[_w i s a ʔ ɯ dʒ u ]_w
[_w t u i ʃ a ʋ a ]_w
[_w k o ᵐb o ʔ e ]_w
[_w o ᵐb e ⁿd a ]_w
[_w o x o s e ʋ a ]_w
[_w a ᵑɡ a ]_w
[_w e ⁿd e ]_w
[_w ᵐb u s e o ]_w
[_w o x o t a ]_w
[_w p u e ⁿd t e ]_w
[_w ɰ u a s u ]_w
[_w a i ᵐb e ]_w
[_w ɰ o ʋ i e ɾ ⁿd o ]_w
[_w a dʒ a p o ʋ a ]_w
[_w p o ɾ k e ]_w
[_w p e i ⁿd a ]_w
[_w t a ᵐb e ᵐb ]_w
[_w o i k ɯ t ĩ ]_w
[_w t e ᵐb i p o t a ]_w
[_w ᵐb ɯ ᵐb a k e x a ]_w
[_w dʒ u ɾ u ]_w
[_w p e ʋ a ]_w
[_w t u ʔ ĩ ]_w
[_w u p e ʋ a ɰ u i ]_w
[_w ɾ e k o ʋ e ɾ e ]_w
[_w x e ʔ i ʋ a ]_w
[_w dʒ a s ɯ a p ɯ ]_w
[_w a ⁿd t o ]_w
[_w p ɯ a x u e t e ]_w
[_w ᵐb a ʔ e x a o ]_w
[_w o ᵐb ɯ a s ã i ]_w
[_w ɾ e ⁿd o ⁿd e ɾ ã ]_w
[_w x a ɰ u ã ]_w
[_w x e k o p ɯ ]_w
[_w o x e dʒ a ]_w
[_w dʒ e ᵐb o ]_w
[_w o ᵐb o t a ʋ o ]_w
[_w a p ɯ t e p e ]_w
[_w p ɯ a ʔ e ]_w
[_w ɰ u a t a ]_w
[_w dʒ e ʔ ẽ ɰ u i ]_w
[_w o i p ɯ x ɯ ]_w
[_w ɰ u a ʔ u ]_w
[_w e s p e t o ]_w
[_w t e ɾ e s i t a ]_w
[_w dʒ a ⁿd a ⁿd ɯ ]_w
[_w o u k u ɾ i ]_w
[_w dʒ a dʒ a p o ]_w
[_w dʒ e ʔ ẽ t e ʋ a ]_w
[_w e s t e ɾ o dʒ a ]_w
[_w dʒ a s ẽ ]_w
[_w t e k o ᵐb o ]_w
[_w o ɰ u e ⁿd o ]_w
[_w dʒ e p u ɾ u ]_w
[_w ᵐb a ʔ e p a ]_w
[_w ʋ o l i ]_w
[_w o i ʋ a ]_w
[_w o dʒ e x u i ]_w
[_w dʒ e ᵐb o ⁿd ɯ i ]_w
[_w dʒ a t e ʋ e ]_w
[_w ɰ u i ]_w
[_w a ʋ i õ ]_w
[_w o ɰ a k u e ɾ a ]_w
[_w e ⁿd t e ]_w
[_w o ᵐb o x a p e ]_w
[_w o ᵐb i ᵐb i ]_w
[_w a ɯ o l a s ]_w
[_w ɾ e s a ]_w
[_w ᵐb o k õ i p a ]_w
[_w i p o ɾ ã ʋ a ]_w
[_w s a l t o ]_w
[_w a x e ⁿd u ʋ a ]_w
[_w t e e t e ]_w
[_w k a t u t a ]_w
[_w k l u ]_w
[_w ᵐb o p u ʔ ã ]_w
[_w k o k u ɾ i ]_w
[_w x a i p ɯ ɾ e ]_w
[_w t e ᵐb i a s a ]_w
[_w ɰ u e t e ]_w
[_w x u ʔ u ]_w
[_w p ɯ ɾ e ]_w
[_w i ᵐb a ʔ e ʋ e ]_w
[_w ᵐb a ɾ a ᵐb o i ]_w
[_w o x a ɯ x u ʋ a ]_w
[_w dʒ e k a ɾ u ]_w
[_w s a ʔ ɯ ]_w
[_w t a ɾ a ɰ u a ]_w
[_w o dʒ e ⁿd o ]_w
[_w ɾ o s a ɾ i o ]_w
[_w k ɯ x a ]_w
[_w dʒ a s ɯ p o ]_w
[_w t a ⁿd i ᵐb u ]_w
[_w ɾ o dʒ u ]_w
[_w k o ʃ õ ]_w
[_w ᵐb o ʔ e x a ]_w
[_w k o ɾ a s õ ]_w
[_w x u ʔ i t ĩ ]_w
[_w ʃ e ⁿd t e ]_w
[_w x a ɰ u ɯ ]_w
[_w p o ɾ ã ]_w
[_w dʒ e x a s a ]_w
[_w a ɾ a ]_w
[_w ʋ o l i ʋ i a ]_w
[_w u p e ɰ u a p e ]_w
[_w i ᵐb o ɾ i a x u ]_w
[_w t e ᵐb i ʔ u p e ]_w
[_w ⁿd a t u ɾ õ ]_w
[_w ɾ a ʔ ɯ ɾ u ]_w
[_w u p e i ⁿd a ]_w
[_w ɾ o ɰ a ]_w
[_w dʒ a ɰ u a ɾ ]_w
[_w t e ɾ o dʒ a ]_w
[_w dʒ e p e ᵐb o ]_w
[_w a t o p a ]_w
[_w u l o ]_w
[_w p o k a t u x a ]_w
[_w ɰ u ɯ ɾ a ʔ i ]_w
[_w a ɾ s e ⁿd i o ]_w
[_w t e ⁿd o ⁿd e ɾ ã ]_w
[_w x ɯ ᵐb a ]_w
[_w t a t a k u ]_w
[_w s a ⁿd t o ]_w
[_w a p u ʔ a ]_w
[_w k a ɾ u ɰ u ɯ ]_w
[_w ɾ e ʋ i s t a ]_w
[_w i t u ʋ a ]_w
[_w ʋ o i ⁿd t e ]_w
[_w p o ɾ t u ɰ a l ]_w
[_w o dʒ e ᵐb o dʒ ɯ ]_w
[_w dʒ e i k e ]_w
[_w a ɾ a p a ]_w
[_w t u p a p e ]_w
[_w o i p ɯ s o ]_w
[_w i k a t u i ]_w
[_w s a l t o s p e ]_w
[_w o p a ]_w
[_w o dʒ u p i ʋ a ]_w
[_w o x e ⁿd a p e ]_w
[_w ᵐb a ᵐb a ]_w
[_w dʒ a i p u ]_w
[_w t e k o ɾ e ]_w
[_w a ᵐb a ʔ e ɾ a ]_w
[_w ɯ ʋ ɯ ɾ e ]_w
[_w ᵐb a ⁿd o ]_w
[_w t u dʒ a ]_w
[_w ʋ a k a ʃ i ]_w
[_w ɾ o x a ɯ x u ]_w
[_w t a x ɯ i ]_w
[_w k a t u ᵐb a ]_w
[_w k e ɾ a ⁿd a ]_w
[_w ʋ i s i o ⁿd e s ]_w
[_w dʒ e x e ɰ u i ]_w
[_w o dʒ e ᵐb o dʒ a ]_w
[_w o x o ʋ o ]_w
[_w k u ɾ e ]_w
[_w dʒ e ᵐb o t ɯ ]_w
[_w p a ɾ a ⁿd i ]_w
[_w a ⁿd i ᵐb u ]_w
[_w e ʔ a ]_w
[_w k a ᵑɡʷ e ]_w
[_w ɾ a ɯ x u i ]_w
[_w o ᵐb ɯ a k ã ʋ a ]_w
[_w dʒ a ⁿd u t i ]_w
[_w ᵐb o p u ]_w
[_w o k a ʔ u ʋ a ]_w
[_w t ɯ ʔ a i ]_w
[_w o ᵐb u dʒ a ]_w
[_w ɾ o ʋ a ]_w
[_w ɯ k u a ]_w
[_w k u ã ᵐb e ]_w
[_w ᵐb e t e ]_w
[_w ɯ ʋ a t e ]_w
[_w s a p u k u ʋ a ]_w
[_w ɰ u a s u i ]_w
[_w x e t a ʋ a ]_w
[_w a p a dʒ u e l o ]_w
[_w i dʒ a dʒ u x u ]_w
[_w x e ʔ i ]_w
[_w a ᵐb a ⁿd a dʒ e ]_w
[_w a p e ]_w
[_w k o ʔ ã ]_w
[_w ɰ e ⁿd e ɾ o ]_w
[_w o ɰ u a x ẽ ]_w
[_w ⁿd o x a ɯ x u ]_w
[_w a dʒ e ʋ ɯ ᵐb a ]_w
[_w o i ᵐb e ʋ a ]_w
[_w ʋ ɯ ʔ a ʔ ɯ̃ ]_w
[_w dʒ u s t o ]_w
[_w t a ʋ u s u ]_w
[_w p o ɯ ʋ i ]_w
[_w o x u p ɯ t ɯ ]_w
[_w dʒ e p i ]_w
[_w dʒ o ᵐb o ᵑɡ e t a ]_w
[_w ᵐb a ɾ e t e ]_w
[_w o k ɯ ]_w
[_w ᵐb o k õ i ʋ e ]_w
[_w x ɯ ã s i a ]_w
[_w x a ʔ e k u e ]_w
[_w ᵐb a ɾ a k a ʔ e ]_w
[_w o dʒ e ᵐb o ʔ e ]_w
[_w p e ɾ u ]_w
[_w i p e p o ]_w
[_w i p o ɾ a ⁿd u ]_w
[_w ᵐb i ʃ ĩ ᵐb i ]_w
[_w a r i e ɾ o ]_w
[_w t e ᵐb i p o ɾ i ]_w
[_w k a ʋ a ]_w
[_w k u dʒ a ]_w
[_w o x a s a ʋ o ]_w
[_w ɰ u a ɾ e p e ]_w
[_w dʒ u l i a ]_w
[_w x e s a x o ]_w
[_w p o l i t i k o ]_w
[_w ɾ o t a ɾ ɯ ]_w
[_w p a ɾ k e ]_w
[_w t e ɾ e i ]_w
[_w i dʒ e ʔ ẽ ]_w
[_w t u p ã o p e ]_w
[_w dʒ e p e ]_w
[_w a ʋ a k u e ɾ e ]_w
[_w dʒ a ᵐb o ĩ ]_w
[_w ɾ e p ɯ k u e ]_w
[_w o p u ɾ a x e i ]_w
[_w p o t e ĩ ʋ a ]_w
[_w dʒ e ᵐb i t ɯ̃ ᵐb e ]_w
[_w ɾ e i e t e ]_w
[_w t a ʋ a p a ]_w
[_w ɰ u a i ʃ a ]_w
[_w ᵐb ɯ ʔ a ]_w
[_w o dʒ e x a ʔ ã ]_w
[_w o dʒ u x u ]_w
[_w ã i ʃ a ]_w
[_w i t a ʋ ɯ e t e ]_w
[_w p a ɾ t i ɰ a s ]_w
[_w a i p o t a ]_w
[_w a p ɯ ɾ õ ]_w
[_w k a ᵑɡʷ e k u e ]_w
[_w dʒ o k o ]_w
[_w t o ɾ o ]_w
[_w a t ã ]_w
[_w ɾ a s ẽ ᵐb e ]_w
[_w k u a a ]_w
[_w ɯ ʋ ɯ ɾ a ʔ i ]_w
[_w x a s ɯ x a p e ]_w
[_w a x o ]_w
[_w ɾ a dʒ ɯ ]_w
[_w dʒ e p e ʔ a ]_w
[_w x a s ẽ ]_w
[_w x e ⁿd ɯ x ẽ t e ]_w
[_w i p o ɾ ã ɰ u i ]_w
[_w s a u s s u ɾ e ]_w
[_w dʒ o ɾ ã i t a ]_w
[_w x e ɾ a k u ]_w
[_w u p e ʋ a ]_w
[_w a r o ɯ o s ]_w
[_w t e ᵐb i a ⁿd u ]_w
[_w s i s t e ᵐb a ]_w
[_w ⁿd o u i ]_w
[_w x e t ɯ ᵐb a ]_w
[_w k o k u e p e ]_w
[_w ᵐb a ɯ ᵐb a ʋ e ]_w
[_w k a ⁿd e ]_w
[_w ᵐb i t ã ɾ e ]_w
[_w s ɯ ɾ ɯ ]_w
[_w i p o p e ]_w
[_w x a ɰ ]_w
[_w p a r a l ]_w
[_w ɾ i ɾ e ]_w
[_w a r o ]_w
[_w ⁿd a i p o ɾ ã ]_w
[_w ᵐb i t ã ʔ i ]_w
[_w ɯ ʋ o t ɯ ɰ u i ]_w
[_w o dʒ e ᵐb o ⁿd ɯ i ]_w
[_w dʒ a x a s a ]_w
[_w ᵐb i s a ]_w
[_w o x o x a p ɯ ]_w
[_w t t e ]_w
[_w ɰ u i ʋ e ]_w
[_w e s p a dʒ a ]_w
[_w p o ɾ u ʋ a ]_w
[_w ɯ p a ʔ ũ ᵐb e ]_w
[_w p o x ɯ i ʋ a ]_w
[_w dʒ a ɰ u a ]_w
[_w ᵐb o p u ʔ ã ʋ o ]_w
[_w o u ᵐb a ]_w
[_w ⁿd e k o ]_w
[_w x o ɰ u e ɾ u ]_w
[_w p ɯ ʔ ɯ̃ i ]_w
[_w ʃ a ᵐb i ɰ o ]_w
[_w dʒ e ʔ ẽ ɾ ɯ ɾ u ]_w
[_w a ᵐb a ⁿd u ʔ a ]_w
[_w o ᵐb o p ɯ e ⁿd a ]_w
[_w a k a ⁿd u ⁿd u ]_w
[_w dʒ a s ɯ k u e ]_w
[_w s ã o ]_w
[_w o ɾ i e ⁿd t a l ]_w
[_w o dʒ o ⁿd i ʋ e ]_w
[_w p a ɾ a ɰ u i ]_w
[_w ᵐb i ⁿd u t o ]_w
[_w t e t i a ʔ e ]_w
[_w ɾ e t a ]_w
[_w dʒ u l i o ]_w
[_w i ʋ a i ʋ a ]_w
[_w ʋ o ɾ e ]_w
[_w k õ i ᵑɡʷ e ]_w
[_w ɾ a ʔ ã ᵑɡ a ʔ i ]_w
[_w i dʒ ɯ s a dʒ a ]_w
[_w o dʒ e ɯ ʔ u ]_w
[_w o dʒ a ⁿd u a ɾ ɯ ]_w
[_w a t ɯ x a ]_w
[_w ɾ o ʔ o ]_w
[_w o ɰ u a p ɯ ]_w
[_w o i p ɯ x ɯ ʋ a ]_w
[_w o t ɯ dʒ u i ]_w
[_w ɾ ɯ s ɯ i ]_w
[_w ɾ e ⁿd ɯ p e ]_w
[_w u ⁿd i o ⁿd ]_w
[_w x ɯ e p ɯ p e ]_w
[_w ɾ e i ᵐb o ʔ ã ]_w
[_w o dʒ o ɾ a ]_w
[_w ɰ ɾ a ⁿd e p e ]_w
[_w ɾ e ᵐb e ]_w
[_w p ɯ t u ʔ ũ ]_w
[_w ɯ ʋ o t ɯ p e ]_w
[_w i t a ʋ ɯ ʋ a ]_w
[_w k a ɾ a ⁿd a ]_w
[_w i dʒ a p e ]_w
[_w p ɯ ʔ a p o ]_w
[_w ʋ i t o ]_w
[_w o p ɯ t a i ]_w
[_w ɾ ɯ e p ɯ ]_w
[_w p u ʔ a k a ]_w
[_w ʋ i k i p e t ã ]_w
[_w dʒ e ᵐb i t ɯ ]_w
[_w dʒ a ʔ ẽ ᵐb e ]_w
[_w ɯ ɰ u a s u ]_w
[_w x ɯ e ]_w
[_w dʒ e p o ɾ u ]_w
[_w dʒ a i p o ʋ a ]_w
[_w dʒ o p ɯ ]_w
[_w t ɾ o ʃ e ]_w
[_w i s ɯ ]_w
[_w x a x a x a ]_w
[_w s u ɾ u ʋ i ʃ a ]_w
[_w dʒ e i k o ʋ e ]_w
[_w ɯ ʋ ɯ t u ]_w
[_w p e ⁿd a ]_w
[_w ʃ i ɾ i ]_w
[_w x o ʋ a p e ]_w
[_w a ᵐb u e p e ]_w
[_w ʃ i ʃ a ɾ õ ]_w
[_w p a p ɯ ]_w
[_w x a ʔ e i k o ]_w
[_w o ĩ k u ɾ i ]_w
[_w o p ɯ t a x a ]_w
[_w x a ʔ ã ᵐb e ]_w
[_w i t e ɾ e i ɾ a ]_w
[_w dʒ u ɾ u ɰ u a i ]_w
[_w k ɯ ʔ a ]_w
[_w o ʋ a ʋ a ]_w
[_w dʒ a i t ɯ ]_w
[_w s a p u k a i ]_w
[_w l o ʋ i ]_w
[_w o dʒ e i t ɯ ]_w
[_w p o x a ]_w
[_w dʒ a ᵐb o ᵐb e ʔ u ]_w
[_w o x u p i ]_w
[_w u p e i ]_w
[_w ⁿd i k o ]_w
[_w k ɯ ɾ ɯ̃ i ]_w
[_w x e ⁿd ɯ x ẽ ʋ a ]_w
[_w dʒ e ʋ ɯ ]_w
[_w ᵐb a ᵐb a i ]_w
[_w i p ɯ ]_w
[_w p e l o t e ɾ a ]_w
[_w ʋ e ɾ a ]_w
[_w a ʋ a dʒ u ]_w
[_w s a k ã ]_w
[_w a ᵐb e ʔ ẽ t e ]_w
[_w ɯ ʋ ɯ p e ]_w
[_w ɾ u p i ʔ a ]_w
[_w ᵐb o ᵐb e ʔ u ]_w
[_w o ĩ x a i ʃ a ]_w
[_w ᵐb e ᵐb e t e o ]_w
[_w i p a x a p e ]_w
[_w ɾ e ᵐb e ʔ ɯ ]_w
[_w ɾ a ʔ ɯ ]_w
[_w dʒ o k o ʋ a ]_w
[_w dʒ o ɾ a i ɾ õ ]_w
[_w k o ʔ a ]_w
[_w i t a ʔ ɯ ]_w
[_w dʒ a t e ʋ u ]_w
[_w k u dʒ a t a ĩ ]_w
[_w a x a i t e ]_w
[_w dʒ u p e ]_w
[_w ɾ e i k e ]_w
[_w t e ᵐb i k u a a ]_w
[_w i dʒ i ɾ ũ ]_w
[_w ⁿd a t i ]_w
[_w i t a ʋ a p e ]_w
[_w o x a ɯ x u ]_w
[_w o i s u ʔ u ]_w
[_w o dʒ o ɾ a i ɾ õ ]_w
[_w ɾ a s ɯ ʋ a ]_w
[_w ᵐb a ⁿd t e ]_w
[_w a dʒ e p ɯ ɾ ũ ]_w
[_w t x e ]_w
[_w x e ᵐb ɯ ]_w
[_w ɾ o ɰ u e ]_w
[_w i p o x ɯ i ʋ a ]_w
[_w x e k o ʋ o dʒ a ]_w
[_w ᵐb o ʔ e x a ɾ a ]_w
[_w ɾ e k a ]_w
[_w ᵐb o s t ɾ a ⁿd o ]_w
[_w k o ᵐb o ʔ a ]_w
[_w o p ɯ ʋ o i ]_w
[_w l i t ɾ o ]_w
[_w s o ɰ u e ]_w
[_w k a ɾ o ]_w
[_w ᵐb a ɾ e t e p e ]_w
[_w ⁿd a t u ɾ a ]_w
[_w a t ɯ x a p e ]_w
[_w i dʒ a ᵐb u e ʋ e ]_w
[_w ɾ e ɾ e ]_w
[_w x e s u ]_w
[_w i dʒ ɯ p ɯ p e ]_w
[_w s ã s o ]_w
[_w o dʒ e ɾ e ]_w
[_w dʒ a k a ]_w
[_w o dʒ a ⁿd i ]_w
[_w o i k o i ]_w
[_w a ɾ a p ɯ t ĩ ]_w
[_w a p ɯ t e ]_w
[_w a u t o ]_w
[_w ɯ p ɯ k u i ]_w
[_w l e ᵑɡʷ a ]_w
[_w ⁿd a i p o ɾ a ]_w
[_w ʋ ɯ ʔ a ]_w
[_w ⁿd o ᵐb e ]_w
[_w o ĩ ɾ e ]_w
[_w t a t u ]_w
[_w ᵐb i t ã k u dʒ a ]_w
[_w o ĩ ᵐb a i t a ]_w
[_w dʒ e ᵐb ɯ a k u ã ]_w
[_w a ⁿd i k e ]_w
[_w o dʒ e ʔ ẽ ᵑɡ a ]_w
[_w dʒ o x a ʔ ã ]_w
[_w l a p a ʃ o ]_w
[_w p ɯ t ã ᵑɡ ɯ ]_w
[_w ᵐb a ᵐb o ]_w
[_w p e ɾ s o ⁿd a ]_w
[_w a ⁿd a i ]_w
[_w u ᵐb i ʃ a ɰ u a ]_w
[_w k a ʋ a dʒ u ]_w
[_w ɾ a p ɯ t u ʔ ũ ]_w
[_w ɯ ʋ ɯ ɾ a ʔ ɯ̃ ]_w
[_w o i k o ʋ o dʒ a ]_w
[_w ɯ ʋ o ɾ a p e ]_w
[_w dʒ e ᵐb i t ɯ̃ ᵑɡʷ e ]_w
[_w ɾ o l o ⁿd ]_w
[_w e dʒ a p o ]_w
[_w i ʋ a ]_w
[_w a dʒ o ]_w
[_w x a i ʃ a k u ]_w
[_w x e ⁿd ɯ x ẽ ]_w
[_w ʋ i ɾ u ]_w
[_w l u i s õ ]_w
[_w ʋ a k a ]_w
[_w a x e ʃ a ]_w
[_w e i ɾ a ]_w
[_w p u p ɯ ]_w
[_w o k ẽ ]_w
[_w k u e ɾ e ]_w
[_w a dʒ e ɾ u t i ]_w
[_w a ɾ a ʋ e ʔ ɯ̃ ]_w
[_w ᵐb a i t e ]_w
[_w dʒ ɯ ʋ a ]_w
[_w p o ɾ ã ʋ e ]_w
[_w ⁿd a x a ]_w
[_w l u ʃ i ]_w
[_w ɾ e k o ʋ o ]_w
[_w ɾ e dʒ o i ]_w
[_w dʒ a k a ɾ u ]_w
[_w p o ɾ a ]_w
[_w o ᵐb ɯ a t ɯ ɾ õ ]_w
[_w ɯ p e ɰ u i ]_w
[_w p ɯ x a ]_w
[_w e ɾ u ]_w
[_w x e ʔ i s e i ]_w
[_w p o t ĩ ]_w
[_w x e ʔ i ʋ o ]_w
[_w a i p o ɾ a ]_w
[_w o dʒ o a p ɯ ]_w
[_w p o ɾ ã ⁿd t e ]_w
[_w ɰ u a ɾ o ⁿd ]_w
[_w o dʒ e u p e ]_w
[_w x a ʔ e ɰ u i ]_w
[_w a ᵑɡ i ɾ ũ ]_w
[_w i dʒ a t ɯ t a ]_w
[_w a p a dʒ u ã i ]_w
[_w i dʒ a ᵐb u e ]_w
[_w ⁿd o ĩ ɾ i ]_w
[_w ɯ s ɯ p o ]_w
[_w ᵐb o x a s a ʋ a ]_w
[_w x e k o p e ]_w
[_w ɯ ʋ ɯ ɾ a ɰ u e ]_w
[_w ɾ e ᵐb e ʔ ɯ ɾ e ]_w
[_w ⁿd t e ]_w
[_w ɰ u a t o ]_w
[_w x e t e p ɯ p e ]_w
[_w o k a k u a ʋ a ]_w
[_w u ᵐb i a ]_w
[_w i dʒ a p ɯ ɾ ã ]_w
[_w ɾ o s a ]_w
[_w o i p ɯ t ɯ ʋ õ ]_w
[_w p a i t e ]_w
[_w ᵐb o ɯ ]_w
[_w dʒ a dʒ e p a ]_w
[_w o x a p ɯ p e ]_w
[_w i p o ɾ u ʋ a ]_w
[_w i ᵑɡ l a t e r a ]_w
[_w x ɯ e p ɯ ]_w
[_w ⁿd o x e ]_w
[_w ɯ ʋ o ɾ a ]_w
[_w dʒ e ᵐb o ɯ k e ]_w
[_w x e k o ʋ a ]_w
[_w t a ʋ a ʔ i ]_w
[_w x a p i ʃ a ]_w
[_w o k ɯ ᵐb e ᵐb e ]_w
[_w ɾ ɯ e ]_w
[_w ɾ u ʔ ã ᵐb e ]_w
[_w x a ʔ e t e ʋ a ]_w
[_w i p o t ɯ ]_w
[_w ⁿd o p a i ʃ a ]_w
[_w dʒ a x e k a ]_w
[_w a x a ɯ x u ]_w
[_w dʒ e p e ɾ õ ]_w
[_w i t u a ]_w
[_w k a ʃ i ]_w
[_w t a p ɯ̃ i ]_w
[_w k u p e ]_w
[_w dʒ e ʔ ẽ p o t ɯ ]_w
[_w ʃ u ᵐb e ]_w
[_w o dʒ a ⁿd u ]_w
[_w o dʒ e dʒ e ʔ ẽ ]_w
[_w p a i l a ]_w
[_w x e s a ]_w
[_w k u a ɾ a x ɯ ]_w
[_w o dʒ e x e ɰ u i ]_w
[_w a ⁿd i s ]_w
[_w u p e ᵐb a ɾ o ]_w
[_w t a i t a ]_w
[_w k o t ɯ p e ]_w
[_w ʋ i ɾ ɰ e ⁿd ]_w
[_w o ɰ a p e ]_w
[_w o p ɯ t a ʋ a ]_w
[_w o ᵐb o ⁿd o ʔ õ ]_w
[_w ᵐb a ʔ e ʋ o i ]_w
[_w ɰ u i ɰ u a ]_w
[_w s e ⁿd x o ɾ ]_w
[_w ɾ ɯ e p ɯ p e ]_w
[_w dʒ a x a ʔ e ʋ a ]_w
[_w k a ɾ a k a ]_w
[_w x i ʔ a ᵑɡ a ]_w
[_w ɾ e t a k u a ]_w
[_w o dʒ e x e dʒ a ]_w
[_w a ʋ e ]_w
[_w u ʋ a ]_w
[_w a ʋ a t i ]_w
[_w ʃ ɯ ɾ ɯ ɾ ɯ ]_w
[_w k a t u ʋ a ]_w
[_w t a p i t i ]_w
[_w o s ẽ ]_w
[_w ᵐb ɯ dʒ a ]_w
[_w k a l i ]_w
[_w x e ɾ a ʋ a p e ]_w
[_w s o x a ]_w
[_w o k a ɰ u i o ]_w
[_w ᵐb i s i o ⁿd e s ]_w
[_w o x a ʔ a ᵑɡ a ]_w
[_w ᵐb o ᵐb ɯ i ]_w
[_w o ⁿd i ʋ e ]_w
[_w a p ɯ t a x a ]_w
[_w o dʒ o a ʋ ɯ ]_w
[_w i ɾ u ⁿd ɯ s a ]_w
[_w ᵐb u ɾ i k a ]_w
[_w o ᵐb o x u ʔ ã ]_w
[_w ʋ a ʔ e ɾ ã p a ]_w
[_w ʃ e ⁿd i ʋ e ]_w
[_w x e ᵐb e ]_w
[_w a ɾ a ɾ e ]_w
[_w ɰ u ɯ ɾ a ʔ ɯ̃ ]_w
[_w i t a p e ]_w
[_w ⁿd o ʋ a l e i ]_w
[_w t e e p e ]_w
[_w x a i x a ɾ a ]_w
[_w p a ɾ i s p e ]_w
[_w o ĩ ʋ e ]_w
[_w i ᵐb a ʔ e i ]_w
[_w i dʒ e t u ʔ u ]_w
[_w dʒ a s ɯ p e ʋ e ]_w
[_w ɯ ɾ e ]_w
[_w i dʒ ɯ ʋ a t e ]_w
[_w s o ʔ o ]_w
[_w t e k o ʋ e ]_w
[_w k u i ᵐb e ]_w
[_w dʒ e t ɯ ]_w
[_w l a ɰ u ⁿd a ]_w
[_w ɾ o ɰ a ɯ ɰ u a ]_w
[_w ᵐb o k õ i ʋ a ]_w
[_w ɾ e dʒ u ]_w
[_w k a ɾ a ]_w
[_w o dʒ e ɾ e ʋ o ]_w
[_w dʒ e ʔ ẽ t a ]_w
[_w o ᵐb o ⁿd o x ẽ ]_w
[_w o u t a ]_w
[_w x e ᵐb i p o t a ]_w
[_w t a t a p ɯ̃ i ]_w
[_w k a ʔ a ʋ o ]_w
[_w o k a ɰ u i ]_w
[_w ʃ u ʔ i ɰ u i ]_w
[_w t a t a ɰ u i ]_w
[_w i t a dʒ ɯ ]_w
[_w ᵐb o ʋ ɯ ʔ a ]_w
[_w ⁿd o ɾ t e ]_w
[_w ɯ ᵐb a ᵐb a i ]_w
[_w ᵐb a ⁿd i ]_w
[_w p a s o ]_w
[_w x e t a ᵐb e ᵐb ]_w
[_w ɯ ɰ u a s u ʋ a ]_w
[_w a t ɯ ɾ a ]_w
[_w e ⁿd e ɾ e x e ]_w
[_w e ɾ e ʋ a ]_w
[_w i ᵐb o ʔ ã ]_w
[_w ɯ p a ʔ ũ ]_w
[_w k u e ɾ a ]_w
[_w e u ɾ o p a p e ]_w
[_w ᵐb a t a ]_w
[_w p e x ẽ ᵑɡʷ e ]_w
[_w dʒ a i ᵐb e ]_w
[_w p a ɾ t i s t a ]_w
[_w o k a ɾ a p e ]_w
[_w k u a t i a ]_w
[_w k a s õ ]_w
[_w a p a dʒ u a i ]_w
[_w o ᵐb ɯ i ]_w
[_w dʒ a ᵐb o dʒ o dʒ a ]_w
[_w ᵐb ɯ t e ]_w
[_w p ɯ t ũ ]_w
[_w k ɯ s e ]_w
[_w p o p a ]_w
[_w ᵐb ɯ t e ɾ ã ]_w
[_w x e ʔ i t a ]_w
[_w o i k o ʋ e ɾ e ]_w
[_w s ɯ p e ]_w
[_w i s a ʔ ɯ ]_w
[_w o p a ʋ o ]_w
[_w ᵐb e t ɾ o s ]_w
[_w i t a ʋ a ]_w
[_w l a ʔ ɯ l a ]_w
[_w p ɯ ʃ ã i ]_w
[_w ʋ a i ɾ e ]_w
[_w i p i ɾ e ]_w
[_w i ᵐb a ⁿd u ʔ a ]_w
[_w ɯ ᵐb a ᵐb a ]_w
[_w o dʒ e ʔ e ⁿd t e ]_w
[_w dʒ a ʋ ɯ ʔ ɯ̃ ]_w
[_w a k ã ɾ e ]_w
[_w s e l e ]_w
[_w p a ʋ e p e ]_w
[_w x a ʔ e x i ⁿd a ]_w
[_w i t e ɾ e ]_w
[_w u p e ɾ a ᵐb o ]_w
[_w a dʒ o ᵐb e ]_w
[_w ɯ p ɯ k u e p e ]_w
[_w x a ɯ e s p e ]_w
[_w ᵐb ɯ t e p e ]_w
[_w t a i p u ]_w
[_w t a ⁿd i ᵐb a l ]_w
[_w dʒ a dʒ e ʔ ẽ p u ]_w
[_w p o ʃ ɯ ʋ a ]_w
[_w dʒ e ɾ e ɾ e ]_w
[_w i ᵐb a t a ]_w
[_w x ɯ e ɰ u a p ɯ ]_w
[_w k u a a ʋ a ]_w
[_w i ⁿd i ɰ e ⁿd a ]_w
[_w s o ʋ ɾ i ⁿd o ]_w
[_w x e t a i t e ]_w
[_w k o l o ɾ ]_w
[_w dʒ a ᵐb a ⁿd a ]_w
[_w o k a ɾ a i ]_w
[_w ⁿd i k a ]_w
[_w ɾ o ʔ ɯ ]_w
[_w s a ʔ i p e ]_w
[_w a i p o ɾ ã ]_w
[_w o x e ʃ a p a ]_w
[_w dʒ a ᵐb o dʒ a ᵐb e ]_w
[_w i ɾ ũ ]_w
[_w ɾ e t e p e ]_w
[_w o dʒ e ᵐb o ɯ ʔ u ]_w
[_w a k e ]_w
[_w ᵐb o õ i t e p a ]_w
[_w o dʒ e x e k ɯ i ]_w
[_w p ɯ ɰ u ɯ p e ]_w
[_w l a ɰ o ]_w
[_w p e ẽ ᵐb e ]_w
[_w s a l t o s ]_w
[_w x e ʔ i dʒ e ɯ ]_w
[_w dʒ a k a ɾ a i ]_w
[_w dʒ a ɰ u a ɯ ]_w
[_w ɾ e i k e ʋ a ]_w
[_w o i p o ɾ õ ]_w
[_w i ᵐb e ⁿd e ]_w
[_w x e dʒ o i ʋ a ]_w
[_w ᵐb e ᵐb ɯ ]_w
[_w ʃ a ʋ u r o ]_w
[_w u p e ɾ i ɾ e ]_w
[_w k a ʔ i ]_w
[_w a ᵐb a ⁿd u e l ]_w
[_w k a k u a ɾ a ]_w
[_w e ɾ e t a ]_w
[_w x a s ɯ ]_w
[_w p e x e ʃ a ]_w
[_w u ᵐb i ʋ a ]_w
[_w a ɾ e k o ]_w
[_w i k a t u t a ]_w
[_w o x e ⁿd o i ]_w
[_w a p ɯ̃ i ]_w
[_w a x e dʒ a ]_w
[_w k u e x e ]_w
[_w ᵐb a ʔ e ɾ ã i ]_w
[_w o dʒ e ʔ e ᵐb i ]_w
[_w o p a ᵐb a ]_w
[_w ᵐb a ʔ e ⁿd t e ]_w
[_w a ɾ t i s t a ]_w
[_w k u ɾ u ]_w
[_w ɾ e t ã p ɯ ɾ e ]_w
[_w l u i s ]_w
[_w x o ʔ a ʋ a ]_w
[_w ɾ a k ã ᵑɡʷ e ]_w
[_w x a ʔ e i ]_w
[_w x a i p i ]_w
[_w a ʋ a k a ʃ i ]_w
[_w ɾ e ᵐb e ʔ ẽ ]_w
[_w a dʒ e p ɯ t ɯ ]_w
[_w x i ʔ u p e ]_w
[_w a l t o s ]_w
[_w ɾ e ᵐb i ʔ u ]_w
[_w o ɾ e x e ɰ u i ]_w
[_w o dʒ e x u ]_w
[_w o dʒ e ʔ ẽ ᵐb e ]_w
[_w o x e ⁿd u ]_w
[_w o p u ʔ ã ]_w
[_w p a dʒ e ]_w
[_w a s u k a ]_w
[_w k u a ɾ t o ]_w
[_w p e ɾ u p i ]_w
[_w o x o ʋ a i ]_w
[_w ⁿd u e ʋ a ]_w
[_w i ᵐb a ʔ e ]_w
[_w ʋ ɯ ʔ a i ]_w
[_w x e ᵐb i p o ɾ a ]_w
[_w t e ⁿd o ⁿd e t e ]_w
[_w o i k e i ]_w
[_w a p o ʋ a ]_w
[_w x e t e p e ]_w
[_w k u a ]_w
[_w ɾ a ᵐb o ʋ e ]_w
[_w o dʒ o p i ]_w
[_w o i k o x a ɾ a ]_w
[_w ᵐb a ɾ a ʋ e ʔ ɯ̃ ]_w
[_w e t a ]_w
[_w x i k u e ɾ a ]_w
[_w l o ᵐb i t ã ᵐb e ]_w
[_w a ᵐb o i k o i ]_w
[_w a ⁿd i ⁿd a ]_w
[_w a ɾ a ⁿd u p e ]_w
[_w p o ɾ ã ʋ e ʋ a ]_w
[_w i k e p e ]_w
[_w o ᵐb o ⁿd e i ]_w
[_w o dʒ a x u ]_w
[_w a ᵐb u e ɰ u a ]_w
[_w p u k o e ]_w
[_w x o ʔ u ]_w
[_w ᵐb a ⁿd u ʔ a ]_w
[_w a i p o ɾ õ ]_w
[_w k a ᵑɡʷ e ᵐb i ᵐb i ]_w
[_w t u i ʃ a i t e ]_w
[_w ɯ s ɯ ɾ ɯ ]_w
[_w p e t e i ]_w
[_w dʒ e ᵐb ɯ a k u ]_w
[_w ᵐb a ʔ e ɾ e p a ]_w
[_w a x a ]_w
[_w a p o x a ɰ u e ]_w
[_w e ⁿd e ɾ e x o ]_w
[_w t a p i ʃ a ]_w
[_w p i ɾ a ]_w
[_w o ʋ ɯ ʔ ũ ]_w
[_w o s e ʋ a ]_w
[_w ᵐb i ᵐb i ]_w
[_w o ᵐb o ⁿd ɯ i ]_w
[_w ɯ p ɯ k u e ɾ a ]_w
[_w a x e dʒ a ʋ a ]_w
[_w x a ɰ u i ]_w
[_w o x e ⁿd u ʋ a ]_w
[_w i dʒ e ʔ ẽ ɾ e ]_w
[_w x a ɰ u a ]_w
[_w a ʋ a ]_w
[_w i k a ⁿd e ʔ õ ]_w
[_w ɯ s ɯ ɾ ɯ p e ]_w
[_w dʒ a ᵐb o dʒ ɯ ]_w
[_w dʒ a p o ]_w
[_w s i ᵐb o l o ]_w
[_w ᵐb a ᵐb e ɾ t o ]_w
[_w ᵐb e s ᵐb o ]_w
[_w ᵐb o x a p e ]_w
[_w a x a i ]_w
[_w o p o p o ᵐb a ]_w
[_w ᵐb a ʔ a s ɯ ]_w
[_w o dʒ e ɾ o ʔ a ]_w
[_w t e k o ɾ e i ]_w
[_w ᵐb o ĩ ᵐb a x a ]_w
[_w ᵐb a ʔ e ɾ ã x a ]_w
[_w o ⁿd o x o i ʋ a ]_w
[_w l o ɾ i t o ]_w
[_w s a ʔ i ʋ e ]_w
[_w l e k a dʒ a ]_w
[_w ɯ p ɯ k u e ]_w
[_w o ĩ x a ᵐb e ]_w
[_w dʒ e k ɯ t i ᵑɡʷ e ]_w
[_w ᵐb i ʃ ĩ ʋ e ʋ a ]_w
[_w ᵐb a ⁿd o i ]_w
[_w a ʋ e ʋ e ]_w
[_w x e p ɯ ]_w
[_w o i k o ʋ e ]_w
[_w dʒ a ᵐb o p u ]_w
[_w x o ʔ a ]_w
[_w a i k o ]_w
[_w ⁿd o i p o t a i ]_w
[_w x a ɰ u e ɾ e ]_w
[_w ᵐb e dʒ u ]_w
[_w a ɾ t i k u ]_w
[_w u l o x i o ]_w
[_w ᵐb a ʔ e p u ]_w
[_w o p a x a p e ]_w
[_w o dʒ e dʒ a p o i ]_w
[_w o dʒ e t ɯ ]_w
[_w x e t a x a p e ]_w
[_w o x a i k u a a ]_w
[_w a l t o s p e ]_w
[_w o ᵐb a ʔ p o ]_w
[_w o ɰ u a x e ]_w
[_w o ᵐb o x a p ɯ ]_w
[_w k a p i ʔ i p e ]_w
[_w ⁿd e x e ɰ u i ]_w
[_w k a k u a ʋ a ]_w
[_w ᵐb a ʔ e k u ɾ i ]_w
[_w a ᵐb i ɰ o ]_w
[_w o i p e dʒ u k a ]_w
[_w ᵐb a ʔ e ɾ a ᵐb o ]_w
[_w o ᵐb o p o t i ]_w
[_w o ᵐb e ʔ u ]_w
[_w i p ɯ a x u ʋ a ]_w
[_w o dʒ a dʒ a i ]_w
[_w k a ᵐb a ]_w
[_w ᵐb ɯ ᵐb a ]_w
[_w x e ʔ i dʒ e ]_w
[_w dʒ a i k u a a ]_w
[_w o ɾ e k o p ɯ ]_w
[_w x a p ɯ ]_w
[_w dʒ e ʔ ẽ k u a a ]_w
[_w x a k a t u i ]_w
[_w o dʒ e p ɯ t ɯ ]_w
[_w o p a ʋ a ʋ e ]_w
[_w ɾ u ɰ u a ]_w
[_w ɯ ʋ ɯ ɾ a ʋ a ]_w
[_w s a ⁿd t i ɰ a s ]_w
[_w t o ɾ ɯ ]_w
[_w ɰ u a i ]_w
[_w l e i ]_w
[_w x e k o ]_w
[_w p ɯ t ɯ ʋ õ ]_w
[_w u p e ]_w
[_w p ɯ t ã ]_w
[_w p a i ]_w
[_w t a ʋ ɯ ]_w
[_w i t a dʒ u ]_w
[_w p e p e ]_w
[_w a ⁿd i k e ⁿd a ]_w
[_w ᵐb a ɾ a ⁿd u p e ]_w
[_w p i ɾ a k u ]_w
[_w i k a t u ɾ õ ]_w
[_w o dʒ e ᵐb o ᵑɡʷ ʔ i ]_w
[_w k a ⁿd i ⁿd a ]_w
[_w ɾ a ᵐb o i ]_w
[_w ᵐb i l l o ⁿd e s ]_w
[_w ɾ o x o ]_w
[_w dʒ e t a p e ]_w
[_w p e ɾ e i ]_w
[_w u ɾ u ɰ u a ]_w
[_w p o k õ i ]_w
[_w dʒ u a ⁿd a ]_w
[_w ᵐb o x u ʔ ã ]_w
[_w o dʒ u x u t a ]_w
[_w dʒ e p e ɾ a ᵐb o ]_w
[_w o p a ʔ ã ]_w
[_w a k o i ⁿd t e ]_w
[_w p o ɾ ã ʋ a ]_w
[_w ã ʋ a p e ]_w
[_w ⁿd a ɾ ã x a ]_w
[_w ɾ e ʋ e ]_w
[_w a ɾ e t e p e ]_w
[_w t a ᵐb o ᵐb e ʔ u ]_w
[_w o ɾ e k o ʋ e ]_w
[_w t a ɰ u a i ]_w
[_w o ᵐb a ⁿd o i t e ]_w
[_w a p o x a p e ]_w
[_w x u ʋ i ʃ a ]_w
[_w i p u k u k u e ]_w
[_w k a l o ]_w
[_w ᵐb o x a p ɯ ʋ e ]_w
[_w t a ʔ a ᵑɡ a ]_w
[_w o dʒ a p ɯ ɾ ã ]_w
[_w ɾ ã ᵑɡʷ e ]_w
[_w dʒ e ᵐb ɯ ]_w
[_w ɾ e t ã ɾ e ]_w
[_w ɾ ɯ k u e ]_w
[_w o k a x a ɾ e ]_w
[_w t a ʋ a x a ɾ õ ]_w
[_w a dʒ e dʒ a p o ]_w
[_w ɾ e dʒ a ]_w
[_w u p e ʋ a k o ]_w
[_w ᵐb a ʔ e ʔ ɯ p e ]_w
[_w t a ɾ o ʋ a ]_w
[_w t u i ʃ a ʋ e ]_w
[_w ʋ a i ʋ e ʋ a ]_w
[_w p e t e ĩ ʋ a ]_w
[_w u ᵐb i ʋ a p e ]_w
[_w o dʒ e ʋ ɯ ᵐb a ]_w
[_w ʋ e i ᵐb a ]_w
[_w x e t a ᵐb a ]_w
[_w ɰ o ⁿd ɾ a ]_w
[_w x o ʋ a i ]_w
[_w o dʒ e ⁿd o x ẽ ]_w
[_w p o ɾ ã t a ]_w
[_w ʃ o ᵐb s k ɯ ]_w
[_w o p a x a i ]_w
[_w a k a t u ᵐb a ]_w
[_w x e t a ʋ e ʋ e ]_w
[_w p u ⁿd i e ]_w
[_w x e ʔ õ ]_w
[_w p a k o ʋ a ]_w
[_w ɯ ʋ u ]_w
[_w x e ⁿd a i ʃ a ]_w
[_w x o ʋ ɯ ʋ a ]_w
[_w i t e ]_w
[_w ɾ e k o ᵐb o ]_w
[_w i s a ɾ a ᵐb i ]_w
[_w p e i ⁿd t e ]_w
[_w ᵐb a ʔ e ʋ e ]_w
[_w e dʒ a p o p e ]_w
[_w e l i s a ]_w
[_w x a ɰ u ã ⁿd t e ]_w
[_w ʋ o i ⁿd t e ɾ e ]_w
[_w ɾ a ᵑɡʷ e ]_w
[_w i p o ʃ ɯ ]_w
[_w o ᵐb ɯ a t ɯ ]_w
[_w i p u ]_w
[_w dʒ e ᵐb a ⁿd u e l ]_w
[_w ɯ t a k u e ʋ o ]_w
[_w a ⁿd i ʃ e ⁿd e ]_w
[_w k o i ʃ a ]_w
[_w ʃ i ʃ a ɾ e ]_w
[_w a p o p e ]_w
[_w t e t o ]_w
[_w ɾ e i k u a a ]_w
[_w a ɾ a ʋ i ʃ u ]_w
[_w x e dʒ o i x a ]_w
[_w ᵐb e ʔ ẽ ʋ o ]_w
[_w i dʒ e x e ɰ u i ]_w
[_w a i ⁿd a ]_w
[_w ᵐb o dʒ a ]_w
[_w ⁿd o x e ʃ a i ]_w
[_w o dʒ e ɰ u a ]_w
[_w i k ɯ ɾ a ]_w
[_w x a i ]_w
[_w ᵐb a ᵐb o i t e ]_w
[_w ⁿd o x e dʒ o i ]_w
[_w i p ɯ a p ɯ ]_w
[_w dʒ o a ʋ ɯ ʋ a ]_w
[_w ɰ a l e a ⁿd o ]_w
[_w i dʒ a x ɯ ʔ o ]_w
[_w a dʒ e ʔ ẽ k õ i ]_w
[_w dʒ e p o ɾ ã ]_w
[_w o i p o t a ]_w
[_w o x o k u e ]_w
[_w o dʒ e ɰ u a t o ]_w
[_w t e ɾ e ɾ e ]_w
[_w dʒ e ɾ o ʔ a ]_w
[_w a ɾ e a ]_w
[_w ɾ u p a ]_w
[_w ɰ u a ʋ a ]_w
[_w o ᵐb o ɰ u a t o ]_w
[_w o dʒ o p ɯ ]_w
[_w dʒ a ⁿd i ]_w
[_w ᵐb a ⁿd i a ]_w
[_w dʒ e ɾ e ]_w
[_w ɾ e s a ɾ a k a ]_w
[_w o x e ⁿd u k a ]_w
[_w x ɯ k u ]_w
[_w k a ᵐb i s a ]_w
[_w i t e ɾ e x o ]_w
[_w ᵐb a ɾ a k i ]_w
[_w p l a t a ]_w
[_w k a ʔ a k u p e ]_w
[_w i p o ɾ i ]_w
[_w ᵐb i l x o ]_w
[_w a dʒ a p o p e ]_w
[_w ɾ a s ɯ ]_w
[_w a ɾ a x a k u ]_w
[_w dʒ e ʔ ẽ p u ]_w
[_w ɰ u i ʋ e p e ]_w
[_w ᵐb e ɾ õ ]_w
[_w t ɯ k ɯ ]_w
[_w x e ᵐb e ʔ ɯ ɾ e ]_w
[_w ɾ e ɾ a ]_w
[_w t e k o ᵐb o ʔ ã ]_w
[_w dʒ a p e ]_w
[_w ɾ a s a ]_w
[_w p a x a ]_w
[_w o t ɯ k ɯ ]_w
[_w a ɾ a ʋ o ]_w
[_w dʒ a i ᵐb o ʔ ã ]_w
[_w o ɰ u e ɾ e ]_w
[_w a ɾ a p e ]_w
[_w dʒ e ᵐb u dʒ a ]_w
[_w ᵐb o dʒ e ʔ e ]_w
[_w ʋ a ʔ e ɾ ã i ]_w
[_w s e ʋ o i ]_w
[_w i k o ʔ ẽ ]_w
[_w a ᵐb u e ʋ a ]_w
[_w ᵐb a ʔ e ɰ u i ]_w
[_w k u a a ʔ ɯ̃ ʋ a ]_w
[_w s a ʔ i ]_w
[_w ʋ i s i o ]_w
[_w ᵐb e ɰ u e ]_w
[_w o i p o ɾ u ʋ a ]_w
[_w t e ᵐb i ɰ u e l ]_w
[_w ʃ o k o k u ɾ i ]_w
[_w a x e ⁿd u ]_w
[_w ᵐb a ɯ ᵐb a i t e ]_w
[_w x e k o ʋ e ]_w
[_w t u dʒ a ᵐb e ]_w
[_w o dʒ a p o i ]_w
[_w ɾ e i ᵐb e ]_w
[_w o ᵐb o ᵐb o ]_w
[_w ɯ p o a ]_w
[_w dʒ e dʒ o t ɯ̃ ]_w
[_w k a ᵐb ɯ p e ]_w
[_w x a ɰ u e ɰ u i ]_w
[_w o ɰ u e ⁿd o x e ]_w
[_w t a s ɯ o ]_w
[_w t e e ʋ a ]_w
[_w k o ɾ a p ɯ ]_w
[_w dʒ a x e ⁿd u ʋ o ]_w
[_w p u k u ʋ a ]_w
[_w p a ɾ a ⁿd u ]_w
[_w o ĩ ʋ a ʔ e ]_w
[_w ɾ o dʒ a ]_w
[_w a ʋ i o ⁿd ]_w
[_w dʒ e dʒ u i ]_w
[_w dʒ e ᵐb a ⁿd i ʔ o ]_w
[_w o x o x a ]_w
[_w o i ᵐb e ]_w
[_w t a ʋ ɯ ʋ a ]_w
[_w k o k u e ]_w
[_w ɰ e ⁿd e ɾ a l ]_w
[_w ɯ ʋ ɯ ɾ a ɾ e ]_w
[_w dʒ a x e ʃ a ]_w
[_w o s ɯ ɾ ɯ ɰ u i ]_w
[_w ʃ e ⁿd e ]_w
[_w ⁿd i ʋ e ]_w
[_w x e ʋ e ]_w
[_w e ⁿd e ɾ o ]_w
[_w o dʒ u e x e ]_w
[_w p a k u e ]_w
[_w a p ɯ t e ɰ u i ]_w
[_w dʒ a dʒ a p o t a ]_w
[_w x e ⁿd a ]_w
[_w a dʒ u x u t a ]_w
[_w o dʒ e ᵐb o i ᵑɡ e ]_w
[_w p e t e ĩ x a ]_w
[_w t e ɾ a ɾ ã ᵑɡʷ e ]_w
[_w dʒ e p ɯ s o ]_w
[_w o dʒ a x u x a ]_w
[_w o ᵐb o p o ]_w
[_w k u a t i a ɾ e ]_w
[_w o i t ɯ ʋ a ]_w
[_w p ɯ ʔ a p a ʋ ẽ ]_w
[_w p e i ʃ a p e ]_w
[_w dʒ e k o ]_w
[_w k ɯ ɾ e ʔ ɯ̃ ]_w
[_w dʒ a x e ʃ a p a ]_w
[_w ᵐb e ʔ ẽ ]_w
[_w k o k a t u ]_w
[_w dʒ a ɰ u i o ]_w
[_w a s a dʒ e ]_w
[_w o dʒ o ɰ u a s u ]_w
[_w o ʋ e ʋ e ʋ a ]_w
[_w i ⁿd u s t ɾ i a ]_w
[_w e s ɯ ɾ ɯ ]_w
[_w ɾ e ᵐb o a ᵐb u e ]_w
[_w ʃ e t a ʋ e ]_w
[_w t a ⁿd ]_w
[_w o ᵐb a ⁿd o ]_w
[_w ᵐb ɯ ᵐb a ʔ i ]_w
[_w o x e k ɯ i ]_w
[_w a ᵐb u e ʋ e ]_w
[_w t e ⁿd a p e ]_w
[_w ɯ ʋ a t e ʋ e ]_w
[_w ɯ ʋ ɯ ɾ a ɰ u a ]_w
[_w t a ʋ ɯ t e ɾ e ]_w
[_w k u p e p e ]_w
[_w dʒ a dʒ e p ɯ s o ]_w
[_w o ɾ e ⁿd i ʋ e ]_w
[_w dʒ e ɾ u ɾ e ]_w
[_w x a ʔ e dʒ o ]_w
[_w a i p o ɾ u ]_w
[_w ɯ ⁿd o ʔ õ ]_w
[_w x u ɰ u ɯ ]_w
[_w x o k ẽ ]_w
[_w k u ⁿd u ʔ ũ ]_w
[_w x a ʔ u ]_w
[_w o dʒ e x u ⁿd i ]_w
[_w x i ʔ a ʋ a ]_w
[_w x o ɾ ɯ ʋ e ʋ a ]_w
[_w ɰ u a ɾ a ⁿd u ]_w
[_w o dʒ e dʒ o t ɯ̃ ]_w
[_w p e ɾ u p e ]_w
[_w dʒ u t ɯ ]_w
[_w ɯ ᵐb a ]_w
[_w p a p o t a ]_w
[_w p e ʋ a p e ]_w
[_w o ⁿd o x o ]_w
[_w a ᵐb u e ɾ e ]_w
[_w ɰ e r a ]_w
[_w a i k e ]_w
[_w ɾ e ᵐb i k u a a ]_w
[_w t o p a ]_w
[_w dʒ a s ɯ k a t u ]_w
[_w x e ᵐb i p u ɾ u ]_w
[_w a ɾ a ⁿd u ɰ u i ]_w
[_w k o k u e ʋ o ]_w
[_w dʒ a ɰ u i ]_w
[_w k o s a ]_w
[_w t e ᵐb i t ɯ̃ ᵑɡʷ e ]_w
[_w dʒ e x e ⁿd o i ]_w
[_w t e ʃ a p a ]_w
[_w ᵐb a ʋ a i t e ]_w
[_w o dʒ o ᵑɡ a t u ]_w
[_w ᵐb a ᵐb e ɾ i k a ]_w
[_w ⁿd a ɾ a ⁿd i ]_w
[_w o i k o ʋ e ʋ e ]_w
[_w dʒ a s ɯ t e ĩ ]_w
[_w i ʋ a l l e t a ]_w
[_w ʋ a ʔ e ɾ e p ɯ ]_w
[_w x e ⁿd o ⁿd e p e ]_w
[_w dʒ a dʒ a p o ᵐb a ]_w
[_w ⁿd o ʋ a l e ʋ a ]_w
[_w a ɾ p a ]_w
[_w o dʒ e ᵐb o ɯ k e ]_w
[_w x e ⁿd a ɰ u i ]_w
[_w ɾ e i ⁿd o ]_w
[_w o ᵐb o t a ]_w
[_w ⁿd o ʋ a ]_w
[_w ɾ e k o x a p ɯ ]_w
[_w o dʒ e ᵐb o s ẽ ]_w
[_w o ʋ ɯ ʔ a ]_w
[_w ɾ o ᵑɡʷ a i ʃ a ]_w
[_w ᵐb o t e ĩ ]_w
[_w ɰ o l p e ]_w
[_w x e ⁿd a ɾ e ]_w
[_w dʒ e p ɯ ɾ ũ ɾ ã ]_w
[_w k o ʔ ẽ dʒ u ]_w
[_w ɯ̃ ɾ a ᵐb o ⁿd a ]_w
[_w dʒ i ⁿd a ]_w
[_w o ᵐb a ⁿd a ]_w
[_w x e s e ɰ u ɾ o ]_w
[_w ɾ e i ᵐb o ʔ ã i ]_w
[_w p o x a ɰ u a ɯ ]_w
[_w t o ɰ u e ɾ e ]_w
[_w o ᵐb a ʔ e ɾ ã ]_w
[_w k o ʔ ẽ ᵐb e ]_w
[_w ɾ o k ɯ ]_w
[_w p a p ɯ e t a ]_w
[_w ɾ e i ᵐb o ʔ e ]_w
[_w p a x a p e ]_w
[_w i t a ɰ u a i ]_w
[_w x a x a ]_w
[_w o ᵐb o a ᵐb u e ]_w
[_w ʃ e ᵐb a ⁿd i a ]_w
[_w x e ʔ i p a ʋ o ]_w
[_w i p ɯ a p ẽ ]_w
[_w ɾ e ɾ a p e ɾ e ]_w
[_w ᵐb o ɯ ʋ e ᵐb i ]_w
[_w x e ᵐb i a p o ]_w
[_w ᵐb o ɾ a ʔ e ]_w
[_w a p a ɾ t i k u ]_w
[_w ᵐb e t e o ]_w
[_w ɯ ʋ ɯ ɰ u ɯ ]_w
[_w t a p i ʃ a ɾ e ]_w
[_w u p e i ʃ a ]_w
[_w dʒ o ɰ u a x ẽ ]_w
[_w ᵐb a ⁿd o ʋ a ]_w
[_w ʃ a ɰ u a ]_w
[_w dʒ a x e ʃ a t a ]_w
[_w dʒ a dʒ o x e i ]_w
[_w t i e ᵐb p o p e ]_w
[_w ɯ ʋ o t ɯ ]_w
[_w ᵐb o x o ʋ a ]_w
[_w ɾ a p ɯ t e p e ]_w
[_w ᵐb i ʃ ĩ ]_w
[_w a ɾ a p ɯ p e ]_w
[_w o dʒ o ɯ k e ]_w
[_w ᵐb e ʋ e ]_w
[_w dʒ e ᵐb o dʒ a ɾ õ ]_w
[_w o dʒ e ᵐb u x a ]_w
[_w o dʒ e dʒ u k a ]_w
[_w t u p ã ɾ a ⁿd u ]_w
[_w t e t ã ɰ u i ]_w
[_w p a p a ]_w
[_w ɾ ɯ ɾ u ]_w
[_w p ɯ ʔ a p e ]_w
[_w x e t a ʋ ɯ ʋ a ]_w
[_w x e ⁿd o i ]_w
[_w ɾ o k ẽ ]_w
[_w s o l ]_w
[_w o ĩ ʋ a p e ]_w
[_w ɾ e s ẽ ]_w
[_w a dʒ o ᵐb i ⁿd t e ]_w
[_w p i ɾ o ʔ ɯ s a ]_w
[_w ɾ e s a ɾ a ᵐb o ]_w
[_w x i ʔ a ɾ a s ɯ ]_w
[_w t e ɾ o dʒ e ʔ u ]_w
[_w x e s a k ã ]_w
[_w dʒ o ᵑɡ a t u ]_w
[_w p ɾ i ᵐb e ɾ a ẽ ]_w
[_w a ɾ a t i ɾ i ]_w
[_w p e ɰ u a ɰ u i ]_w
[_w x e k o ʋ e p e ]_w
[_w x u p a ]_w
[_w p ɯ t e ]_w
[_w o dʒ a p ɯ x ɯ ]_w
[_w o dʒ e p o ɾ a ]_w
[_w t e ᵐb a ]_w
[_w o dʒ e ᵐb o ᵐb ɯ i ]_w
[_w ᵐb a ɾ a k a dʒ a ]_w
[_w o ᵐb o ʔ e ]_w
[_w dʒ u t ɯ p e ]_w
[_w i p o x ɯ i ]_w
[_w ɾ e k o ʋ e ]_w
[_w k a t u i ]_w
[_w ɰ u a ɾ a ɯ ]_w
[_w ʃ a ᵐb i ]_w
[_w t ɯ e k u e ]_w
[_w t a t a t ĩ ]_w
[_w p a ɾ t e ]_w
[_w t a p e p e ]_w
[_w e t e ]_w
[_w i ᵐb e ᵐb ɯ ]_w
[_w ᵐb o õ p a ]_w
[_w dʒ a ⁿd e ⁿd i ʋ e ]_w
[_w p o k õ i x a ]_w
[_w ᵐb a ɾ a ᵐb i ɾ õ ]_w
[_w x e ⁿd a ɾ u p i ]_w
[_w k a ʋ ɾ e ɾ a ]_w
[_w s o l o ]_w
[_w ɾ u ʋ i ]_w
[_w p o ɾ ]_w
[_w ɾ o x e dʒ a ]_w
[_w ɯ ʋ a ]_w
[_w ɾ o ɾ ɯ ]_w
[_w i k a t u ɾ a l ]_w
[_w s a p a t u ]_w
[_w s o t e ɾ o ]_w
[_w dʒ a s ɯ ]_w
[_w ⁿd o dʒ e x a s a ]_w
[_w ⁿd a x a ʔ e ]_w
[_w k a ⁿd e ʔ õ ]_w
[_w t a ʋ a ɾ a ]_w
[_w dʒ a ʔ e t a ]_w
[_w p o ʔ i ]_w
[_w k a k u a a ]_w
[_w ɾ u ɰ u a s u ]_w
[_w ɾ e i p a ]_w
[_w t ɾ e s ]_w
[_w ⁿd e ⁿd i ʋ e ]_w
[_w p e i k o ]_w
[_w ɾ e x a s a ]_w
[_w ɾ o l a ]_w
[_w o p i ʋ o ]_w
[_w a t e ]_w
[_w dʒ a x a t a ]_w
[_w t ɯ dʒ u i ʋ a ]_w
[_w o dʒ e ʃ a u k a ]_w
[_w o ʋ a ]_w
[_w dʒ a dʒ e x a s a ]_w
[_w x i k u e i ]_w
[_w i t a ʋ u s u ]_w
[_w ᵑɡ a ʔ u ]_w
[_w ᵐb o k õ i ᵐb e ]_w
[_w ɾ o ʋ ɯ ʔ a ]_w
[_w p e p o ]_w
[_w i t a ]_w
[_w t e ᵐb i ʔ u ɾ ã ]_w
[_w dʒ e x a i ]_w
[_w x e ɰ u a t a ]_w
[_w dʒ a ʋ e ʋ a ]_w
[_w p e ⁿd e ɾ a l ]_w
[_w ɰ u a i ɾ a ]_w
[_w dʒ e s u s ]_w
[_w k o ɾ a ᵐb o ]_w
[_w k a dʒ a ]_w
[_w ɾ e k o ʋ a ]_w
[_w i ᵐb i t ã ᵐb e ]_w
[_w o dʒ o t ɯ̃ ᵐb e ]_w
[_w a ɾ a s ẽ ]_w
[_w i p o ɾ u ⁿd ɯ ]_w
[_w a ɾ a ⁿd i ]_w
[_w o ʋ a l e ʋ a ]_w
[_w o dʒ e ʔ e ɾ ã ]_w
[_w ɾ e ⁿd a ɰ u ã ]_w
[_w i t a ʋ a ɾ e ]_w
[_w ⁿd o x e dʒ a ]_w
[_w o dʒ e ᵐb o i ]_w
[_w p ɯ p u k u ]_w
[_w ʃ u ɰ u i ]_w
[_w t e k o ʋ e p e ]_w
[_w ᵐb a ⁿd o i t e ]_w
[_w k a u s a ]_w
[_w t u p a o ]_w
[_w t e ɾ o p e ]_w
[_w ɰ ɾ a ᵐb a ]_w
[_w ᵐb o t e ĩ ʋ a ]_w
[_w dʒ a i p u ɾ u ]_w
[_w s a p u k u ]_w
[_w a p u ʔ a e ]_w
[_w o dʒ e ᵐb o ᵑɡʷ ʔ e ]_w
[_w ɾ u p a ʔ ɯ ]_w
[_w ɾ e dʒ a p o ᵐb a ]_w
[_w o i ᵐb e ɾ a ᵐb o ]_w
[_w o dʒ e i t ɯ p a ]_w
[_w ɯ p ɯ ]_w
[_w dʒ a ʔ e k u a a ]_w
[_w e i ʃ a ]_w
[_w dʒ a x e ʃ a ʋ a ]_w
[_w ɾ e ᵐb i ]_w
[_w dʒ o a dʒ u ]_w
[_w t a t a ʔ ɯ ɾ e ]_w
[_w p u l e ]_w
[_w p e i ʃ a ɾ õ ]_w
[_w x o ʋ ɯ ]_w
[_w ʋ e ʋ u i ]_w
[_w p o ɾ u ⁿd ɯ ]_w
[_w t a ʋ a ɾ e ]_w
[_w k ɯ ɾ a ]_w
[_w ɾ o ʔ ɯ s ã ]_w
[_w u p e ɰ u a ]_w
[_w p o p e ]_w
[_w ᵐb a ʋ a ʋ e p e ]_w
[_w ᵐb a ⁿd ɯ dʒ u ]_w
[_w s a p ɯ ʔ a ᵐb i ]_w
[_w ⁿd o x o i ʋ a ]_w
[_w t e ʃ a p ɯ ɾ ã ]_w
[_w o i k u a a i ]_w
[_w p o ɾ a ʋ a ]_w
[_w a dʒ e ʋ ɯ ]_w
[_w k u dʒ a ᵐb e ]_w
[_w ɾ e k o s ã s o ]_w
[_w o k i ɾ i ɾ ĩ ]_w
[_w u ɾ u ɰ u a i ]_w
[_w ᵐb i t ã i ʃ a ]_w
[_w x o ɰ u e ɾ e ]_w
[_w o i p ɯ t e p e ]_w
[_w ᵐb e ʃ o ]_w
[_w o ɰ a k u e ʋ o ]_w
[_w o ɰ a p o ]_w
[_w o u dʒ e ɯ ]_w
[_w dʒ a ⁿd u ʋ i ɾ ã ]_w
[_w ɯ p ɯ p e ]_w
[_w t a p i a i t e ]_w
[_w x ɯ k u e p e ]_w
[_w ᵐb a ɾ e k o p ɯ ]_w
[_w ᵐb o p u x a ]_w
[_w ᵐb o x o ʋ a i ]_w
[_w t i e ʔ ɯ̃ ]_w
[_w ɾ a p ɯ t a ᵐb a ]_w
[_w a ⁿd a t a ]_w
[_w a t e dʒ o i ]_w
[_w o ʋ a ɾ e i ʃ a ]_w
[_w k u ɾ a p e ]_w
[_w ᵐb a ɾ s a l ]_w
[_w o p o ɾ a ⁿd u ]_w
[_w o i k o k u e ]_w
[_w e ⁿd t e ɾ ⁿd e t ]_w
[_w ɾ e k o x a p e ]_w
[_w ⁿd a ᵐb i ]_w
[_w a p o ɾ a ⁿd u ]_w
[_w o i k o x a ɾ e ]_w
[_w dʒ e ᵐb o i ]_w
[_w o x e k a ʋ o ]_w
[_w x e t ã ɰ u i ]_w
[_w a k u e ʋ o ]_w
[_w a ɾ a ɾ o ʋ a ]_w
[_w a t ã ᵐb e ]_w
[_w x a t ã ʋ a ]_w
[_w o dʒ u p i ʋ e ]_w
[_w ᵐb e t r o ]_w
[_w ɾ e ɾ u x a ]_w
[_w ã ᵑɡ a ]_w
[_w a ɾ a ⁿd u e l ]_w
[_w t r a p o ]_w
[_w dʒ e ʔ ẽ ʋ a ]_w
[_w dʒ u ʔ i ]_w
[_w x a ʔ e ʋ o i ]_w
[_w p a ɰ u e ]_w
[_w p e ɾ u ɾ e ]_w
[_w i t a ʋ e ʋ e ]_w
[_w ᵐb o i ]_w
[_w e i ɾ e t e ]_w
[_w u p e i ʃ a ɾ e ]_w
[_w ᵐb a t o ʋ i ]_w
[_w x a ʔ e t a ]_w
[_w o p u ʔ ã ʋ o ]_w
[_w o i k o ɾ a p ɯ ]_w
[_w u p e ᵐb a ɾ õ ]_w
[_w k o ʔ ã ᵑɡ a ]_w
[_w ʋ i l l e t a ]_w
[_w dʒ a t e ʋ o ]_w
[_w e x e k a ʋ o ]_w
[_w i p ɯ a ʔ e ʋ e ]_w
[_w ᵐb a ɾ a ᵑɡ a t u ]_w
[_w dʒ e ɰ u e ]_w
[_w o ᵐb o i ɾ ũ ]_w
[_w x i k u a a ]_w
[_w dʒ e ʔ ã ᵐb e ]_w
[_w ɯ ᵐb a ʋ a i k o ]_w
[_w p o k õ i ʋ e ]_w
[_w ɾ a s ɯ p e ]_w
[_w ɾ ɯ k u e p e ]_w
[_w t a i p u ɾ u ]_w
[_w x ɯ e k u e ]_w
[_w k a i ɰ u i ]_w
[_w o i p ɯ t e ʋ a ]_w
[_w o ᵐb o dʒ o dʒ a ]_w
[_w ɾ a ɯ x u ]_w
[_w k a t u e t e ]_w
[_w dʒ e ɾ o ʋ a ]_w
[_w ɾ e ɾ e k o ]_w
[_w ⁿd a ⁿd e ]_w
[_w k a ʔ a ɰ u i ]_w
[_w k a ɾ i a ]_w
[_w p u k u k u e ]_w
[_w ᵐb o dʒ a ɾ e ]_w
[_w ɰ u i k i ]_w
[_w a dʒ u ɾ a ]_w
[_w x a k a ᵐb ɯ ]_w
[_w a ɾ a k a dʒ a ]_w
[_w ɾ a ʔ ã ᵑɡ a ]_w
[_w dʒ e ᵐb ɯ p e ]_w
[_w a ᵐb ɯ ɾ ɯ̃ i ]_w
[_w ᵐb u ⁿd o ]_w
[_w p o x a ɾ a ]_w
[_w p o k a t u ɾ õ ]_w
[_w ᵐb a ⁿd u ʋ i ]_w
[_w a p ɯ t u ]_w
[_w a l t o ]_w
[_w i ᵐb a ɾ e t e ]_w
[_w t a ʋ a ɰ u i ]_w
[_w ɾ o ʔ ɯ s a ]_w
[_w ɾ o ɰ u e ⁿd o ]_w
[_w ɾ a ᵐb o ⁿd a x a ]_w
[_w x e t e ɾ i o ]_w
[_w dʒ e ᵐb o s ẽ ]_w
[_w ᵐb o k a dʒ ɯ ]_w
[_w t u p i ʔ a t ã ]_w
[_w ɯ ᵐb a ɰ u a ]_w
[_w k u ʔ a ]_w
[_w x e ɾ a p e ]_w
[_w a ɾ i ɰ u i ]_w
[_w i dʒ e ʔ ã ]_w
[_w dʒ a t e ɾ e ɾ e ]_w
[_w ʋ ɯ ʔ a p o ]_w
[_w ʋ i l l a ɰ ɾ a ]_w
[_w ᵐb a ⁿd u ʋ a ]_w
[_w i dʒ a p a i t e ]_w
[_w ɰ u a p ɯ ]_w
[_w dʒ a ᵐb ɯ a t ɯ ]_w
[_w a dʒ a p o ᵐb a ]_w
[_w dʒ ɯ ɰ u e ]_w
[_w t a l a ʋ e ɾ a ]_w
[_w ɾ a ʔ a ᵑɡ a ]_w
[_w x a ʔ e ⁿd i k o ]_w
[_w k a ʋ u ɾ e ]_w
[_w o dʒ a i t ɯ ]_w
[_w a ᵐb ɯ u ]_w
[_w o x e dʒ o i ʋ a ]_w
[_w x a ʔ e ʋ e ɾ e ]_w
[_w ᵐb o ⁿd a ɯ ]_w
[_w p i o ]_w
[_w a i ᵐb e t e o ]_w
[_w dʒ a ʋ ɯ ʔ ɯ̃ ᵐb e ]_w
[_w ɯ p e ɰ u a p ɯ ]_w
[_w ɰ u a s ]_w
[_w dʒ a p u ]_w
[_w a ɯ a l a ]_w
[_w p a p ɯ t u ]_w
[_w ɾ e t e p ɯ p e ]_w
[_w dʒ e ʔ ẽ t e dʒ a ]_w
[_w p ɯ t a x a p e ]_w
[_w x e t a i t a ]_w
[_w ɾ u ɰ u a ɯ ]_w
[_w dʒ a ʔ e t e ʋ a ]_w
[_w ⁿd e ʔ i s e ]_w
[_w ᵐb e ᵐb e ʋ a ]_w
[_w ᵐb ɯ t e ɾ e x e ]_w
[_w p u ɾ e k o i ]_w
[_w dʒ e ʔ ẽ ⁿd ɯ ]_w
[_w a ɰ u a i ]_w
[_w i ʋ a i ʋ e ʋ e ]_w
[_w x e t a ʋ e ]_w
[_w a ɾ t e ]_w
[_w a dʒ o i t e ]_w
[_w dʒ a t ɯ ʋ a ]_w
[_w ɯ t a k u ]_w
[_w o p a ᵐb a ʔ e ]_w
[_w ⁿd e ʔ i ɾ i ]_w
[_w ᵐb a ɾ a k u ã ]_w
[_w s o t e ɾ a ]_w
[_w ɯ ʋ a k u e ɾ a ]_w
[_w t e ɾ o ɾ e ]_w
[_w a ɾ a p e p ẽ ]_w
[_w x a ʔ e t e ]_w
[_w i t a ʋ e ɾ e ]_w
[_w p ɾ o ᵐb e t e ]_w
[_w o p o k o ]_w
[_w dʒ u ɾ e ]_w
[_w a ᵑɡʷ l o ]_w
[_w p o ɾ a ʋ o ]_w
[_w p ɯ k a ]_w
[_w dʒ a ᵐb o dʒ a ]_w
[_w e s p a dʒ o l ]_w
[_w x o ɰ u e ɾ a ]_w
[_w a ᵐb a ⁿd a ʋ a ]_w
[_w a ɾ e t e k u e ]_w
[_w p ɯ p e ]_w
[_w o i k o p e ]_w
[_w p e t e ĩ t e ĩ ]_w
[_w l e k e ʃ o ]_w
[_w o s ã i ]_w
[_w ʋ a e ɾ ]_w
[_w a ᵐb o ĩ ]_w
[_w i t u dʒ a ᵐb e ]_w
[_w a ᵑɡ a p ɯ p e ]_w
[_w o t e k o ]_w
[_w x a ʔ e x a ]_w
[_w k u a a ᵐb a ]_w
[_w a ᵐb o ᵐb e ʔ u ]_w
[_w x a s ɯ p e ʋ e ]_w
[_w dʒ e ᵐb i t ɯ̃ ɾ ã ]_w
[_w o dʒ e dʒ a ⁿd u ]_w
[_w ɰ u ã ɾ ã ]_w
[_w o p ɯ ɾ ũ ]_w
[_w e dʒ u ]_w
[_w a p o p a ]_w
[_w dʒ e x e ]_w
[_w ɯ ɰ a ]_w
[_w k i l o ]_w
[_w t e ᵐb i ɾ e k o ]_w
[_w ᵐb a ⁿd u ʔ a ɾ ã ]_w
[_w ɾ e ᵐb o ᵐb e ʔ u ]_w
[_w o dʒ e ɾ o k ɯ ]_w
[_w p ɯ t u ]_w
[_w k o ʔ a ɰ u ɯ ]_w
[_w dʒ a ʔ e k u e ]_w
[_w o p o ɾ a ]_w
[_w s ɯ ɾ ɯ p e ]_w
[_w x e k o x a ɾ e ]_w
[_w ᵐb o ⁿd ɯ i ]_w
[_w p u ɾ u k u a a ]_w
[_w a ɾ a ⁿd u ɾ ã ]_w
[_w dʒ a ⁿd e ɾ e ]_w
[_w l o ᵐb a ]_w
[_w ɾ ɯ a k u ]_w
[_w ⁿd o ᵐb a ⁿd a i ]_w
[_w a i p o ]_w
[_w dʒ e p o i ]_w
[_w k i ʋ e ʋ a ]_w
[_w k a ʔ ɯ ɰ u a ]_w
[_w a ᵐb a ʔ e i ʃ a ]_w
[_w o i p e ʔ a ʋ a ]_w
[_w ᵐb ɯ k ɯ ᵐb i ]_w
[_w ɯ ɰ a p e ]_w
[_w o k a ɾ u ]_w
[_w ᵐb e ⁿd a ]_w
[_w ᵐb o dʒ a ɾ õ ]_w
[_w u p e ʋ a ɾ ã ]_w
[_w i dʒ e ɾ e ]_w
[_w x a ɰ u a i ʔ ɯ ]_w
[_w t a ʋ a ɾ a p e ]_w
[_w o p a t a ]_w
[_w x ɯ ã k u ã ]_w
[_w dʒ a ᵐb o x u ʔ ã ]_w
[_w dʒ e ᵐb ɯ p a ]_w
[_w o p a x a ]_w
[_w i ɾ u ⁿd ɯ p a ]_w
[_w k o ɰ a ]_w
[_w x a ᵐb a ʔ a p o ]_w
[_w dʒ e ɯ ⁿd t e ]_w
[_w a ʃ e ɰ e t ɯ ]_w
[_w ɯ ʋ ɯ ɰ u i ]_w
[_w o i ᵐb o ʔ ã ]_w
[_w ʋ a k a ʃ i k e ]_w
[_w i dʒ a t ɯ ʋ a ]_w
[_w s a ⁿd t o ⁿd i o ]_w
[_w ɾ o x e dʒ o i ]_w
[_w x i ᵐb ⁿd o ]_w
[_w t e ᵐb i ᵐb o ]_w
[_w t a ⁿd i ]_w
[_w ɯ ʋ a t e ʋ o ]_w
[_w i ᵐb i t ã i ʃ a ]_w
[_w ᵐb i ʃ ĩ ʋ a ]_w
[_w o dʒ a p i ]_w
[_w x i ʔ a ]_w
[_w t a p i a t a ]_w
[_w t e ɾ o dʒ e ʔ e ]_w
[_w o i p o ɾ ã ]_w
[_w a i p o ɾ ã ʋ a ]_w
[_w o dʒ u p e ]_w
[_w a p u ʔ a k a ]_w
[_w o ɰ u a p e ]_w
[_w ʃ a k o ɾ e ]_w
[_w ɯ s ɯ ɾ ɯ ɾ ɯ ]_w
[_w t e ɾ o s ]_w
[_w a ɾ a k u t u ]_w
[_w dʒ u l i a ⁿd ]_w
[_w s e ɾ e ⁿd a t a ]_w
[_w ɾ e ⁿd a ɰ u i o ]_w
[_w p ɯ a x u ʋ a ]_w
[_w o ʋ e ʋ a ]_w
[_w ɾ o ʋ ɯ ʔ a p e ]_w
[_w i p o ɰ u ɯ p e ]_w
[_w dʒ u ɾ u ɰ u a ]_w
[_w dʒ e ᵐb i t ɯ̃ ]_w
[_w i p ɯ ʔ a ]_w
[_w x a s ɯ p e ]_w
[_w o ᵐb a ⁿd o ʋ a ]_w
[_w o dʒ o p e ]_w
[_w s a ⁿd t a ]_w
[_w o dʒ u k a ]_w
[_w p o x a ɰ u e ]_w
[_w p e ɰ u a s u ]_w
[_w p o x ɯ i ]_w
[_w ɯ ʋ ɯ ɾ a p e ]_w
[_w t a k u a ]_w
[_w dʒ e ᵐb o dʒ a ʔ o ]_w
[_w o ɰ u e dʒ ɯ ʋ a ]_w
[_w o dʒ a p o ᵐb a ]_w
[_w ɾ e i ⁿd a ]_w
[_w a ᵐb o i t e ]_w
[_w dʒ a dʒ e ʔ ẽ ʋ a ]_w
[_w ᵐb a ʔ e ʋ a ]_w
[_w p u k a ]_w
[_w ɾ e ᵐb i ʔ u ɾ ã ]_w
[_w ᵐb a ɾ a ʋ o ʔ i ]_w
[_w k e s u ]_w
[_w x o s ã ]_w
[_w p u p u ]_w
[_w a ɾ ɯ ɰ u i ]_w
[_w ɾ e t ĩ ]_w
[_w a ɾ a t a ]_w
[_w k a ᵑɡʷ e ɰ u i ]_w
[_w o dʒ a p ɯ s ẽ ]_w
[_w dʒ e t a p e ɾ e ]_w
[_w a p o ʋ o ]_w
[_w o dʒ e dʒ u i ]_w
[_w ᵐb ɯ k u ɾ ẽ ]_w
[_w k a ʔ a ɾ õ ]_w
[_w e ⁿd t ã o ]_w
[_w i dʒ e p u ɾ u ]_w
[_w ᵐb a t e ]_w
[_w a s ɯ ʋ a p e ]_w
[_w ɾ e t ã ɰ u i ]_w
[_w ɾ u ʋ i ʃ a ]_w
[_w o ᵐb o ɯ k e ʔ ɯ ]_w
[_w o dʒ e ᵐb o ʔ ɯ ]_w
[_w o ᵐb ɯ i ʋ a ]_w
[_w ᵐb e ɾ u ]_w
[_w ʋ a i ɰ u i ]_w
[_w ɰ u e t e ɾ i ]_w
[_w k a ʋ a ɾ e ]_w
[_w p i ɾ a p e p o ]_w
[_w dʒ e ᵐb o ᵑɡʷ ʔ e ]_w
[_w o ᵐb o ɯ k e ]_w
[_w k a ᵑɡ ɯ p e ]_w
[_w o p o i ]_w
[_w a ɾ a p ɯ t e ]_w
[_w ⁿd e ʔ i s e ʋ a ]_w
[_w dʒ a x a i t e ]_w
[_w k a ɾ a p e p o ]_w
[_w dʒ a ⁿd ɯ ɾ ɯ ]_w
[_w p o t ĩ ʔ ã ]_w
[_w i p u ɾ u ]_w
[_w o dʒ e k o ]_w
[_w p o ɰ u ɯ ɰ u i ]_w
[_w ⁿd a ʋ ɯ ʔ a p e ]_w
[_w o i k o p a ]_w
[_w dʒ a x a ʔ ã ]_w
[_w a ɾ a p e p o ]_w
[_w t ɯ e p e ]_w
[_w ɯ k e ]_w
[_w a ɾ a ⁿd u e t e ]_w
[_w p e l o t a ]_w
[_w ɾ e ᵐb e ⁿd a ]_w
[_w ᵐb e ᵐb e t e ]_w
[_w o p ɯ t a ɰ u i ]_w
[_w ɰ u e ⁿd o x ẽ ]_w
[_w s i ⁿd o ]_w
[_w x a ɰ u ]_w
[_w ɰ u a ɾ ]_w
[_w ɰ u ɯ p e ]_w
[_w ᵐb a ɾ i a ʔ ɯ ]_w
[_w x e s a ʔ i ʔ ɯ̃ ]_w
[_w t ɾ e ⁿd ]_w
[_w dʒ a dʒ a ]_w
[_w x e t a ]_w
[_w p i ɾ o ʔ ɯ ]_w
[_w p i ɾ a p e ]_w
[_w ᵐb a i ᵐb e t e ]_w
[_w dʒ e ᵐb u ɾ ã ]_w
[_w ⁿd o i k a t u i ]_w
[_w ɾ e ʋ ɯ ʔ a ]_w
[_w a ɾ ɯ s u a ]_w
[_w x a ʔ ɯ̃ i ]_w
[_w o dʒ e k u a ]_w
[_w dʒ e ɯ ]_w
[_w t a t a k u e ]_w
[_w k u ɾ i ]_w
[_w ᵐb o ʔ ɯ ]_w
[_w t e ɾ e ]_w
[_w dʒ e ʔ ẽ ɾ e ]_w
[_w p a u l o ]_w
[_w ʋ o k o i k e i ]_w
[_w i dʒ a ɾ ɰ e l ]_w
[_w a k ã ᵐb e ]_w
[_w o dʒ a ⁿd u t ɯ ]_w
[_w a dʒ e ɾ e ]_w
[_w o t e k o ʋ e ]_w
[_w p e ʋ a k o ]_w
[_w x o ɰ u e k u e ]_w
[_w ɾ e ᵐb ɯ ɾ e ]_w
[_w o ɾ e ʋ i ]_w
[_w o x o p a ]_w
[_w dʒ a x a i ]_w
[_w a ɾ a p o ]_w
[_w ɰ u e ⁿd o ]_w
[_w dʒ e ᵐb o x e dʒ a ]_w
[_w ᵐb i t ã ᵐb i ]_w
[_w a k ã ]_w
[_w dʒ e ʔ ẽ ᵐb e ]_w
[_w x i l a ɾ i o ]_w
[_w k ɯ x ɯ dʒ e ]_w
[_w k u ʔ e ]_w
[_w a ʋ ɯ ʔ a ɰ u i ]_w
[_w i dʒ e x e k ɯ i ]_w
[_w x a ʔ e x a ɾ a ]_w
[_w ɾ e p ɯ ]_w
[_w a p o p ɯ ɾ e ]_w
[_w ɾ e ᵐb i ʔ u p ɯ ]_w
[_w x u ᵐb a ⁿd a ʋ a ]_w
[_w i dʒ a p e p o ]_w
[_w a p o ɾ e ]_w
[_w o i p o t ɯ ʋ a ]_w
[_w t u dʒ a ᵐb i ]_w
[_w o x o k u e ʋ o ]_w
[_w k u a a p ɯ ]_w
[_w ⁿd a t u ɾ a l ]_w
[_w o dʒ e ᵐb o dʒ a i ]_w
[_w ɯ k e ɾ e ]_w
[_w o i k o ᵐb a ]_w
[_w i dʒ e ʔ ã ᵐb e ]_w
[_w t e ᵐb i p u ɾ u ]_w
[_w ɯ p ɯ ɾ a ʔ i ]_w
[_w e s t a ʋ a p a ]_w
[_w dʒ e ʔ ẽ k õ i ]_w
[_w ɰ u a ɾ a x ɯ ]_w
[_w ɾ e p ɾ e s a ɯ ]_w
[_w x e ɰ u i ]_w
[_w o x o ʋ a p e ]_w
[_w ɾ u ʋ u s u ]_w
[_w dʒ e ᵐb o dʒ a ᵐb e ]_w
[_w x u ᵐb a ⁿd o ʋ a ]_w
[_w p u ɾ u ɾ u ]_w
[_w dʒ o ɯ k e ɾ e ]_w
[_w t e t a ]_w
[_w dʒ a x e ʃ a ʋ o ]_w
[_w ᵐb o ʔ e p e ]_w
[_w x a ʔ e ʋ e t e ]_w
[_w dʒ a ⁿd e dʒ a ɾ a ]_w
[_w ɾ o ɰ a p o ]_w
[_w o dʒ a p o ʋ a ]_w
[_w ɾ a k a ]_w
[_w o ᵐb o ɰ u e ]_w
[_w a ɾ i ]_w
[_w ᵐb o ʋ ɯ ᵐb i ]_w
[_w o ᵐb o ɰ u a x a ]_w
[_w ᵐb a ʔ e p e p a ]_w
[_w a dʒ e ʔ ẽ p u ]_w
[_w i ʃ a ]_w
[_w dʒ o x a ʔ ã ᵐb e ]_w
[_w t e s a p e ]_w
[_w x e k o x a p e ]_w
[_w dʒ e ᵐb o ᵑɡ e t a ]_w
[_w dʒ e ᵐb a ⁿd i ]_w
[_w a dʒ e ɾ o ʔ a ]_w
[_w i dʒ e ʔ ẽ k õ i ]_w
[_w x e t e ]_w
[_w i dʒ e x e ]_w
[_w ʋ a ʔ e ɾ e ]_w
[_w o p i t a ]_w
[_w k u e ]_w
[_w o x o ᵐb a ]_w
[_w a dʒ e ɾ u ɾ e ]_w
[_w t a ʔ ã ᵑɡ a ʔ i ]_w
[_w o ᵐb a ʔ a p o ]_w
[_w ɰ u ɯ ɾ a ᵐb i ]_w
[_w t a ɰ u a ɯ ]_w
[_w s a p ɯ ʔ a ]_w
[_w a p ɯ t a ]_w
[_w x e t a i t e i ]_w
[_w ʃ e ᵐb a ⁿd o ]_w
[_w o ɰ u a s u p e ]_w
[_w a dʒ e ɾ o ʋ i a ]_w
[_w o dʒ e x u ʋ a ]_w
[_w dʒ a i t ɯ p o ]_w
[_w ⁿd i ᵐb o ɾ a ʔ e ]_w
[_w ɰ u e dʒ ɯ ]_w
[_w ɾ a ɰ u i ]_w
[_w ʃ i l e ]_w
[_w dʒ e ʔ ẽ ᵐb e ʔ ẽ ]_w
[_w o s ɯ ɾ ɯ p e ]_w
[_w p a dʒ u ã i ]_w
[_w x e t a p e ]_w
[_w k a ʃ i k e ]_w
[_w o ᵐb a ʔ ẽ ]_w
[_w a dʒ e t e ɰ u a ]_w
[_w o dʒ e p u ɾ u ]_w
[_w p e ɾ e ]_w
[_w dʒ a i k u ᵐb ɯ ]_w
[_w t ɯ ɾ e ʔ ɯ̃ ᵐb e ]_w
[_w x a ɰ u ã i ʃ a ]_w
[_w dʒ e k a ]_w
[_w o i k o x a p e ]_w
[_w o dʒ a x a t a ]_w
[_w a ɾ t i ɰ a s ]_w
[_w o dʒ o ɰ u a ]_w
[_w dʒ e dʒ o x e i ]_w
[_w o dʒ e dʒ o k o ]_w
[_w o ɾ a x a ]_w
[_w ⁿd o dʒ u x u ]_w
[_w l i ⁿd e a ]_w
[_w a dʒ u ɾ i ]_w
[_w a k u e ɾ a ]_w
[_w o ᵐb o dʒ o a ʋ ɯ ]_w
[_w o dʒ a p ɯ t e ]_w
[_w ɾ a p ɯ ]_w
[_w i dʒ u ɾ u ]_w
[_w dʒ o a ɯ x u ʋ a ]_w
[_w ɰ u ɯ ɾ a ᵐb o ]_w
[_w o ɰ u e ɾ e k o ]_w
[_w o ɰ u a x ẽ ʋ a ]_w
[_w o ⁿd o x ẽ ]_w
[_w k o ʋ a p e ]_w
[_w k e ɾ a ⁿd a ᵐb i ]_w
[_w i dʒ a p ɯ p e ]_w
[_w dʒ a dʒ e ʔ ẽ ᵐb e ]_w
[_w dʒ e p o ɾ e ]_w
[_w ᵐb i s i o ⁿd ]_w
[_w dʒ a t e ɾ e i ]_w
[_w k o ʋ a ]_w
[_w x a p o p e ]_w
[_w a t e ⁿd e o ]_w
[_w dʒ e p o ɾ ã ᵐb e ]_w
[_w ɾ e ᵐb o ᵐb ɯ ɾ ɯ ]_w
[_w a ʋ a i t e ]_w
[_w dʒ a ⁿd e ᵐb a ʔ e ]_w
[_w dʒ a i k o ]_w
[_w a x e dʒ a ɾ e ]_w
[_w ᵐb a ʋ a p a ]_w
[_w o s ẽ ʋ o ]_w
[_w o x u p a p e ]_w
[_w ʋ a i ɰ u e l ]_w
[_w ɾ e x e x a p e ]_w
[_w dʒ e ʔ ẽ t e p e ]_w
[_w i t a p e ɾ e ]_w
[_w a dʒ e t e x a ]_w
[_w ɰ u a ɾ e i ]_w
[_w t a i t e ]_w
[_w o dʒ e x a ɯ x u ]_w
[_w t a t a ]_w
[_w dʒ u k a ]_w
[_w ɾ o ᵐb e ɾ o ]_w
[_w a ᵐb a ⁿd a ]_w
[_w i ⁿd t e ɾ o dʒ a ]_w
[_w k a ᵑɡ ɯ ʋ a ]_w
[_w ɾ e i k o ʋ o ]_w
[_w dʒ a ʔ e ]_w
[_w u ɾ u ⁿd e ʔ ɯ ]_w
[_w p e t e ĩ ᵐb e ]_w
[_w ɰ u a s u e t e ]_w
[_w t e ᵐb i p o ɾ u ]_w
[_w x e ɾ a ]_w
[_w p o ɰ u a p ɯ ]_w
[_w x a p o p ɯ ɾ e ]_w
[_w o i p o t a i ]_w
[_w x a ʋ i dʒ u ]_w
[_w x e ʃ a p ɯ ɾ ã ]_w
[_w a dʒ e ɾ e ɾ e ]_w
[_w i k u p e p e ]_w
[_w p a ɾ a ]_w
[_w i t u dʒ a ]_w
[_w k o ʔ a ɰ u i o ]_w
[_w dʒ e p o ɾ u x a ]_w
[_w o ĩ ʋ o ]_w
[_w ᵐb ɯ dʒ a t ɯ ʋ a ]_w
[_w o i k u a a s e ]_w
[_w dʒ o x a ʔ a ɾ õ ]_w
[_w p a l o ]_w
[_w ᵐb a ʔ e p o t a ]_w
[_w p e x ẽ ]_w
[_w ɾ e ᵐb i a s a ]_w
[_w ɯ p a k a ɾ a ]_w
[_w k e p e ]_w
[_w ʃ e ʋ e ]_w
[_w ɰ u e t e ɾ i a ]_w
[_w dʒ a s ɯ p a ]_w
[_w ʋ e i ]_w
[_w ɯ ⁿd a ᵐb u ]_w
[_w p e ɰ u a x ẽ ]_w
[_w ᵐb i ⁿd e ɾ a l ]_w
[_w o k a k u a a ]_w
[_w s a t ĩ ]_w
[_w p ɯ ʋ e i ]_w
[_w ɾ o i p o ɾ i ]_w
[_w k u dʒ a ᵑɡʷ e ɾ a ]_w
[_w i k o ʔ ẽ dʒ u ]_w
[_w i k a t u ᵐb a ]_w
[_w x u ɰ u a ]_w
[_w ʋ a e ]_w
[_w s ɯ ɾ ɯ ɾ ɯ ]_w
[_w a ɾ a ᵐb i ɾ õ ]_w
[_w x e ɾ a k u t u ]_w
[_w ᵐb o ʔ e p ɯ ]_w
[_w o p o ɾ a ʋ a ]_w
[_w p ɯ t a ʋ a ɾ e ]_w
[_w o dʒ e t ɯ k u a ]_w
[_w x a s ɯ p o ]_w
[_w s u l ]_w
[_w a ɰ u a x a ]_w
[_w ʋ o s a ]_w
[_w ɾ a ᵐb o i t e ]_w
[_w o ĩ x a ]_w
[_w dʒ o ɾ a ]_w
[_w i p o ɾ e k a ]_w
[_w o x e s a p e ]_w
[_w ⁿd a ʋ ɯ ʔ a ]_w
[_w ɯ ɾ e ᵐb e ]_w
[_w ⁿd o dʒ e x o ]_w
[_w dʒ a ɰ u a t a ]_w
[_w p o l o ᵐb e ⁿd a ]_w
[_w ʋ a ʔ e k u a ]_w
[_w dʒ a p o u k a ]_w
[_w ɾ e x e ʋ e ]_w
[_w ɯ ɾ e ᵐb e ʔ ɯ ]_w
[_w k a p i ]_w
[_w k u a a i ]_w
[_w t u ʋ a p e ]_w
[_w ɰ u e dʒ ɯ x a ]_w
[_w x o s e ]_w
[_w u p e ɾ u p i ]_w
[_w a ʋ a ʋ e ɰ u a ]_w
[_w o ɾ e ʋ i s t a ]_w
[_w dʒ a dʒ a ⁿd i ]_w
[_w a l e ᵐb ᵐb a ]_w
[_w i dʒ a p e p e ]_w
[_w p o ʔ a ]_w
[_w t i e ᵐb p o ]_w
[_w dʒ a dʒ a ⁿd u ]_w
[_w x e k o x a p ɯ ]_w
[_w a p e ɾ e ]_w
[_w ⁿd a x e t a x a ]_w
[_w p e ʋ a ɾ e ]_w
[_w k u a a s e ]_w
[_w ɰ u ɰ i a ɾ i ]_w
[_w ⁿd o ɾ e k o ]_w
[_w x e s e ⁿd t e ]_w
[_w dʒ a x a ʋ o ]_w
[_w x a s ɯ ʋ a p e ]_w
[_w ʋ a ʔ e ɾ ã x a ]_w
[_w p a ɾ a ɰ u e ]_w
[_w ɾ a ɰ u a ɯ ]_w
[_w t o ɰ u e k u e ]_w
[_w ɾ e p ɯ ɾ ã ]_w
[_w o dʒ e k ɯ t ĩ ]_w
[_w o dʒ e ᵐb o p e ]_w
[_w a dʒ u ]_w
[_w dʒ e ʔ e ᵑɡʷ e ɾ a ]_w
[_w o dʒ e ᵐb o ɰ u a ]_w
[_w o dʒ e ᵐb u ]_w
[_w ɾ o i p o t a i ]_w
[_w i p o ɾ u x a ]_w
[_w x a k u k u e ]_w
[_w dʒ e ᵐb a ʔ e i ]_w
[_w u p e ɰ u i ]_w
[_w o ᵐb e ʔ ẽ ʋ a ]_w
[_w a ᵐb a ʔ e ]_w
[_w a ᵐb i e ⁿd t a l ]_w
[_w dʒ a x e ⁿd u k a ]_w
[_w x e ᵐb i a ⁿd u ]_w
[_w t a t a i ⁿd ɯ ]_w
[_w t ũ ᵑɡ ɯ ]_w
[_w p e ɾ õ ]_w
[_w p a ⁿd a ᵐb i ]_w
[_w dʒ a ɾ e i ʃ a ]_w
[_w o dʒ e x e k a ]_w
[_w a p ɯ ʔ a ]_w
[_w ᵐb i l a ⁿd e s a ]_w
[_w o dʒ e x e ⁿd u ]_w
[_w p o p u l a ɾ ]_w
[_w ⁿd a dʒ e k o ]_w
[_w s e ɰ u a ʋ a ]_w
[_w o dʒ e i k e ʋ o ]_w
[_w u p e i k o ]_w
[_w p e ⁿd e ]_w
[_w o dʒ e ɾ e ʋ a ]_w
[_w ɰ u a ɾ i ⁿd i ]_w
[_w k o ʔ a ɾ u ]_w
[_w a ɾ a s ẽ ᵐb e ]_w
[_w u p e t e i ]_w
[_w dʒ a ᵐb a ʔ a p o ]_w
[_w a ɰ u e ɰ u i ]_w
[_w l i ʋ e ɾ a l ]_w
[_w k o ɾ a p ɯ t a ]_w
[_w ʃ o k o k u e ]_w
[_w k o ʋ a ᵑɡ o ]_w
[_w o ɰ u e ɾ a ]_w
[_w dʒ e x a ɯ x u i ]_w
[_w a ʋ e ʋ a ]_w
[_w ᵐb o ᵐb e ʔ u p ɯ ]_w
[_w p e ɾ u ɾ e i ]_w
[_w p e i k o ʋ a ]_w
[_w ᵐb a ɾ e k o ]_w
[_w o p a k u ɾ i ]_w
[_w o ɰ u a x ẽ ʋ o ]_w
[_w o ᵐb o ĩ ʋ a p e ]_w
[_w a ɾ a ᵐb i ]_w
[_w dʒ e ɰ u a p e ]_w
[_w ᵐb e l a ⁿd i o ]_w
[_w x e t a ʋ ɯ ]_w
[_w a ʋ a i k o ]_w
[_w o dʒ o ɰ u a x a ]_w
[_w a ɾ a ⁿd a ᵐb e ]_w
[_w ⁿd o ᵐb a ]_w
[_w i ᵐb a ʔ a p o ]_w
[_w o ᵐb a ⁿd o i ]_w
[_w ⁿd e i ]_w
[_w dʒ a s u k a ]_w
[_w k u a ɾ a p ɯ ]_w
[_w o dʒ o ɰ u a x ẽ ]_w
[_w o dʒ e ᵐb u ɾ ã ]_w
[_w ⁿd i ᵐb o ]_w
[_w ʋ ɯ ʔ a p ɯ p e ]_w
[_w i dʒ a p ɯ x ɯ ]_w
[_w k u ᵐb a ⁿd a ]_w
[_w o ᵐb o ʔ e p ɯ ]_w
[_w p e x ẽ ᵐb e ]_w
[_w x o ɰ a ᵐb i ᵐb e ]_w
[_w k o ɾ a s õ ᵐb e ]_w
[_w u ᵐb i ʃ a ]_w
[_w x o ʋ a ]_w
[_w o k e ]_w
[_w dʒ e ᵐb o ᵑɡʷ ʔ i ]_w
[_w ʋ a e k u e ]_w
[_w o p a ᵐb a ʔ e i ]_w
[_w ɾ o ʋ a k e ]_w
[_w ʃ e ɾ e x e ]_w
[_w ɯ ᵐb a ʋ a ]_w
[_w a x a ɯ x u i ]_w
[_w ⁿd e ɾ e ]_w
[_w t a p e ɾ e ɾ e ]_w
[_w x a ʔ e x a p e ]_w
[_w o dʒ o a ʋ ɯ ʋ a ]_w
[_w o dʒ e ᵐb ɯ a t ɯ ]_w
[_w x a r o ]_w
[_w ᵐb a ʔ ɯ ɾ e ]_w
[_w o k a i ]_w
[_w o dʒ e k a ]_w
[_w p ɯ t i ʔ a ]_w
[_w dʒ a ʋ ɯ ʔ a p e ]_w
[_w o t ɯ k u a ]_w
[_w dʒ o ʔ a ]_w
[_w p o ɾ ã i ]_w
[_w ɾ e ʋ ɯ ʔ a ɾ a ]_w
[_w a ⁿd i ᵐb a l ]_w
[_w s a p ɯ ʔ a p e ]_w
[_w a dʒ e t e t e ]_w
[_w k o ʔ a ɰ u i ]_w
[_w dʒ e k ɯ t ĩ ]_w
[_w k o k a t u ⁿd e ]_w
[_w x e ᵐb i ɾ e k o ]_w
[_w x e ᵐb e ʔ ɯ ]_w
[_w ⁿd a i p o ⁿd a ]_w
[_w ʋ o i ⁿd t e ɾ o ]_w
[_w i t a k u a a ]_w
[_w ã ɰ a ]_w
[_w o x o x a p e ]_w
[_w p i l a ɾ p e ]_w
[_w o x a p ɯ ]_w
[_w a e ⁿd t e ]_w
[_w i ⁿd i ᵐb o ]_w
[_w dʒ a ɾ e ]_w
[_w ɯ ʋ ɯ ɾ a t ɯ ]_w
[_w x a ʔ ã ]_w
[_w o dʒ e ᵐb o ]_w
[_w a ɾ a ʋ o i ]_w
[_w o x u p a ]_w
[_w x e ⁿd o ⁿd e ]_w
[_w o ᵐb o ɰ u a p e ]_w
[_w o k a ᵐb u ʋ a ]_w
[_w k i ʋ e ʋ e ]_w
[_w o ʋ e ʃ a ]_w
[_w dʒ a ⁿd u k a ]_w
[_w x u ᵐb a i t e ]_w
[_w o ĩ ʋ a ʔ e ɾ a ]_w
[_w p ɯ ʔ a ᵐb i ]_w
[_w i dʒ a s ã i ʋ a ]_w
[_w i t a p u a ]_w
[_w ⁿd o dʒ e x u i ]_w
[_w o x a ʔ ã ]_w
[_w i p u ʔ a e ]_w
[_w dʒ e ᵐb ɯ a i ]_w
[_w o ᵐb o p u x a ]_w
[_w o ᵐb o p ɯ a x u ]_w
[_w x a ɰ u e i ʃ a ]_w
[_w o p a ɾ õ ]_w
[_w ʋ ɯ ɾ o ]_w
[_w ɯ ʋ a k u e ]_w
[_w o i k o ʋ e ʋ a ]_w
[_w a p o ɾ ã ʋ a ]_w
[_w dʒ o a ɯ x u ]_w
[_w ɯ ɾ ɯ ʋ u ]_w
[_w i ɰ u ɯ p e ]_w
[_w ɾ e ⁿd a p e ʔ ɯ̃ ]_w
[_w ɾ e s a p e ]_w
[_w k u a t r o ]_w
[_w ⁿd e p o ɾ u ]_w
[_w ⁿd a ɾ ã ]_w
[_w i p o ʔ i ʋ a ]_w
[_w k u dʒ a ᵐb i ]_w
[_w a s ɯ ʋ a ]_w
[_w o i ᵐb e ɾ a ẽ ]_w
[_w l e ɰ u a ɰ u i ]_w
[_w ɾ e t ã ɰ u a ]_w
[_w ʃ e ɾ e x o ]_w
[_w i ᵐb i t ã ʔ i ]_w
[_w dʒ e t ɯ k u a ]_w
[_w o ᵐb a ⁿd a i ]_w
[_w i ᵐb a ⁿd u ʋ a ]_w
[_w o k a ᵐb u ʃ i ]_w
[_w o ᵐb ɯ a s ɯ ]_w
[_w x e t a ʋ e ɾ õ ]_w
[_w ᵐb i t ã ᵐb i ᵐb e ]_w
[_w i dʒ e x e ʃ a ]_w
[_w i dʒ a ]_w
[_w dʒ e ᵐb o dʒ ɯ ]_w
[_w o x o p a i t e ]_w
[_w ɾ e k o p ɯ ]_w
[_w t u p i ]_w
[_w a s i a ]_w
[_w o i ᵐb o ʔ ã i ]_w
[_w x e ʔ i x a ]_w
[_w ʋ a ɰ u i ]_w
[_w dʒ a ʔ e ʋ e t e ]_w
[_w o x e dʒ a ʋ a ]_w
[_w o dʒ e ᵐb o ⁿd o ]_w
[_w o k ɯ k u e ɾ a ]_w
[_w o ᵐb o ʔ ã ]_w
[_w dʒ e ᵐb a ⁿd u ]_w
[_w a ʋ ɯ ʔ a ]_w
[_w p a t e ĩ ]_w
[_w i dʒ a k u ɾ i ]_w
[_w s a k ã ʋ a ]_w
[_w dʒ a x u p e ]_w
[_w k a ɾ a k a dʒ a ]_w
[_w dʒ a ɰ u a i ɾ a ]_w
[_w k u a ɾ a ⁿd i ]_w
[_w dʒ a ᵑɡ a ɾ e k o ]_w
[_w dʒ a p o p e ]_w
[_w o ᵐb o x e ⁿd u ]_w
[_w dʒ e x a i p e ]_w
[_w ⁿd a x a ʔ e t a ]_w
[_w p e i p o t a ]_w
[_w t a p i ʃ a p a ]_w
[_w t e k o x a ɾ e ]_w
[_w ɾ ɯ ᵐb a ]_w
[_w i dʒ a dʒ u ]_w
[_w ɾ e k o ᵐb o ʔ a ]_w
[_w a i p o ɾ i ]_w
[_w p o ɾ a ⁿd u ]_w
[_w ɰ u a ɾ a x a ]_w
[_w k u ʔ i ]_w
[_w dʒ a ᵐb a ⁿd a i ]_w
[_w x e ⁿd a p e ʔ ɯ̃ ]_w
[_w dʒ a ⁿd e ɾ e x e ]_w
[_w t e ᵐb i t ɯ̃ ]_w
[_w dʒ u ᵐb i ]_w
[_w dʒ ɯ ʋ a t e ʋ e ]_w
[_w x a s ɯ k õ i ]_w
[_w t a p i ʃ a p e ]_w
[_w i x a ʃ a ]_w
[_w l e o ⁿd ]_w
[_w ɾ o ɰ a p e ]_w
[_w a ɰ u i o ]_w
[_w x a k e ]_w
[_w k ɯ ʔ a ɰ u i ]_w
[_w o x e ɾ o ]_w
[_w o i ᵐb e ⁿd a t a ]_w
[_w o ɰ u e ɰ u a ]_w
[_w ⁿd a ɾ a ⁿd a ]_w
[_w t a ʋ i ]_w
[_w i t a ʔ ɯ ɾ e ]_w
[_w o ɾ e ʋ i ɾ o ]_w
[_w p u ʔ a e ]_w
[_w ⁿd a i p o t a ]_w
[_w o p a ɾ a ⁿd u ]_w
[_w x o ʔ o ]_w
[_w o p ɯ t a i t e ]_w
[_w p u ɾ u ʋ i ʃ a ]_w
[_w p e ɾ ũ ]_w
[_w a p u ʔ ã ʋ o ]_w
[_w t e k o x a p e ]_w
[_w ᵐb o x u ʔ ã ᵐb e ]_w
[_w o k a p e ]_w
[_w x e ʃ a ʋ o ]_w
[_w dʒ e ᵐb a ʔ a p o ]_w
[_w ʋ a i ʋ a i ]_w
[_w a s ẽ ]_w
[_w o ɰ a p ɯ ]_w
[_w x a k u a ]_w
[_w o dʒ a p o t a ]_w
[_w dʒ a dʒ u ɾ i ]_w
[_w o i k u ⁿd a x a ]_w
[_w dʒ a dʒ a i ]_w
[_w p ɾ o ɰ ɾ a ᵐb o ]_w
[_w x e s a k ã ʋ a ]_w
[_w t e k o k a t u ]_w
[_w p e i ʃ a ⁿd t e ]_w
[_w e s p a dʒ a p e ]_w
[_w x e dʒ a ]_w
[_w a p u ʔ ã ]_w
[_w ᵐb o x o ʋ o ]_w
[_w ɾ e s a ɾ e k o ]_w
[_w a ʃ e ]_w
[_w a ⁿd t o ⁿd i o ]_w
[_w o ᵐb o ʔ a ]_w
[_w a ɾ e ᵐb a ]_w
[_w k a p i ʔ i ]_w
[_w o ᵐb o ɰ u a p ɯ ]_w
[_w ɯ ʋ ɯ p ]_w
[_w ⁿd o dʒ e x e dʒ a ]_w
[_w ɯ p ɯ ɾ a ʔ ɯ̃ i ]_w
[_w o dʒ a x a i ]_w
[_w dʒ e ɰ u a t a ]_w
[_w ʃ e ᵑɡ o ]_w
[_w ɾ o ɰ u e k u e ]_w
[_w o i k e k u ɾ i ]_w
[_w a ɰ o s t o ]_w
[_w i ᵐb o ʔ e x a ]_w
[_w dʒ a x a ʋ a ]_w
[_w a ᵐb i e ⁿd t e ]_w
[_w a ɾ a ⁿd a ]_w
[_w ᵐb a ʔ e ʋ a i ]_w
[_w x a s ɯ k u e ]_w
[_w p ɯ x a ɾ e ʋ e ]_w
[_w ⁿd o dʒ a p ɯ ɾ õ ]_w
[_w p a p ɯ ʋ e i ]_w
[_w a ɰ u e ]_w
[_w a dʒ u x u ʋ a ]_w
[_w k o ɾ a p ɯ p e ]_w
[_w k o k a t u i ]_w
[_w o dʒ e ʔ ẽ ⁿd t e ]_w
[_w l e i k u e i ]_w
[_w ᵐb i t ã ᵐb e ]_w
[_w e ɾ ã ]_w
[_w i t e ⁿd o t a ]_w
[_w a dʒ a p e ]_w
[_w i k a ᵑɡ ɯ ]_w
[_w ᵐb a i ᵐb e ]_w
[_w k u i ᵐb a ʔ e ]_w
[_w x e t i a ʔ e ]_w
[_w t a dʒ ɯ ]_w
[_w a p ĩ ]_w
[_w e s t a ʋ a ]_w
[_w ɰ u ɯ ɾ a ʔ ɯ̃ i ]_w
[_w ɾ a p i ɾ e ]_w
[_w o dʒ e dʒ o ʔ o ]_w
[_w ʋ a k a p i ʔ i ]_w
[_w x a k a ]_w
[_w o dʒ e k a ɾ u ]_w
[_w o dʒ e k u a a ]_w
[_w u p e p e t e ]_w
[_w i t a ɰ u i ]_w
[_w dʒ a t ɯ ]_w
[_w p o k õ i p a ]_w
[_w i dʒ a p o i ]_w
[_w dʒ e ᵐb o ʔ e ]_w
[_w p u p u ʋ a ]_w
[_w ɾ u p i ʋ e ]_w
[_w ã ʋ a ɰ u a t a ]_w
[_w x u ɰ u a i ]_w
[_w x a ɰ u a ʔ a ]_w
[_w ɯ̃ ɾ a ᵐb o i t e ]_w
[_w k a i ɰ u e ]_w
[_w k a ɾ a p o ]_w
[_w dʒ e dʒ u x u ]_w
[_w o ᵐb o ĩ ʋ a ]_w
[_w o x e ʃ a ʋ o ]_w
[_w o dʒ e ᵐb o ᵐb o ]_w
[_w p o t ɯ ]_w
[_w a ɾ a p ɯ ]_w
[_w x ũ ʋ a ]_w
[_w k o ʔ a p e t e ]_w
[_w ɯ s ɯ ɾ ɯ ɰ u i ]_w
[_w a ɾ a p e ɾ ã ]_w
[_w e x e k ɯ i ]_w
[_w dʒ e ʔ ẽ ᵐb o ⁿd o ]_w
[_w ⁿd i ᵑɡ o ]_w
[_w x a ʔ e x a o ]_w
[_w p a ɾ u ⁿd ɯ s a ]_w
[_w o dʒ e ᵐb o ĩ ʋ a ]_w
[_w ⁿd a i p o ʋ a ]_w
[_w o p a ɾ a ]_w
[_w o ᵐb ɯ e s a k ã ]_w
[_w dʒ o ᵑɡ a t u x a ]_w
[_w ɾ e i p o t a ]_w
[_w o dʒ e i t ɯ p o ]_w
[_w s o p a ]_w
[_w a i p o t a i ]_w
[_w i p u ɾ a x e i ]_w
[_w a k a t u ʋ a ]_w
[_w x a ʔ e ⁿd t e ]_w
[_w o x a s a ʋ a ]_w
[_w i ɾ u ⁿd ɯ x a ]_w
[_w o ɾ a x a k u ]_w
[_w dʒ e p e ʋ e p a ]_w
[_w i p o x ã ]_w
[_w p e ʋ a ⁿd t e ]_w
[_w x a i ᵐb e t e ]_w
[_w x e k o k a t u ]_w
[_w p e ɰ u a p e ]_w
[_w ɾ a s ɯ p o ]_w
[_w e s ɯ ɾ ɯ ɾ ɯ ]_w
[_w i ᵑɡ l e s ]_w
[_w x e ʃ a p ɯ ɾ õ ]_w
[_w o ᵐb ɯ a t ɯ ʋ a ]_w
[_w t a t a ʔ ɯ ɾ a ]_w
[_w dʒ a ɾ a ⁿd a ʔ ɯ ]_w
[_w i dʒ e ɾ e ʋ a ]_w
[_w i k o ʔ ẽ ᵐb e ]_w
[_w o i k o ʋ a p e ]_w
[_w ɰ u a ɾ a ⁿd a ]_w
[_w ᵐb a ɾ a k a ]_w
[_w ʋ a ʔ e k u a a ]_w
[_w dʒ a x e ⁿd u ]_w
[_w p a ɾ a ɰ u a ]_w
[_w o s a p u k a i ]_w
[_w ɾ e k o ɾ e ]_w
[_w ɾ o i k o ]_w
[_w ʃ i p a ]_w
[_w ɾ a ʔ ɯ̃ ]_w
[_w x i ʔ a ɾ a s ẽ ]_w
[_w a ᵐb u e ɾ e k o ]_w
[_w k u ᵐb a ⁿd a dʒ e ]_w
[_w a p a ]_w
[_w a p p l e ]_w
[_w ɯ s a p ɯ ʔ a ]_w
[_w dʒ a i p o t ɯ ]_w
[_w o dʒ e ᵐb e ʔ ɯ ]_w
[_w ɯ t a k u a ]_w
[_w a ɾ e k o ɰ u i ]_w
[_w t e s a ]_w
[_w ɾ e ᵐb i ɰ u a ]_w
[_w a i p o ɾ u ʋ a ]_w
[_w i s a ɾ a k u ã ]_w
[_w a ɾ a p ɯ t a ]_w
[_w dʒ a ʋ e ɾ õ ]_w
[_w a ʋ a ʋ e p e ]_w
[_w ᵐb e t e ɾ e ]_w
[_w t a k u a ɾ a ]_w
[_w ɯ ɾ ɯ ʋ a ]_w
[_w a ᵐb e ʔ ẽ ʋ o ]_w
[_w o dʒ e x e ɾ o ]_w
[_w ᵐb o ɯ ʋ e ]_w
[_w o ᵐb e ʔ ẽ ]_w
[_w ⁿd o p ɯ t a ]_w
[_w ɾ e k o ɰ u i ]_w
[_w x a ɰ u a i ʃ a ]_w
[_w o dʒ e ʔ e ʋ a i ]_w
[_w i k o ʔ ẽ ɾ e ]_w
[_w ⁿd i dʒ o ]_w
[_w p e dʒ u p a ]_w
[_w i ʋ a i ʋ a i ]_w
[_w ɾ o l a ⁿd i o ]_w
[_w dʒ e x e ʃ a ]_w
[_w ɾ e ɾ e k o ʋ e ]_w
[_w a ɰ u a ʔ a ]_w
[_w x e t e ɾ i ]_w
[_w p e x e ʃ a ʋ o ]_w
[_w o ᵐb e ⁿd o ]_w
[_w dʒ o ɾ ã i ]_w
[_w o dʒ o ʔ o ]_w
[_w k o ɾ a p ɯ t e ]_w
[_w x a ʔ e ᵐb a ]_w
[_w ʋ a ʔ e ɾ a ]_w
[_w p a ɾ a ⁿd u k a ]_w
[_w o ʋ a l e i ]_w
[_w ᵐb o ɾ e ʋ e ]_w
[_w o x e dʒ o i ]_w
[_w k a t u a ]_w
[_w ᵐb a ʋ a p ɯ ]_w
[_w t a ʔ ɯ ɾ u p e ]_w
[_w a ɰ u i e ]_w
[_w s a ⁿd ]_w
[_w p o ɾ ã i t a ]_w
[_w dʒ e ᵐb o i ᵑɡ e ]_w
[_w k u ᵐb a ⁿd o ]_w
[_w a p a ɾ t e ]_w
[_w o s ɯ ɾ ɯ ʋ a ]_w
[_w p ɯ ʋ e ]_w
[_w a i p o t a ʋ o ]_w
[_w ⁿd o i k o ]_w
[_w x a i ᵐb e ]_w
[_w e ɾ e ʋ o ]_w
[_w p e x e ᵑɡʷ ẽ ]_w
[_w x e ʔ õ x a ]_w
[_w o k a ɾ u ɾ ã ]_w
[_w t a ʔ ɯ ɾ a ]_w
[_w x o ɰ a ɰ u i ]_w
[_w o dʒ a ]_w
[_w x e t a ʋ e ɾ a ]_w
[_w ɰ u ɯ ]_w
[_w t e k o s ã s o ]_w
[_w o p ɯ t a i t a ]_w
[_w t a ʋ a x a ɾ e ]_w
[_w e s p e ]_w
[_w dʒ o p ɯ p e ]_w
[_w e ⁿd t e ɾ o ]_w
[_w dʒ e ᵐb a ⁿd u ʔ a ]_w
[_w dʒ e ᵐb a ʔ a s ɯ ]_w
[_w x u ᵐb a ⁿd a ]_w
[_w a p ɯ k u e ]_w
[_w p o a p ɯ x a ]_w
[_w a p ɯ ɾ a ʔ i ]_w
[_w a ⁿd i ⁿd e dʒ u ]_w
[_w ɾ e ⁿd a p e ]_w
[_w k a p i ʔ a ]_w
[_w o dʒ e dʒ a p o ]_w
[_w t a ɯ x u ]_w
[_w x u ʔ ã ᵐb e ]_w
[_w x a ʔ e ʋ o ]_w
[_w u p e ɰ u a p ɯ ]_w
[_w o t ɯ dʒ u i ʋ a ]_w
[_w ɾ o x e dʒ a i ]_w
[_w i ᵐb o ɾ a ʔ e ]_w
[_w i ᵐb o ɾ i a ]_w
[_w o dʒ e p o i ]_w
[_w x o ɰ a ɯ ɰ u a ]_w
[_w ɰ a l e ɾ i a ]_w
[_w dʒ a dʒ a p e ]_w
[_w ᵐb e ɰ u a ]_w
[_w i ʃ u p e ]_w
[_w dʒ u x ã ]_w
[_w a p o ɾ ã i ]_w
[_w ʋ ɯ ʔ a ɰ u i ]_w
[_w dʒ u ɾ u p i ]_w
[_w i p o t ɯ k ɯ ]_w
[_w o ᵐb o p u ʔ ã ]_w
[_w ɾ e t e p ɯ ]_w
[_w o ᵐb o dʒ a ʔ o ]_w
[_w ɾ o dʒ a p o ʋ a ]_w
[_w t e ᵐb i ᵐb o ʔ e ]_w
[_w t a ʋ a ɰ u i o ]_w
[_w dʒ a dʒ e x a i ]_w
[_w dʒ a dʒ e dʒ a x u ]_w
[_w ᵐb o x a p ɯ x ɯ ]_w
[_w a ⁿd t i ɰ a s ]_w
[_w o i k o k u ɾ i ]_w
[_w p e i k a t u i ]_w
[_w x o ʋ ɯ ũ ]_w
[_w a ʋ a ʋ e ɰ u i ]_w
[_w o p e ⁿd s a ]_w
[_w p ɯ a ʔ e ʋ e ]_w
[_w ɾ o ɰ a p ɯ p a ]_w
[_w ɾ o x e ʃ a ]_w
[_w o dʒ e x u p i ]_w
[_w k u ɾ u ɾ e ]_w
[_w ⁿd e p o ɾ e ]_w
[_w a dʒ e ʋ e ɾ õ ]_w
[_w a t ɯ ɾ õ ]_w
[_w o s e ]_w
[_w o dʒ e ʔ u ]_w
[_w k a i ɰ u e l ]_w
[_w k u ʔ e k a t u ]_w
[_w dʒ u ᵐb e ]_w
[_w o ɰ u a t a ]_w
[_w a dʒ e ]_w
[_w ɾ a ẽ ʋ e t e ]_w
[_w o i p ɯ k u i ]_w
[_w dʒ a ʔ e k u ɾ i ]_w
[_w o ᵐb o ɰ u a ʋ a ]_w
[_w k i ᵐb i ]_w
[_w ɰ u a ʋ i ɾ a ]_w
[_w a ɾ e ɰ u a k a ]_w
[_w o ɯ ʋ a ɾ a ⁿd u ]_w
[_w u p e ɾ u ɾ e ]_w
[_w ᵐb i s i o ]_w
[_w e l i ɰ i o ]_w
[_w ɾ e i k u a i ]_w
[_w o ᵐb o x u p i ]_w
[_w ɰ a l l e t a ]_w
[_w dʒ e ɾ u ɾ e i ]_w
[_w o ᵐb o ɰ u a ]_w
[_w l e ɰ u a ]_w
[_w p o ɾ e k a ]_w
[_w x a k a t u ᵐb a ]_w
[_w dʒ e ᵐb a ⁿd o ]_w
[_w ᵐb ɯ t e t e p e ]_w
[_w x a p i ʃ a ɾ õ ]_w
[_w ɾ e ⁿd a ɰ u a i ]_w
[_w p a ɾ a ɰ u a i ]_w
[_w a p ɯ ɾ a ᵐb o ]_w
[_w a ⁿd u ]_w
[_w x a ɰ u a ʔ i ]_w
[_w k a s i k e ]_w
[_w p e ɾ e ɾ ĩ ]_w
[_w ᵐb u dʒ a ]_w
[_w x a s ɯ k a t u ]_w
[_w a ɾ a k a ʔ e ]_w
[_w o ĩ x i ⁿd a ]_w
[_w ᵐb a ʔ e x a p e ]_w
[_w o i p ɯ k u e ]_w
[_w o dʒ e ɰ u a t a ]_w
[_w p o x a p ɯ p e ]_w
[_w p o t ɯ k ɯ ]_w
[_w o ɾ i e ⁿd t e ]_w
[_w k a k u a ]_w
[_w ɾ o ʔ e ]_w
[_w s u ʔ u ]_w
[_w ɾ a ᵐb o ⁿd a ɯ ]_w
[_w i dʒ a dʒ u ɾ a ]_w
[_w p e i ʃ a ɾ e ]_w
[_w ɾ e ᵐb i ɾ e k o ]_w
[_w ⁿd a x e t a ʋ a ]_w
[_w a ʋ a ɾ e i ʋ a ]_w
[_w t e ᵐb i k u a i ]_w
[_w ⁿd a x a s a ]_w
[_w o s ɯ ɾ ɯ ɾ ɯ ]_w
[_w t a ʋ a ɾ a p ɯ ]_w
[_w dʒ e i k u a a ]_w
[_w x e ʔ i ᵐb i ]_w
[_w ʋ a ʔ e ɾ e p a ]_w
[_w ᵐb a e ]_w
[_w i t a dʒ ɯ ɾ a ]_w
[_w ɯ ɰ a ɾ ɯ ]_w
[_w p i ɾ e k o ᵐb o ]_w
[_w o ᵐb o dʒ o a dʒ u ]_w
[_w dʒ o ɰ u a p ɯ ]_w
[_w ᵐb o ʋ ɯ ʔ ũ ]_w
[_w o u ʋ o ]_w
[_w p ɾ i ᵐb e ɾ a ]_w
[_w ⁿd i k a t u ]_w
[_w k o ɾ a ᵐb o ʋ e ]_w
[_w s ɯ p e ʋ e ɾ e ]_w
[_w a ɾ e ɰ u a ]_w
[_w i t a ʋ e ɾ a l ]_w
[_w p ɯ a ʔ e ʋ o i ]_w
[_w ɰ u a ɾ e ʋ e ]_w
[_w x e t e p ɯ ]_w
[_w a p ɯ t a ʋ a ]_w
[_w ᵐb a ʔ e ⁿd i k o ]_w
[_w p o ɾ u ⁿd ɯ s a ]_w
[_w x a s ɯ p o p e ]_w
[_w ⁿd o dʒ a p o ʋ o ]_w
[_w x a ɰ u a i t e ]_w
[_w a p o x a ɾ e ]_w
[_w ɾ a ʔ e ]_w
[_w i p ɯ a ʔ e ʋ a ]_w
[_w ⁿd o i k e i ]_w
[_w t e t a ᵐb i ]_w
[_w i t a p u ]_w
[_w t e ɾ e x e ]_w
[_w x e ᵐb i p o t ɯ ]_w
[_w k u e ʋ o ]_w
[_w p a p a x a p e ]_w
[_w ⁿd a x a ʔ ã ]_w
[_w p ɯ t a ʋ a ]_w
[_w ã ʋ a ɰ u i ]_w
[_w dʒ e p ɯ ɾ ã ]_w
[_w dʒ e ᵐb o ʔ e x a ]_w
[_w p ɾ e ᵐb i a s a ]_w
[_w o dʒ o ɰ u a p e ]_w
[_w t e ᵐb i ᵐb i ]_w
[_w x i ʔ ã ]_w
[_w o ᵐb o x e dʒ a ]_w
[_w o dʒ o k o ]_w
[_w o ɰ u a ʋ a ]_w
[_w o ĩ x a p e ]_w
[_w ᵐb o ʔ e s ɯ ɾ ɯ ]_w
[_w a ɾ a t e ĩ ᵐb e ]_w
[_w a k a t u ]_w
[_w p a t ɾ i a ]_w
[_w t e ⁿd a ɾ e ]_w
[_w k a r e t a p e ]_w
[_w a x a s e ]_w
[_w e l e ]_w
[_w x i s t o ɾ i a ]_w
[_w o ɾ e ]_w
[_w dʒ a dʒ e dʒ a ⁿd u ]_w
[_w dʒ e dʒ a p o i ]_w
[_w o u ᵐb i ]_w
[_w ã ʋ a ]_w
[_w a k a t u e t e ]_w
[_w dʒ u a t ĩ ]_w
[_w o p ɯ t u ]_w
[_w x e t a ᵐb i ʋ e ]_w
[_w o ᵐb o x e ɾ o ]_w
[_w u p e a ɰ u i ]_w
[_w dʒ a i k o ʋ a ]_w
[_w o ĩ ɾ a ᵐb o ʋ e ]_w
[_w dʒ a i ᵐb e t e ]_w
[_w i ᵐb a ʔ e p u ]_w
[_w a ᵐb ɯ a t ɯ ɾ a ]_w
[_w dʒ a i p o ]_w
[_w o dʒ e ʔ ẽ ʋ a ]_w
[_w ᵐb i ɾ a ⁿd a ʔ ɯ ]_w
[_w ⁿd i ᵐb o ɾ i a ]_w
[_w a ⁿd t i a ɰ o ]_w
[_w x a k u a a ]_w
[_w o dʒ e dʒ a x u ]_w
[_w x i ʔ u p ɯ ɾ ã ]_w
[_w a dʒ a k i ]_w
[_w dʒ e ʋ ɯ ʔ a ]_w
[_w u p e ɾ u ]_w
[_w dʒ o a ]_w
[_w o x o s e ]_w
[_w ᵐb a ʔ e ɾ a ]_w
[_w ⁿd e x e ɰ u a ]_w
[_w i t a ʔ ɯ ɾ u ]_w
[_w dʒ a s ɯ k õ i ]_w
[_w o i k u a a ʋ o ]_w
[_w o ʋ ɯ ʔ a ɾ ã ]_w
[_w o x e ʃ a i ]_w
[_w ɯ s ɯ ɾ ɯ ʋ a ]_w
[_w a ɾ ɯ p e ]_w
[_w ʋ a ʔ e ɾ ã ]_w
[_w o ᵐb e ʔ u ɾ ã ]_w
[_w ᵐb e ɰ u a k a ]_w
[_w o dʒ o ɯ k e ʔ ɯ ]_w
[_w ʃ u ʔ i ]_w
[_w dʒ a ɾ e k o ]_w
[_w ɾ a s ɯ p a p e ]_w
[_w ᵐb a t e o ]_w
[_w ɾ a t a ]_w
[_w o i p o t ɯ ]_w
[_w k a p i a i t e ]_w
[_w t a ɾ o ʋ a i ]_w
[_w ɾ a ɯ x u ʋ a ]_w
[_w dʒ a i p o ɾ u ]_w
[_w dʒ a ᵐb o ɯ k e ]_w
[_w o x a p e ]_w
[_w ɾ i ɾ e ᵐb a ]_w
[_w k a t u ɾ a ]_w
[_w ⁿd a ⁿd i ]_w
[_w dʒ a dʒ e ʔ ẽ ]_w
[_w i p e x ẽ ᵐb e ]_w
[_w dʒ ɯ ʋ a t e ʋ u ]_w
[_w p o x a ɰ u ã ]_w
[_w o dʒ e ʔ ẽ t e e ]_w
[_w k u a a t ɯ ]_w
[_w dʒ a p ɯ ɾ ã ]_w
[_w ɯ p ɯ ɾ a ᵐb o ]_w
[_w t e k o p ɯ ]_w
[_w t a t a p e ]_w
[_w ᵐb a ʋ a i k o ]_w
[_w dʒ a ⁿd u ʋ i ]_w
[_w e dʒ a p o i ]_w
[_w l o s a ⁿd t o ]_w
[_w dʒ e ɾ e ɾ ĩ ]_w
[_w dʒ e ɾ e ʋ o ]_w
[_w a ɰ u a ɾ ]_w
[_w t e ᵐb i ɰ u a i ]_w
[_w u p e p e ɰ u i ]_w
[_w o i k o ʋ o ]_w
[_w x e t a ᵐb e ]_w
[_w t e s a ʔ i ]_w
[_w dʒ e p e ʔ a ʋ a ]_w
[_w p u ɾ u p i ]_w
[_w o x a ɯ x u i ]_w
[_w ɯ t ɯ ]_w
[_w x e t a x a ]_w
[_w i t a k u a ɾ a ]_w
[_w a ɾ a ʋ o ʔ i ]_w
[_w p a ʔ u ]_w
[_w dʒ e x e k a ]_w
[_w i dʒ u ɾ u p i ]_w
[_w x e t ã ]_w
[_w p i ɾ a k u t u ]_w
[_w t u p a ]_w
[_w o ɰ u a ʋ i ɾ a ]_w
[_w t e k o p e ]_w
[_w p a ɾ a ʔ i ]_w
