[_w ʋ eː ɳ ʈ eː ]_w
[_w aː ɭ u ]_w
[_w o n̪ː i n̪ u m ]_w
[_w i m ɡ l iː ʂ ]_w
[_w aː ɭ u k a ɭ ]_w
[_w e n̪ː a t̪ ]_w
[_w e n̪ t̪ ]_w
[_w b a ʈː i j a ]_w
[_w t̪ oː d̪ i l ]_w
[_w m e j i l ]_w
[_w k aː ʃ u m ]_w
[_w ʈ e n̪ ʂ a n̪ ]_w
[_w t̪ oː m a s ]_w
[_w aː j aː l u m ]_w
[_w pʰ i ʂ ]_w
[_w k ai ʋ a ʃ a m ]_w
[_w b aː l ]_w
[_w kʰ u ɾ ]_w
[_w pʰ aː ɾ a m ]_w
[_w a mː a j e ]_w
[_w a t̪ eː ]_w
[_w p a ʃ u ]_w
[_w ɲ e ʈː i ]_w
[_w p ai b i ɭ ]_w
[_w p l aː n̪ ]_w
[_w ʋ a tʃː a ]_w
[_w s i n̪ i m a m ]_w
[_w ʋ a j a s s i l ]_w
[_w ɟ oː s ]_w
[_w ʋ iː ʈ i n̪ u ]_w
[_w a tʃʰː aː ]_w
[_w l i ŋ k ]_w
[_w o ɾ i ʈ a t̪ː e ]_w
[_w s ai ʈː i ]_w
[_w e t̪ː i j a ]_w
[_w m u t̪ a l ]_w
[_w s i b i ai ]_w
[_w s ai s ]_w
[_w a ʈ u t̪ː a ]_w
[_w e ɻ u t̪ i j a t̪ ]_w
[_w s t̪ ɾ iː j e ]_w
[_w t̪ a lː aː n̪ ]_w
[_w m a n̪ a s s ]_w
[_w p aː ŋ k ]_w
[_w e ɻ u t̪ i j a ]_w
[_w n̪ i n̪ː a d̪ ]_w
[_w n̪ i n̪ː aː ɳ ]_w
[_w bʱ a k ʂ a m ]_w
[_w ʋ a ɭ a ɾ n̪ː u ]_w
[_w u ɭː u ]_w
[_w tʃ i ɾ i ]_w
[_w ʃ ʋ aː s a ]_w
[_w p eː ɾ ]_w
[_w a ʈ a kː a n̪ ]_w
[_w k a l a ]_w
[_w b u r a t̪ː ]_w
[_w a ʈ u pː i l ]_w
[_w n̪ i n̪ a kː ]_w
[_w d̪ iː ɾ uː ]_w
[_w b ɾ a t̪ iː p ]_w
[_w s a m kʰ a m ]_w
[_w tʃ i lː a r a ]_w
[_w ʋ aː ʈ a k a ]_w
[_w p a t̪ː u ]_w
[_w a ŋː a n̪ e ]_w
[_w s t̪ ɾ iː ]_w
[_w u ɳ ʈ aː ɡ u m ]_w
[_w t̪ a n̪ i ]_w
[_w ɾ a k t̪ a m ]_w
[_w p eː ʈ i tʃː ]_w
[_w tʃ uː ʈ i l ]_w
[_w a ʋ a ɾ i lː a ]_w
[_w b aː ʈ u n̪ː a ]_w
[_w p u ɻ a ]_w
[_w m u n̪ p eː ]_w
[_w ʋ iː ʈ i n̪ r e ]_w
[_w m u n̪ ]_w
[_w n̪ i n̪ː oː ]_w
[_w e ʋ i ʈ e ]_w
[_w e t̪ː aː n̪ ]_w
[_w ʋ aː ʃ i ]_w
[_w t̪ u ʈ a ŋː u m ]_w
[_w a ʈ i kː aː n̪ ]_w
[_w a t̪ʰ i k a ʋ u m ]_w
[_w m a t̪ s j a m ]_w
[_w p e ɳː ]_w
[_w ɾ a ɳ ʈ aː l ]_w
[_w p i n̪ː eː ]_w
[_w i ɾ a ʈː i ]_w
[_w d̪ a ɾ a t̪ː i ]_w
[_w p a r a ɲː ]_w
[_w p aː k ]_w
[_w a r i j aː t̪ e ]_w
[_w s u k u ɳ a m ]_w
[_w i ʋ a ]_w
[_w k aː l a t̪ː u ]_w
[_w pʰ aː ʂ a n̪ ]_w
[_w p a ʈ a ŋː ]_w
[_w t̪ a l eː ]_w
[_w m aː ɾ kː u ]_w
[_w a ɳː aː ]_w
[_w a ʋ i ʈ a ]_w
[_w ɟ a n̪ a m ]_w
[_w k o ɳ ʈ a ]_w
[_w oː ɾ oː ]_w
[_w d̪ʱ aː ɾ a ɳ a ]_w
[_w s a t̪ j a m ]_w
[_w a l p a m ]_w
[_w ai d̪ i h j a m ]_w
[_w o ʈ u ʋ i l ]_w
[_w i l a ]_w
[_w ɾ uː p a m ]_w
[_w a ʋ a n̪ e ]_w
[_w k ʂ eː t̪ ɾ a ]_w
[_w m aː ʈː i ]_w
[_w oː ʋ a ɾ ]_w
[_w a ʋ a ʈ e ]_w
[_w p i ʈ i tʃː oː ]_w
[_w n̪ a ʈ u ʋ i l ]_w
[_w k a ɭː a ]_w
[_w t̪ a r a j u m ]_w
[_w ʋ aː j a n̪ a ]_w
[_w a r i j u n̪ː u ]_w
[_w o n̪ː u k i l ]_w
[_w k o ɭː u n̪ː u ]_w
[_w t̪ u r a n̪ː u ]_w
[_w l i p i ]_w
[_w k u r a tʃː ]_w
[_w i t̪ aː ]_w
[_w bʱ aː ɡ a ʋ u m ]_w
[_w n̪ i n̪ a kː u ]_w
[_w tʃ u ʈː i ]_w
[_w k a ɳː u k a ɭ ]_w
[_w p a t̪ ɾ a m ]_w
[_w k u r a ɲː ]_w
[_w e n̪ː aː ɳ u ]_w
[_w b a l aː l ]_w
[_w k a j j u m ]_w
[_w k a l a ɾ u m oː ]_w
[_w e n̪ː u ]_w
[_w i ʋ a ɾ ]_w
[_w a ʈ u t̪ː a t̪ ]_w
[_w m u n̪ p i l ]_w
[_w p l oː k ]_w
[_w i ʈː u ]_w
[_w a n̪ uː p ]_w
[_w a n̪ː u m ]_w
[_w ʋ a ɾ u m ]_w
[_w p aː d̪ʱ j a t̪ a ]_w
[_w e ɭ u pː a m ]_w
[_w ɟ a j i m s ]_w
[_w k a ɾ a ɭ ]_w
[_w m uː l a j i l ]_w
[_w pʰ aː k a t̪ː ]_w
[_w e l i ]_w
[_w m iː ʃ a ]_w
[_w e n̪ d̪ u m ]_w
[_w e n̪ i kː u ]_w
[_w n̪ oː kː u ]_w
[_w a r i ʋ ]_w
[_w bʱ aː k a m ]_w
[_w k a t̪ː ]_w
[_w ɖ i ŋ k a n̪ ]_w
[_w e ʈː a ʋ u m ]_w
[_w e n̪ t̪ aː ɳ ]_w
[_w pʰ aː ɾ j a ]_w
[_w k a ɲː i ]_w
[_w s p iː ɖ i ]_w
[_w k i l oː ]_w
[_w o n̪ː u m ]_w
[_w k a pː ]_w
[_w e lː aː ɾ u m ]_w
[_w n̪ aː ʂ a ɳ a l ]_w
[_w aː k aː m ]_w
[_w aː n̪ r a ɳ i ]_w
[_w s a m uː h a m ]_w
[_w m aː r i ]_w
[_w bʱ eː s b u kː ]_w
[_w i n̪ i j u m ]_w
[_w s ai n̪ j a m ]_w
[_w a ŋː oː ʈː ]_w
[_w ʃ aː s t̪ ɾ a m ]_w
[_w o ɾ u b aː ʈ ]_w
[_w ʋ iː ɳ u ]_w
[_w n̪ a l k i ]_w
[_w t̪ a ʋ a ]_w
[_w e n̪ː u ɭː a ]_w
[_w m i k a tʃː a ]_w
[_w b e ɳː i n̪ e ]_w
[_w a ʋ i ʈ u n̪ː a ]_w
[_w k aː r i l ]_w
[_w m a n̪ oː ɟ ]_w
[_w m aː ɾ ]_w
[_w m aː r aː n̪ ]_w
[_w k u ʈ i ]_w
[_w e t̪ ɾ a j u m ]_w
[_w m u s l iː m ]_w
[_w k aː ɾ ɖ ]_w
[_w s oː r i ]_w
[_w ʋ e ɭ i j i l ]_w
[_w k a ʈ u ʋ a ]_w
[_w ʋ i ɭ i tʃː a ]_w
[_w tʃ e j t̪ ]_w
[_w a j aː ɭ kː u ]_w
[_w m i tʃː a ]_w
[_w ɖ a b i ɭ ]_w
[_w k aː ɳ a ɳ a m ]_w
[_w ʃ a m p a ɾ ]_w
[_w s a ɾ ]_w
[_w b u r a k eː ]_w
[_w i t̪ i n̪ e ]_w
[_w m eː ɟ a ɾ ]_w
[_w p aː pː a ]_w
[_w k u r a j u k a ]_w
[_w p a t̪ː ]_w
[_w n̪ eː ɾ a t̪ː e ]_w
[_w e n̪ː oː ʈ u ]_w
[_w k ɾ a m eː ɳ a ]_w
[_w m i n̪ː i ]_w
[_w p a ɾ a n̪ː a ]_w
[_w p ɾ a bʱ oː ]_w
[_w s ʈː oː kː ]_w
[_w pʰ oː ɳ i l ]_w
[_w h a n̪ u m ]_w
[_w k a ɳ a m ]_w
[_w p iː ɾ aː n̪ ]_w
[_w b a r a ɲː a t̪ ]_w
[_w s a t̪ j a m eː ]_w
[_w m u n̪ p u ]_w
[_w k a ɭ pʰ ]_w
[_w h a l oː ]_w
[_w a t̪ u k o ɳ ʈ ]_w
[_w p a r a ɲː oː ]_w
[_w m aː s a t̪ː e ]_w
[_w a d̪ u t̪ a ]_w
[_w p i r a k eː ]_w
[_w k o ʈ u t̪ː ]_w
[_w n̪ a l k u n̪ː u ]_w
[_w ʋ e tʃː aː l ]_w
[_w ɟ a n̪ i tʃː a t̪ ]_w
[_w n̪ a lː a t̪ ]_w
[_w t̪ a n̪ r e ]_w
[_w b oː ʋ aː n̪ ]_w
[_w oː ɖ i tʃː u ]_w
[_w e n̪ː e j u m ]_w
[_w aː k aː ʃ a m ]_w
[_w aː ɳ e n̪ː u ]_w
[_w e n̪ t̪ u k o ɳ ʈ ]_w
[_w p a j j a ]_w
[_w a n̪ t̪ j a j u m ]_w
[_w n̪ i l a t̪ː u ]_w
[_w r a b b a ɾ ]_w
[_w ʋ i ʈː a ]_w
[_w aː ɳ e n̪ː u m ]_w
[_w s t̪ʰ aː n̪ a m ]_w
[_w ɲ aː n̪ ]_w
[_w o ɾ o ʈː a ]_w
[_w t̪ a n̪ː e ]_w
[_w a d̪ i l e ]_w
[_w s p e ʂ j a l ]_w
[_w k a ɭː a m ]_w
[_w ʋ iː ɻ u m ]_w
[_w n̪ aː ʈ ]_w
[_w ʋ e ɭː a ʋ u m ]_w
[_w p eː n̪ a ]_w
[_w ʋ a l j a m ]_w
[_w k a ʈ a n̪ː u ]_w
[_w ʋ eː r o ɾ u ]_w
[_w aː k oː ɭ a ]_w
[_w p aː ʋ a m ]_w
[_w ɾ aː ɟ iː ʋ ]_w
[_w k oː ɭ ]_w
[_w m e j i n̪ ]_w
[_w s p uː ɳ ]_w
[_w k a t̪ʰ a j i l ]_w
[_w a t̪ i n̪ ]_w
[_w p aː t̪ a ]_w
[_w p u r a m ]_w
[_w k a n̪ː a ʈ a ]_w
[_w aː j i ɾ a m ]_w
[_w o ɾ u p aː ʈ u ]_w
[_w ɲ aː n̪ u m ]_w
[_w tʃ eː tʃː iː ]_w
[_w n̪ a mː a ɭ kː ]_w
[_w m aː ɾ kː ]_w
[_w o ɾ u b oː l e ]_w
[_w n̪ a ʈ a n̪ː u ]_w
[_w ʋ a ɾ i l ]_w
[_w b a ʋ a ɾ kː u ]_w
[_w p u k s ]_w
[_w k a ɭ i k a ɭ ]_w
[_w t̪ a ɾ a n̪ ]_w
[_w ʋ aː h a n̪ a m ]_w
[_w p u ɾ u ʂ a ]_w
[_w p a l uː ɳ ]_w
[_w tʃ aː m i ]_w
[_w aː ɡ aː m ]_w
[_w e ʈː aː m ]_w
[_w e t̪ i ɾ e ]_w
[_w o ɾ eː ]_w
[_w n̪ a n̪ u t̪ː a ]_w
[_w aː ɭ u k a ɭ e ]_w
[_w pʰ aː s ʈː ]_w
[_w a ʋ a n̪ u ]_w
[_w p a ʈʰ i tʃː a ]_w
[_w aː t̪ j a m ]_w
[_w tʃ a ɾ i t̪ ɾ a m ]_w
[_w o ɾ aː ɭ e ]_w
[_w p l oː ɡ u ]_w
[_w k a ɻ i ɲː ]_w
[_w ʈ aː n̪ s ]_w
[_w k a ʋ i ]_w
[_w p a r a ɲː a t̪ ]_w
[_w tʃ eː tʃː i j e ]_w
[_w i ʈ u ŋː i j a ]_w
[_w k a j a r i ]_w
[_w k o tʃː ]_w
[_w k aː ɳ u m ]_w
[_w s a h i t̪ a m ]_w
[_w ɖ ɾ e j i n̪ i l ]_w
[_w d̪ aː ɻ t̪ː i ]_w
[_w p eː ɾ aː ɳ ]_w
[_w ʋ a l i pː a m ]_w
[_w ʋ a ɾ ʂ a ]_w
[_w k a j j i l ]_w
[_w a ɭ a ʋ ]_w
[_w k u r i tʃː ]_w
[_w k a ɭ a ɲː u ]_w
[_w s t̪ʰ i ɾ a m ]_w
[_w m aː ʈː aː n̪ ]_w
[_w j aː t̪ o ɾ u ]_w
[_w aː ʋ aː m ]_w
[_w i ɾ i kː u m ]_w
[_w t̪ i j a ]_w
[_w t̪ oː r u m ]_w
[_w l u m ]_w
[_w o ʈː eː r e ]_w
[_w k a ɳ ʈ a n̪ ]_w
[_w s ʋ a j a n̪ ]_w
[_w k aː kː a ]_w
[_w tʃ a ʋ i ʈː i ]_w
[_w ʋ a ɾ a ɳ a m ]_w
[_w p u t̪ i j a d̪ ]_w
[_w oː ɾ kː u k a ]_w
[_w p a k u t̪ i ]_w
[_w ʃ a ɾ iː ɾ a m ]_w
[_w m a r i tʃː u ]_w
[_w p oː l u ɭː a ]_w
[_w e n̪ː u m ]_w
[_w i ʈ a t̪ ]_w
[_w t̪ oː ʃ a ]_w
[_w ɾ uː p a ]_w
[_w p a lː ]_w
[_w a k a l a ]_w
[_w a ɲ tʃ aː m ]_w
[_w p a t̪ i tʃː u ]_w
[_w p ɾ a ɳ a ]_w
[_w bʱ oː kː a s ]_w
[_w p ɾ a ʃ n̪ a m ]_w
[_w n̪ oː ʈː ]_w
[_w n̪ i n̪ː a ]_w
[_w s i s ʈː a m ]_w
[_w m a n̪ t̪ ɾ a m ]_w
[_w m a k a ɭ u ʈ e ]_w
[_w a n̪ i l ]_w
[_w i p ɾ aː h i m ]_w
[_w tʃ oː d̪ i tʃː u ]_w
[_w ʋ a ɭ a ɾ n̪ː a ]_w
[_w ɖ ɾ ai ʋ a ɾ ]_w
[_w a ʋ a ]_w
[_w t̪ a ɾ uː ]_w
[_w t̪ i k a tʃː a ]_w
[_w ʋ eː n̪ a l ]_w
[_w k a n̪ a t̪ː a ]_w
[_w n̪ a b i ]_w
[_w ʋ a ɭ a ɾ t̪ː i ]_w
[_w k a ɾ a m ]_w
[_w ʃ ɾ a m i tʃː u ]_w
[_w t̪ a l a m ]_w
[_w p a ɻ a j a ]_w
[_w p u r a m e ]_w
[_w p a l aː l ]_w
[_w p oː j aː l ]_w
[_w iː s ʈː ]_w
[_w i t̪ː i ɾ i ]_w
[_w m a t̪ s a ɾ a m ]_w
[_w m u ʈː a t̪ː e ]_w
[_w k eː ʈː ]_w
[_w p u t̪ i j a t̪ i ]_w
[_w a t̪ a lː a ]_w
[_w a pː i ]_w
[_w k o ɭː aː m ]_w
[_w a t̪ i l eː ]_w
[_w m uː n̪ː u m ]_w
[_w ʋ e tʃː a ]_w
[_w i t̪ u p oː l e ]_w
[_w a ɲ tʃ oː ]_w
[_w t̪ eː ʃ a m ]_w
[_w n̪ a lː a ]_w
[_w m oː ɭ e ]_w
[_w ɡ iː ɻ i l ]_w
[_w d̪ a ɾ ʃ a n̪ a m ]_w
[_w k aː n̪ a m ]_w
[_w a d̪ oː ɳ ʈ ]_w
[_w t̪ eː ʂ j a m ]_w
[_w l oː k a t̪ː ]_w
[_w p aː ɾ kː ]_w
[_w ʋ aː j i tʃː u ]_w
[_w n̪ a p i j u ʈ e ]_w
[_w p a ʈʰ a n̪ a ]_w
[_w k uː ʈː a m ]_w
[_w m u r i tʃː ]_w
[_w a r i j u n̪ː a ]_w
[_w e ɻ u t̪ i ]_w
[_w eː ʈː a n̪ ]_w
[_w i t̪ i n̪ u ]_w
[_w oː ɾ oː ɾ oː ]_w
[_w k ʂ iː ɳ a m ]_w
[_w k a ɻ i tʃː a ]_w
[_w e n̪ː oː ɖ ]_w
[_w ʋ i ɟ a j ]_w
[_w k a ʈ u ʋ i l ]_w
[_w ʋ a n̪ː aː l ]_w
[_w i ɾ u ]_w
[_w ɲ a ŋː a ɭ kː ]_w
[_w p oː l u m ]_w
[_w e n̪ː o n̪ː u m ]_w
[_w b oː ɡ u m ]_w
[_w m a ɳː i l ]_w
[_w t̪ a ɾ aː n̪ ]_w
[_w i ɾ u n̪ː a t̪ a ]_w
[_w a lː e ]_w
[_w i ʋ a n̪ ]_w
[_w m uː pː a ɾ ]_w
[_w t̪ u ɭː i ]_w
[_w d̪ a ɾ a ]_w
[_w s aː ɟ a n̪ ]_w
[_w tʃ i t̪ ɾ a ]_w
[_w s u b ɾ iː m ]_w
[_w p uː l oː k a ]_w
[_w e n̪ː i ʈː u ]_w
[_w e n̪ r e ]_w
[_w k a ɳː u m ]_w
[_w n̪ i r a m aː ɳ ]_w
[_w ɟ a n̪ a r a l ]_w
[_w k a ɳː u k a ɭ e ]_w
[_w aː j a t̪ ]_w
[_w m oː ʂ a ɳ a m ]_w
[_w k uː ʈ e ]_w
[_w pʰ aː ʋ i j i l ]_w
[_w d̪ iː ʈː a ]_w
[_w m u ʈː a ]_w
[_w p a ɳ ʈ eː ]_w
[_w k u ʈ u m b a m ]_w
[_w ʋ i ʈː u ]_w
[_w n̪ː aː l u m ]_w
[_w i ŋː a n̪ e ]_w
[_w m eː kʰ a l a ]_w
[_w p e ʈː i ]_w
[_w k ɾ ai m ]_w
[_w s ʈː eː ʂ a n̪ ]_w
[_w a ɾ t̪ʰː a m ]_w
[_w n̪ i ɾ a t̪ː i ]_w
[_w k a ɳ ʈ aː ]_w
[_w a n̪ a s s ]_w
[_w n̪ a ʈ a t̪ː a m ]_w
[_w ʋ a ɾ e ]_w
[_w i n̪ t̪ j a m ]_w
[_w e n̪ː a t̪ aː ɳ u ]_w
[_w r a ʂ j a n̪ ]_w
[_w i t̪ ɾ a m ]_w
[_w k ɾ aː m a n̪ ]_w
[_w a r i ɲː u ]_w
[_w k u r a j u m ]_w
[_w a t̪ u ]_w
[_w e n̪ i j kː ]_w
[_w ʋ i ʈ aː n̪ ]_w
[_w tʃ e j t̪ a ]_w
[_w p a ɻ a m ]_w
[_w m oː ʃ a m ]_w
[_w a l a r i ]_w
[_w bʱ a ɾ t̪ː aː l ]_w
[_w m a ɾ a ɳ a m ]_w
[_w k aː l u m ]_w
[_w a d̪ i n̪ ]_w
[_w s aː m j a m ]_w
[_w k a n̪ d̪ʱ a m ]_w
[_w m aː d̪ ɾ a ]_w
[_w m aː r i j a ]_w
[_w k ʂ eː t̪ ɾ a m ]_w
[_w e ʈ u kː u k a ]_w
[_w i t̪ː a ɾ a m ]_w
[_w ɲ a ŋː a ɭ e ]_w
[_w s u ɾ a k ʂ aː ]_w
[_w o b aː m a ]_w
[_w u r a ŋː i j a ]_w
[_w o n̪ː i tʃː u ]_w
[_w m a k a ɭ e ]_w
[_w e lː aː m ]_w
[_w a ʋ a s t̪ʰ a ]_w
[_w n̪ i n̪ r e ]_w
[_w n̪ oː kː u k a ]_w
[_w i n̪ d̪ j a j e ]_w
[_w e n̪ː aː ɳ oː ]_w
[_w k aː n̪ d̪ʱ i ]_w
[_w aː ɳ a ʋ a ]_w
[_w a ʋ a ɾ ]_w
[_w ɾ aː ɟ j a m ]_w
[_w t̪ a ɭ a ɾ n̪ː u ]_w
[_w k a t̪ː i tʃː u ]_w
[_w ʃ a ŋ k a ʈ a m ]_w
[_w r aː ɳ i ]_w
[_w o ɾ eː j o ɾ u ]_w
[_w m u h a mː a t̪ ]_w
[_w m aː ʂ e ]_w
[_w p e ɳː u ]_w
[_w ʋ i ʂ a j a m ]_w
[_w aː ʋ oː ]_w
[_w n̪ aː ɭ ]_w
[_w n̪ i l a ]_w
[_w i ɾ u n̪ː a ]_w
[_w i r a ŋː i j a ]_w
[_w n̪ i n̪ː u ɭː a ]_w
[_w ʋ iː ɖ ]_w
[_w m a t̪ i ]_w
[_w t̪ oː n̪ː u m ]_w
[_w ʋ a n̪ a ]_w
[_w p a d̪ i ʋ ]_w
[_w k e ʈː a ]_w
[_w ʋ u m ]_w
[_w ʋ e ɭ u t̪ː u ]_w
[_w k a ɭ i l ]_w
[_w ɟ oː ɳ ]_w
[_w k l i kː ]_w
[_w ɟ ai ʋ a ]_w
[_w p u ɲ tʃ i ɾ i ]_w
[_w ʋ i d̪ʱ a t̪ː i l ]_w
[_w l a k ʂ m i ]_w
[_w k aː ɻ tʃː a ]_w
[_w k ai pː a ɭː i ]_w
[_w p a t̪ i n̪ e ]_w
[_w k a ɻ i ɲː a t̪ ]_w
[_w t̪ u ɡ a ]_w
[_w i n̪ː i n̪ r e ]_w
[_w k ɾ i kː a l ]_w
[_w m u s l i m ]_w
[_w m aː ʂ ]_w
[_w i m e j i n̪ i l ]_w
[_w ɟ oː l i ]_w
[_w a b d̪ u l ]_w
[_w bʱ aː j ]_w
[_w n̪ i j a m a ]_w
[_w n̪ a l k i j a t̪ ]_w
[_w m u r u kː i ]_w
[_w n̪ iː ɳ ʈ u ]_w
[_w k uː ʈː i ]_w
[_w s a n̪ t̪ oː ʂ ]_w
[_w tʃ uː ʈ u ɭː a ]_w
[_w tʃ e j j u n̪ː u ]_w
[_w ʋ ai k aː t̪ e ]_w
[_w ʋ i d̪ʱ i ]_w
[_w e n̪ d̪ oː ]_w
[_w u r a kː e ]_w
[_w k a ɾ a j aː n̪ ]_w
[_w tʃ a ɾ i t̪ ɾ a ]_w
[_w d̪ʱ a ɾ i tʃː u ]_w
[_w ai ɖ i j a ]_w
[_w n̪ iː j o ɾ u ]_w
[_w k iː ɻ e ]_w
[_w ɾ a m ɡ a ŋː a ɭ ]_w
[_w ʋ a k a ]_w
[_w n̪ eː ʈ aː n̪ ]_w
[_w ɾ a ɳ ʈ a t̪ ]_w
[_w k a r a ŋː i ]_w
[_w p a ʈː u m oː ]_w
[_w p a ɾ a kː e ]_w
[_w n̪ a n̪ a ɲː a ]_w
[_w ʈ ɾ aː bʱ i k ]_w
[_w t̪ u ɳ i ]_w
[_w l aː l ]_w
[_w u ɳ ʈ aː j i ]_w
[_w n̪ i l a ʋ i l ]_w
[_w k a ɳ ʈ u ]_w
[_w bʱ oː ɾ ]_w
[_w p a ʈː i j a ]_w
[_w r i j a ]_w
[_w e n̪ i kː u m ]_w
[_w t̪ o l i ]_w
[_w n̪ iː ɭ a m ]_w
[_w p aː l u ]_w
[_w ɾ aː ɟ ]_w
[_w e n̪ː oː ɾ t̪ː ]_w
[_w k i ɻ a kː ]_w
[_w m uː n̪ː aː ɾ ]_w
[_w u ɳ a ɾ n̪ː u ]_w
[_w p oː b a n̪ u m ]_w
[_w b aː d̪ʱ i tʃː a ]_w
[_w b e ʈː u ]_w
[_w ʋ eː ɳ u ]_w
[_w k uː ʈ aː t̪ e ]_w
[_w aː n̪ r ]_w
[_w a r a b i ]_w
[_w p a s s ]_w
[_w k j aː s ]_w
[_w e ɳ ʈː e ]_w
[_w m a ɳː i n̪ r e ]_w
[_w u t̪ː a ɾ a m ]_w
[_w tʃ u ʋ a n̪ː a t̪ ]_w
[_w ʋ aː j i tʃː ]_w
[_w p a ɾ a n̪ː u ]_w
[_w p u kː ]_w
[_w i t̪ u ]_w
[_w s i s ʈː a ɾ ]_w
[_w t̪ e ʈː oː ]_w
[_w s u ɟ i t̪ ]_w
[_w b a t̪ː ]_w
[_w a ɾ a ]_w
[_w a j aː ɭ ]_w
[_w n̪ i k u t̪ i ]_w
[_w ʋ a l a t̪ u ]_w
[_w tʃ a ɾ tʃː a ]_w
[_w ʃ a ʃ i ]_w
[_w t̪ aː ɭ a m ]_w
[_w k a ɳ ʈ u m ]_w
[_w oː pʰ iː s ]_w
[_w i ʈ i tʃː u ]_w
[_w s aː d̪ʱ a n̪ a m ]_w
[_w aː n̪ r i ]_w
[_w m a ɾ i tʃː ]_w
[_w e ɳː a m ]_w
[_w p o ʈ i ]_w
[_w k o ʈ u t̪ː a t̪ ]_w
[_w p oː ʋ u n̪ː u ]_w
[_w k aː pː i ]_w
[_w ʋ i tʃ aː ɾ a m ]_w
[_w ɡ a ɳ ʈ aː j i ]_w
[_w o ʈː u m ]_w
[_w pʰ aː ʂ a ]_w
[_w ʋ a ɾ ɡ iː j a ]_w
[_w bʱ aː ʋ a m ]_w
[_w e n̪ t̪ eː ]_w
[_w bʱ u ɭ ]_w
[_w ʋ ai k i ʈː ]_w
[_w tʃ iː pʰ ]_w
[_w t̪ a mː i l ]_w
[_w t̪ u h kʰ a m ]_w
[_w ʈ ɾ ai ʋ a ɾ ]_w
[_w e ɻ u t̪ aː m ]_w
[_w mː a ʈ e ]_w
[_w n̪ a ʈ a n̪ː a t̪ ]_w
[_w k a t̪ʰ a j aː ɳ ]_w
[_w m a ɳ i ]_w
[_w ʋ a s t̪ u t̪ a ]_w
[_w n̪ oː ʋ a l ]_w
[_w m o b ai l i l ]_w
[_w s a d̪ d̪ aː m ]_w
[_w t̪ iː j a t̪ i ]_w
[_w ɟ i lː a j i l ]_w
[_w s t̪ʰ a l a t̪ː e ]_w
[_w p u ɭ i ]_w
[_w bʱ aː ʋ i ]_w
[_w a t̪ː aː ɻ a m ]_w
[_w k i ɻ a kː eː ]_w
[_w k u r a ʋ ]_w
[_w ʋ i ɾ i ɲː a ]_w
[_w tʃ u ʋ a pː u ]_w
[_w ʈ a j a r i ]_w
[_w tʃ e ʋ i j i l ]_w
[_w ʋ aː ɾ i ]_w
[_w b a ŋ k u ]_w
[_w ɾ eː kʰ a k a ɭ ]_w
[_w pʰ eː s ]_w
[_w tʃ e l a ʋ ]_w
[_w e n̪ t̪ i n̪ ]_w
[_w ʋ i t̪ j a ]_w
[_w b a k ʂ eː ]_w
[_w aː ɾ u ʈ e ]_w
[_w p ai s a ]_w
[_w a ʋ a ɭ i l ]_w
[_w p e n̪ː i ]_w
[_w oː ɳ a m ]_w
[_w t̪ iː ɾ uː ]_w
[_w p oː ɾ aː ]_w
[_w ʃ ɾ iː m a t̪ i ]_w
[_w m a r i tʃː ]_w
[_w ʋ e tʃː ]_w
[_w a t̪ i ]_w
[_w ʋ a n̪ a m ]_w
[_w eː ʈː u ]_w
[_w tʃ aː ɾ i ]_w
[_w ʋ a ɻ i j i l ]_w
[_w ʋ i ʂ a m ]_w
[_w k o ʈ u kː a m ]_w
[_w n̪ eː ɾ i ʈː u ]_w
[_w n̪ a ʂ ʈ a m ]_w
[_w s p e k ʈ ɾ a m ]_w
[_w p aː d̪ i ]_w
[_w e ɻ u t̪ː ]_w
[_w n̪ aː j i ]_w
[_w j u ʈ e ]_w
[_w ʋ i ɟ a j a n̪ ]_w
[_w pʰ a k ʂ a n̪ ]_w
[_w n̪ i ŋː a ɭ e ]_w
[_w a t̪ a lː eː ]_w
[_w aː r u m ]_w
[_w ʋ a n̪ː a t̪ u ]_w
[_w ʋ a n̪ː u ]_w
[_w m u r i tʃː u ]_w
[_w m a ɲː a ]_w
[_w ʋ e ɖ i ]_w
[_w s t̪ʰ a l a ʋ u m ]_w
[_w p a ʈʰ i tʃː u ]_w
[_w ʋ a ɾ a ɳ a ]_w
[_w n̪ a l k aː t̪ e ]_w
[_w i ʈ a kː ]_w
[_w ʋ i n̪ u ]_w
[_w m a d̪ʱ u ɾ a ]_w
[_w t̪ o ʈː ]_w
[_w i ʂ ʈ a m ]_w
[_w e ɻ u t̪ aː n̪ ]_w
[_w p eː ɾ kː ]_w
[_w bʱ oː ɳ i l ]_w
[_w oː ʈ oː ]_w
[_w s a bʱ a j u ʈ e ]_w
[_w a d̪ oː ʈ e ]_w
[_w tʃ a n̪ t̪ ɾ i ]_w
[_w ɟ aː t̪ i ]_w
[_w p a k ʂ i ɳ a ]_w
[_w d̪ʱ ai ɾ j a m ]_w
[_w k i ʈ a n̪ː a ]_w
[_w n̪ i m i ʂ a m ]_w
[_w i ʂ ʈ a m aː ɳ ]_w
[_w n̪ a ʈ a n̪ː a ]_w
[_w k o ɳ ʈ aː ɳ ]_w
[_w k a j a ʈː a m ]_w
[_w b eː ɟ i l ]_w
[_w n̪ e ɲ tʃ i l ]_w
[_w ʋ eː ɳ ʈ a ]_w
[_w a ɾ i ]_w
[_w k a ɳ ʈ i ]_w
[_w e ŋː i n̪ e ]_w
[_w s p iː ʈ i l ]_w
[_w ɾ a ɳ ʈ u ]_w
[_w k aː l a t̪ː e ]_w
[_w a ʈ u t̪ː ]_w
[_w e n̪ t̪ u m ]_w
[_w u ɳ ʈ e n̪ː u ]_w
[_w k u r i pː ]_w
[_w t̪ e r i ]_w
[_w p u r a m eː ]_w
[_w t̪ u ʈ a ɾ u m ]_w
[_w t̪ e ʈː u k a ɭ ]_w
[_w p ɾ a t̪ i ʂ ʈʰ a ]_w
[_w s a ɾ ʋ ʋ a ]_w
[_w ɡ a ʈː ]_w
[_w e n̪ː o kː e ]_w
[_w r oː ɭ ]_w
[_w p aː pː aː n̪ ]_w
[_w n̪ aː ɭ aː j i ]_w
[_w l ai pʰ ]_w
[_w p a k ʂ i ]_w
[_w ʋ iː ʈː i l ]_w
[_w ʋ aː j a ]_w
[_w t̪ a m i ɻ ]_w
[_w k o tʃː i j i l ]_w
[_w m a ɳ i kː a ɾ ]_w
[_w n̪ eː ɾ eː ]_w
[_w e j a ɾ ]_w
[_w k a j a r aː n̪ ]_w
[_w a ʋ i ʈ a t̪ː e ]_w
[_w k u ɭ i ]_w
[_w l ai ʈː ]_w
[_w a r i ʋ i n̪ r e ]_w
[_w i t̪ i n̪ ]_w
[_w t̪ a k a ]_w
[_w h a h a ]_w
[_w k uː ʈː a n̪ ]_w
[_w m a ɳː e ɳː a ]_w
[_w n̪ a l k u m ]_w
[_w a ʈ i ]_w
[_w k oː ɭ eː ɟ ]_w
[_w ʋ a n̪ː a t̪ ]_w
[_w l a bʱ i kː u m ]_w
[_w k eː ɾ a ɭ aː ]_w
[_w m u kʰ a m ]_w
[_w t̪ aː n̪ u m ]_w
[_w p a n̪ d̪ʱ a m ]_w
[_w n̪ eː ɾ i l ]_w
[_w ʋ aː h a ]_w
[_w i t̪ o n̪ː u m ]_w
[_w tʃ i t̪ ɾ a m ]_w
[_w m a t̪ a m ]_w
[_w u j a ɾ a ʋ ]_w
[_w t̪ u ʈ a ɾ n̪ː ]_w
[_w t̪ a l a ]_w
[_w ʋ iː ɖ i j a ]_w
[_w i ʋ a ɾ u m oː ]_w
[_w t̪ u ʈ a ŋː i ]_w
[_w t̪ː i n̪ r e ]_w
[_w bʱ a m ɡ i ]_w
[_w p eː ɾ i l ]_w
[_w k eː ʋ a l a m ]_w
[_w ʋ e b ]_w
[_w ʋ a lː aː t̪ e ]_w
[_w pʰ iː m a n̪ ]_w
[_w ʋ a ɭ a ɾ eː ]_w
[_w a d̪ʱ i k a m ]_w
[_w tʃ e ʋ i ]_w
[_w a lː eː ]_w
[_w ʋ a ʈ a kː eː ]_w
[_w t̪ i n̪ː ]_w
[_w k uː ʈː ]_w
[_w d̪ a ɾ aː m ]_w
[_w o ɾ u p oː l e ]_w
[_w t̪ aː n̪ ]_w
[_w n̪ oː kː i j a ]_w
[_w n̪ a m p a n̪ i ]_w
[_w ɲ a ŋː a ɭ ]_w
[_w a t̪ i n̪ aː j i ]_w
[_w ɲ aː n̪ a m ]_w
[_w eː ʈː a ʋ u m ]_w
[_w i n̪ t̪ j a ]_w
[_w t̪ aː ɻ eː kː ]_w
[_w k uː ʈ ]_w
[_w a d̪ j a m ]_w
[_w a d̪ aː ]_w
[_w k ai j i l ]_w
[_w m aː ʈː a m ]_w
[_w n̪ aː ʈ u m ]_w
[_w m u m b eː ]_w
[_w l oː ɡ a ɾ ]_w
[_w tʃ i n̪ d̪ i tʃː u ]_w
[_w bʱ aː ʂ a ]_w
[_w s a m ʃ a j a m ]_w
[_w t̪ e ɾ u ʋ i l ]_w
[_w i ʈ a j i l ]_w
[_w m uː n̪ː ]_w
[_w k i ɾ a ɳ ]_w
[_w ɡ u ɖ i tʃː u ]_w
[_w a pː oː ɻ u m ]_w
[_w a ʋ a n̪ r e ]_w
[_w m e lː e ]_w
[_w b l oː ɡ ]_w
[_w ʈ i l iː ʈː ]_w
[_w m a ɾ u n̪ː u ]_w
[_w oː ʈ i tʃː u ]_w
[_w m u kʰ a t̪ː ]_w
[_w k u ʈː a m ]_w
[_w a ɾ a ʋ u m ]_w
[_w p i n̪ː aː l ]_w
[_w a mː aː j i ]_w
[_w s p aː n̪ i ʂ ]_w
[_w ʋ i ɟ a j a m ]_w
[_w n̪ a lː o ɾ u ]_w
[_w t̪ aː n̪ a m ]_w
[_w s t̪ ɾ iː ɡ a ɭ ]_w
[_w ʋ a ɾ i j aː ɳ ]_w
[_w n̪ oː b a l ]_w
[_w u p u ɳ ʈ u ]_w
[_w m e j i n̪ i l ]_w
[_w k oː ɖ a t̪ i ]_w
[_w p oː ʋ aː m ]_w
[_w a mː eː ]_w
[_w k l aː s s ]_w
[_w k a p a ʈ i ]_w
[_w tʃ eː ɾ t̪ː ]_w
[_w s p iː ʈ ]_w
[_w p a t̪ i ʋ ]_w
[_w ʋ a ʈ a kː a m ]_w
[_w aː ɭ kː aː ɾ ]_w
[_w k ɾ a n̪ ]_w
[_w p oː ʈː eː ]_w
[_w k a d̪ʱ a k a ɭ e ]_w
[_w ʋ aː ɾ i k a ]_w
[_w i d̪ aː ɳ ]_w
[_w e n̪ d̪ eː l u m ]_w
[_w ɾ a ɳ ʈ ]_w
[_w t̪ i ɭ a kː a m ]_w
[_w o t̪ː u ]_w
[_w m u ɳ ʈ ]_w
[_w aː ɳ u ]_w
[_w k a ɳː uː ɾ ]_w
[_w k aː ɳ aː n̪ ]_w
[_w n̪ a ɾ mː a m ]_w
[_w eː ɾ i j a ]_w
[_w p o ʈː i j a ]_w
[_w b a ʈː i j e ]_w
[_w k i ʈ a n̪ː u ]_w
[_w n̪ aː ʂ a ɳ a m ]_w
[_w p uː m a l a ]_w
[_w s aː h i t̪ j a ]_w
[_w p a t̪ː oː ]_w
[_w k u r a ɲː a t̪ ]_w
[_w k a ʋ i j u ʈ e ]_w
[_w s u ɾ a k ʂ a n̪ ]_w
[_w e ʈ u t̪ː ]_w
[_w u r a ŋː aː n̪ ]_w
[_w p aː ɭ i ]_w
[_w n̪ aː l u m ]_w
[_w i pː a ]_w
[_w k a ɳː u ]_w
[_w k i ʈː u n̪ː a ]_w
[_w p a s i l ]_w
[_w p ɾ a ʃ a s t̪ a ]_w
[_w n̪ aː l a ɲ tʃ u ]_w
[_w k aː l a m ]_w
[_w u mː a ]_w
[_w tʃ uː ʂ a ɳ a ]_w
[_w tʃ i n̪ t̪ a j i l ]_w
[_w p aː tʃ a k a m ]_w
[_w t̪ː i l ]_w
[_w m a kː a ɭ ]_w
[_w a t̪ eː p a ʈ i ]_w
[_w k u pː i ]_w
[_w b aː t̪ ɾ a m e ]_w
[_w k a ɭ a ɾ n̪ː u ]_w
[_w tʃ i n̪ d̪ i ]_w
[_w p a pː a ʈ a m ]_w
[_w k u ʈː i ]_w
[_w k oː ɖ i k a ɭ ]_w
[_w t̪ a ɭ a ɾ ]_w
[_w b a ɳ ʈ u ]_w
[_w aː t̪ i d̪ j a ]_w
[_w ɲ a ŋː a ɭ u m ]_w
[_w k a ɾ a ]_w
[_w l a k ʂ a m ]_w
[_w k eː n̪ d̪ ɾ a m ]_w
[_w p a t̪ː aː m ]_w
[_w p a t̪ u ]_w
[_w k i ʈː i lː a ]_w
[_w p o t̪ u ʋ eː ]_w
[_w m a k a n̪ e ]_w
[_w a t̪ aː j a t̪ ]_w
[_w i ɟ ɟ ]_w
[_w t̪ a ŋː i ]_w
[_w aː ɡʱ oː ʂ a m ]_w
[_w k o ɳ ʈ ]_w
[_w k aː ɳ i tʃː ]_w
[_w i t̪ u m ]_w
[_w k a ʈ i tʃː u ]_w
[_w m oː tʃ a n̪ a m ]_w
[_w ʃ a ɾ i j aː ɳ ]_w
[_w o k ʈ oː b a ɾ ]_w
[_w p aː k a m ]_w
[_w ʋ iː ɳ a ]_w
[_w s u n̪ i l ]_w
[_w s a m kʰ a ʋ u m ]_w
[_w a t̪ i l u m ]_w
[_w m iː ʈː i l ]_w
[_w ʋ e ɭː a ]_w
[_w m a ʈ a ŋː i ]_w
[_w a d̪ʱ i k aː ɾ a m ]_w
[_w oː ʈː a m ]_w
[_w k a ɳ ʈ ɾ oː ɭ ]_w
[_w p ɾ a s t̪ u t̪ a ]_w
[_w tʃ i n̪ t̪ i ]_w
[_w b eː ɾ u k a ɭ ]_w
[_w ɲ aː n̪ o ɾ u ]_w
[_w p aː l a m ]_w
[_w m aː ɾ kː u m ]_w
[_w t̪ eː ɖ i ]_w
[_w tʃ e j t̪ i lː a ]_w
[_w u ɳ ʈ a lː oː ]_w
[_w m uː n̪ː aː m ]_w
[_w t̪ iː ʈː a ]_w
[_w s aː d̪ʱ j a m a ]_w
[_w eː d̪ oː ]_w
[_w m eː l e ]_w
[_w a t̪ o ɾ u ]_w
[_w m aː ɾ tʃː ]_w
[_w s ʋ a ɾ ɳː a m ]_w
[_w k u ɭ i tʃː u ]_w
[_w m u n̪ː i l e ]_w
[_w k aː ɳ i tʃː a ]_w
[_w p aː p a m ]_w
[_w k o ʈ i ]_w
[_w a ʋ a ɭ kː ]_w
[_w e ʈː u ]_w
[_w p a r a ɲː a ]_w
[_w s au k a ɾ j a m ]_w
[_w t̪ aː ŋ k a ɭ e ]_w
[_w tʃ u ɾ u kː a m ]_w
[_w ʋ a ɾ ʂ a k a ]_w
[_w k oː ɭ a m ]_w
[_w l aː n̪ ʈ ]_w
[_w ʋ a tʃː a d̪ ]_w
[_w n̪ eː ɾ u n̪ː a ]_w
[_w aː j i ]_w
[_w t̪ a ʋ a ɳ a ]_w
[_w a t̪ aː ɳ u ]_w
[_w p ai kː ]_w
[_w n̪ eː ɾ i j a ]_w
[_w s ai b a ɾ ]_w
[_w p aː ʈ i lː a ]_w
[_w t̪ a n̪ː a d̪ ]_w
[_w m o b ai l ]_w
[_w n̪ i ɻ a l ]_w
[_w o ɾ u p aː ʈ ]_w
[_w k eː n̪ t̪ ɾ a m ]_w
[_w p a r a n̪ː u ]_w
[_w ʋ a j kː aː n̪ ]_w
[_w m a ʈː ]_w
[_w ʋ i ɭ i kː u m ]_w
[_w p aː ɾ a ]_w
[_w aː ʋ a ʃ j a m ]_w
[_w p a ɭː i ]_w
[_w ʃ ɾ iː ]_w
[_w ʋ e tʃː aː ɳ ]_w
[_w ʋ e ʈː i ]_w
[_w e t̪ː u m ]_w
[_w a t̪ i n̪ u ɭː a ]_w
[_w n̪ i ɾ t̪ː i ]_w
[_w t̪ a n̪ː aː l ]_w
[_w i n̪ i j u ɭː a ]_w
[_w i d̪ ɾ eː m ]_w
[_w tʃ e n̪ː ]_w
[_w ʋ a ɳː a m ]_w
[_w l ai s a n̪ s ]_w
[_w pʰ ɾ a m ]_w
[_w aː ɾ u m ]_w
[_w ɟ a l a m ]_w
[_w m a r a tʃː u ]_w
[_w k oː ʈː a ]_w
[_w l a ɳ ʈ a t̪ː e ]_w
[_w i pː oː ]_w
[_w n̪ a ʈ a t̪ː i ]_w
[_w e n̪ d̪ i n̪ aː ɳ ]_w
[_w r e j i l ]_w
[_w a ʋ aː ɾ ɖ ]_w
[_w e ʋ i ʈ e j u m ]_w
[_w k aː ɳ aː t̪ e ]_w
[_w ʋ a ʃ a m ]_w
[_w a ʋ a ɾ oː ʈ ]_w
[_w b a ʈː uː ]_w
[_w m e j ]_w
[_w t̪ iː ɾ n̪ː u ]_w
[_w i t̪ː i ɾ iː ]_w
[_w a tʃʰː a n̪ ]_w
[_w ʋ i kː i ]_w
[_w s u k u ɳ a n̪ ]_w
[_w eː r e ]_w
[_w k o ʈ a k a ]_w
[_w k u r e ]_w
[_w u j a ɾ a m ]_w
[_w m a ɾ i tʃː u ]_w
[_w pʰ aː ʂ aː ]_w
[_w k aː ʃ ]_w
[_w bʱ u ʈ b oː ɭ ]_w
[_w ʋ aː j u ]_w
[_w k a ɳ ʈ aː m ]_w
[_w aː ɳ e ŋ k i l ]_w
[_w t̪ i k a ɲː a ]_w
[_w i lː a lː oː ]_w
[_w e n̪ː a lː a ]_w
[_w a d̪ʱ i k a ]_w
[_w s ʈː eː ɟ i l ]_w
[_w u tʃː a kː ]_w
[_w u ɳ ʈ oː ]_w
[_w s ʋ a n̪ t̪ a m ]_w
[_w p i l ]_w
[_w t̪ oː n̪ː a l ]_w
[_w ɾ a h a m ]_w
[_w n̪ a l k aː n̪ ]_w
[_w d̪ a ɾ a ɳ ʈ aː l ]_w
[_w m a ɻ a j i l ]_w
[_w u ʈ a n̪ e ]_w
[_w n̪ aː l aː m ]_w
[_w n̪ i ɾ a ]_w
[_w k l aː s ]_w
[_w m u m b aː ɳ ]_w
[_w k aː ɾ ʂ i k a ]_w
[_w tʃ oː r ]_w
[_w m au n̪ a m ]_w
[_w a ʈ u pː a m ]_w
[_w i ŋː i n̪ e ]_w
[_w ʋ a n̪ i t̪ aː ]_w
[_w k a ʈ a l ]_w
[_w a s uː j a ]_w
[_w j oː ɡ j a t̪ a ]_w
[_w p a r a ]_w
[_w ʋ a ɾ a m ]_w
[_w n̪ i r a m ]_w
[_w e n̪ː i ʋ a ]_w
[_w s uː ɾ j a n̪ ]_w
[_w n̪ oː kː ]_w
[_w aː ʋ aː n̪ ]_w
[_w bʱ a s ʈː ]_w
[_w n̪ a ʈ a b a ʈ i ]_w
[_w ʋ a lː a t̪ ]_w
[_w i ʈː a ]_w
[_w ʋ aː ŋː i ]_w
[_w k u m aː ɾ ]_w
[_w p a l i ]_w
[_w ʃ eː ʂ i ]_w
[_w t̪ aː ɻ t̪ː i ]_w
[_w u ɭː a ʋ a ɾ ]_w
[_w e n̪ː i l e ]_w
[_w k o ɳ ʈ oː ]_w
[_w k a ɭ i j u ʈ e ]_w
[_w t̪ a n̪ t̪ ɾ a ]_w
[_w t̪ a ɾ a ɳ a m ]_w
[_w n̪ aː m a m ]_w
[_w ʋ a j a r u m ]_w
[_w e n̪ː a lː eː ]_w
[_w e n̪ː i l ]_w
[_w ʋ aː j i tʃː a ]_w
[_w m a n̪ a s s u ]_w
[_w tʃ e n̪ː a ]_w
[_w s a m ɡ iː t̪ a ]_w
[_w j u k t̪ i ]_w
[_w ɾ aː ɟ aː ʋ ]_w
[_w a pː oː ]_w
[_w t̪ i ɾ i ]_w
[_w p oː ɡ aː m ]_w
[_w a ʋ a n̪ u m ]_w
[_w m u m p u ]_w
[_w m a ɲː ]_w
[_w n̪ uː r u ]_w
[_w a t̪ e ]_w
[_w p o t̪ u ʋ e ]_w
[_w ʋ iː ʃ i ]_w
[_w k u d̪ i ]_w
[_w k ai j j i l ]_w
[_w m u ɻ a ŋː i ]_w
[_w n̪ e lː ]_w
[_w ɟ a n̪ m a k a n̪ ]_w
[_w e n̪ː a t̪ u ]_w
[_w n̪ aː l ]_w
[_w b u s t̪ a k a m ]_w
[_w i ʋ i ʈ e j oː ]_w
[_w n̪ a l k a ɳ a m ]_w
[_w k u ɭ i tʃː ]_w
[_w k aː l a t̪ː ]_w
[_w i ŋː u ]_w
[_w ʋ i ʈː aː l ]_w
[_w e t̪ː u n̪ː a ]_w
[_w m a s aː l a ]_w
[_w ɾ aː ɟ u ]_w
[_w i n̪ i j o ɾ u ]_w
[_w a t̪ i n̪ o kː e ]_w
[_w i t̪ i n̪ aː l ]_w
[_w k aː ɳ u n̪ː u ]_w
[_w b eː ɾ i l u m ]_w
[_w ɟ uː ɳ ]_w
[_w i pː a m ]_w
[_w k u t̪ː i ]_w
[_w u ɭː a ]_w
[_w aː h aː ɾ a m ]_w
[_w b i ɾ i ɲː a ]_w
[_w k uː ɡ i ɭ ]_w
[_w p o t̪ u ]_w
[_w m uː n̪ː u ]_w
[_w tʃ e r i j o ɾ u ]_w
[_w p a n̪ d̪ʱ a ʋ u m ]_w
[_w l a k ʂ a ɾ a m ]_w
[_w p oː ʋ aː n̪ ]_w
[_w s ʋ a ɾ a ɳ a m ]_w
[_w tʃ aː ɳ ʈ i ]_w
[_w j aː d̪ ɾ a m ]_w
[_w i ʋ a j e ]_w
[_w k a ɳ a kː ]_w
[_w n̪ a mː a ɭ e ]_w
[_w k i ʈː i j a ]_w
[_w k o ɳ ʈ u ]_w
[_w n̪ iː ŋː i ]_w
[_w l oː ʈː a r i ]_w
[_w a ʋ a ɾ u n̪ː ]_w
[_w a n̪ː eː ɾ a m ]_w
[_w n̪ iː j u m ]_w
[_w s iː ɾ i j a l ]_w
[_w p eː ɾ u ɭː a ]_w
[_w m a l a ]_w
[_w r oː ʈ ]_w
[_w e n̪ t̪ u ]_w
[_w e ɻ u d̪ aː m ]_w
[_w tʃ aː j a j u m ]_w
[_w i ɾ a ʈː a ]_w
[_w tʃ uː ʂ a ɳ a m ]_w
[_w ʃ a ɾ a ɳ a j a ]_w
[_w p iː ɖ i l ]_w
[_w e n̪ː e ]_w
[_w tʃ u ʈː u m ]_w
[_w k a ɻ i ɲː eː ]_w
[_w aː ɭ e ]_w
[_w b oː ɾ ɖ i l ]_w
[_w a ʋ a ɭ e ]_w
[_w t̪ e ʈː aː j a ]_w
[_w b a ʈʰ a n̪ a ]_w
[_w ʋ a n̪ː i lː a ]_w
[_w tʃ eː ɾ aː n̪ ]_w
[_w r uː m ]_w
[_w p ɾ o pʰ a ]_w
[_w p e n̪ ʂ a n̪ ]_w
[_w aː kː i ]_w
[_w p i n̪ː iː ɖ ]_w
[_w aː h aː ]_w
[_w b oː ɾ ɖ ]_w
[_w tʃ i l a ]_w
[_w j oː k j a t̪ a ]_w
[_w d̪ i ɾ uː ɾ ]_w
[_w i t̪ ɾ a ]_w
[_w aː ɡ aː ʃ a m ]_w
[_w a lː e ŋ k i l ]_w
[_w s uː pː a ɾ ]_w
[_w u r a tʃː ]_w
[_w k a ʈː i l ]_w
[_w ʋ a n̪ː eː ]_w
[_w t̪ a ʈ a ɲː u ]_w
[_w o ɻ i ɲː a ]_w
[_w ʋ iː ʈ u m ]_w
[_w n̪ iː kː i ]_w
[_w k e ʈː i j i l ]_w
[_w b a ʈʰ i tʃː ]_w
[_w m a ɾ a ŋː a ɭ ]_w
[_w i lː a ]_w
[_w a ʋ a n̪ ]_w
[_w p a t̪ a ŋː a ɭ ]_w
[_w s ʋ aː m i ]_w
[_w m a ɾ i tʃː a ]_w
[_w u ɳ ʈ aː j a ]_w
[_w ɟ a n̪ i tʃː a ]_w
[_w k iː ɻ i l ]_w
[_w ɖ ɾ e j i n̪ ]_w
[_w p a ɳ a ʋ u m ]_w
[_w k a ʈ a m ]_w
[_w ɟ a n̪ a l ]_w
[_w s ai ɖ i l ]_w
[_w oː ʈ u n̪ː a ]_w
[_w a ʋ aː ɾ ʈ ]_w
[_w aː k a s ʈː ]_w
[_w ʋ eː ɳ oː ]_w
[_w m i n̪ i ʈː ]_w
[_w tʃ i k i t̪ s a ]_w
[_w ɟ i lː aː ]_w
[_w t̪ e ŋː ]_w
[_w aː ɾ e j u m ]_w
[_w p iː ʈ i l ]_w
[_w p eː ɟ i l ]_w
[_w tʃ e n̪ː ai ]_w
[_w m u ʈ a kː i ]_w
[_w tʃ e j j aː n̪ ]_w
[_w i r a kː i ]_w
[_w k ɾ e ɖ i ʈː a ɾ ]_w
[_w l a bʱ i tʃː a ]_w
[_w p a ʈ a ŋː i ]_w
[_w k a ɳ a kː u ]_w
[_w ʋ a ɭ a ɾ ]_w
[_w u j a ɾ n̪ː a ]_w
[_w l aː n̪ ɖ ]_w
[_w p a t̪ i pː ]_w
[_w a n̪ː u ]_w
[_w aː t̪ m aː ʋ ]_w
[_w e n̪ t̪ i n̪ aː ]_w
[_w d̪ iː ɾ t̪ː a ]_w
[_w o n̪ː u ]_w
[_w m a d̪ʱ u ]_w
[_w p oː l iː s ]_w
[_w k oː b i ]_w
[_w k aː l ]_w
[_w m a n̪ a s s u m ]_w
[_w m a n̪ u ʂ j a ]_w
[_w a t̪ ɾ a m ]_w
[_w m a k a n̪ ]_w
[_w m eː j ]_w
[_w k a ɭ a ɲː ]_w
[_w b a ʈ a ]_w
[_w t̪ u r a n̪ː ]_w
[_w k u ɲː i n̪ r e ]_w
[_w t̪ a n̪ i kː ]_w
[_w p a d̪ ɾ a ]_w
[_w k eː r i ]_w
[_w a d̪ oː ]_w
[_w i l a k a ɭ e ]_w
[_w i ʈ u ɡ a ɭ ]_w
[_w p oː ɾ eː ]_w
[_w k ʂ a m a m ]_w
[_w n̪ aː ɭ u ɡ a ɭ ]_w
[_w ʋ i t̪ a ɾ a ɳ ʈ ]_w
[_w s ʋ a ɾ ɳː a ]_w
[_w ʋ i ʃ eː ʂ a m ]_w
[_w m a ɻ a ]_w
[_w t̪ e kː ]_w
[_w o ʈ u kː u k a ]_w
[_w u ɳ ʈ e n̪ː ]_w
[_w k eː ʈː a ]_w
[_w eː ɻ u ]_w
[_w i t̪ a ɾ a ɳ a ]_w
[_w p oː j i ʈː ]_w
[_w ɾ a s a m ]_w
[_w u ɭː uː ]_w
[_w ʋ i ɭ i ]_w
[_w r eː ʂ a n̪ ]_w
[_w aː t̪ j a t̪ː e ]_w
[_w p oː l a t̪ː e ]_w
[_w p oː ɾ ɖ i l ]_w
[_w k oː ɻ i ]_w
[_w t̪ o ʈː a ]_w
[_w p oː k u n̪ː u ]_w
[_w k u ʈ u m p a ]_w
[_w ʋ a ɾ a ʋ ]_w
[_w ɡ eː ʈː a ]_w
[_w pʰ aː ʂ a j u m ]_w
[_w p u r a t̪ː u ]_w
[_w ʃ a ɾ i ]_w
[_w ʋ a ɾ aː m ]_w
[_w p uː l oː k a ɾ ]_w
[_w u n̪ː a d̪ ]_w
[_w r i ʋ j uː ]_w
[_w n̪ oː kː u m ]_w
[_w a m ɡ a ŋː a ɭ kː ]_w
[_w ɡ aː ʃ ]_w
[_w p ɾ a m u kʰ a t̪ː ]_w
[_w tʃ i l a ɾ u m ]_w
[_w m u n̪ t̪ i j a ]_w
[_w n̪ i l a b aː ʈ ]_w
[_w bʱ aː ɾ j a ]_w
[_w k u ʈː a n̪ ]_w
[_w t̪ iː m ]_w
[_w e n̪ i kː ]_w
[_w n̪ e ʈː i j i l e ]_w
[_w ʋ i l a ]_w
[_w h oː m ]_w
[_w ʋ i ɭ i tʃː u ]_w
[_w n̪ i l a j kː u ]_w
[_w ʃ ɾ iː ɟ i t̪ː ]_w
[_w m aː d̪ ɾ a m ]_w
[_w s ʈː ai l ]_w
[_w m iː ɾ a ]_w
[_w m aː n̪ ]_w
[_w n̪ aː ʈ i n̪ e ]_w
[_w a j j eː ]_w
[_w i ʋ a j kː aː n̪ ]_w
[_w e n̪ː i ʈː ]_w
[_w p a t̪ i n̪ u ɭː a ]_w
[_w e n̪ː a ]_w
[_w p a ɾ a t̪ː i ]_w
[_w i t̪ aː ɳ ]_w
[_w o ɻ u k u n̪ː a ]_w
[_w a t̪ oː ɳ ʈ ]_w
[_w p eː ɾ e ]_w
[_w aː ɳ a lː oː ]_w
[_w s a m ɡ a m ]_w
[_w u j a ɾ a ʋ u m ]_w
[_w n̪ iː l a ]_w
[_w p ɾ a ɳ a m ]_w
[_w e n̪ d̪ u ]_w
[_w m aː t̪ j u ]_w
[_w s au d̪ i ]_w
[_w i ɭ a j a ]_w
[_w n̪ a l k u k a ]_w
[_w k u ʈ a ]_w
[_w n̪ a n̪ː aː j i ]_w
[_w s aː ɾ ]_w
[_w ʃ ɾ a m a ɳ a m ]_w
[_w p u t̪ː a n̪ ]_w
[_w tʃ e j t̪ u ]_w
[_w b eː ɾ u ɳ ʈ ]_w
[_w ɾ iː t̪ i k a ɭ ]_w
[_w ʋ e ɭ i tʃː a ]_w
[_w k uː l i ]_w
[_w p l oː ɡ a m ]_w
[_w aː ʋ eː ʃ a m ]_w
[_w k uː ʈ u m ]_w
[_w a k a t̪ː ]_w
[_w a t̪ e lː aː m ]_w
[_w p oː ɭ ]_w
[_w pʰ aː ɡ a m ]_w
[_w ʋ iː t̪ a m ]_w
[_w tʃ e j j a ɳ a m ]_w
[_w ɾ aː m a m ]_w
[_w n̪ a m p a t̪ u ]_w
[_w s iː ʈː ]_w
[_w aː ʋ u m ]_w
[_w tʃ eː ɾ n̪ː u ]_w
[_w m u n̪ː eː ]_w
[_w n̪ i n̪ː u ]_w
[_w k aː ɳ i tʃː u ]_w
[_w ʈ e s ʈː ]_w
[_w e ɻ u t̪ uː ]_w
[_w b i ʈ i tʃː oː ]_w
[_w ʈ ɾ aː pʰ i k ]_w
[_w o ɾ aː ɭ u ʈ e ]_w
[_w ʋ iː ɳ ʈ u ]_w
[_w k a ɻ i ʋ u m ]_w
[_w ɡ aː l a t̪ː ]_w
[_w e ʋ i ʈ e j oː ]_w
[_w a r i j a ]_w
[_w n̪ eː ʈ i ]_w
[_w i ɾ u n̪ː ]_w
[_w p a ʈː i k a ɭ ]_w
[_w a l pː a m ]_w
[_w k aː r i n̪ r e ]_w
[_w ʋ eː r eː ]_w
[_w b i ʈ i tʃː u ]_w
[_w pʰ u ʈ b oː ɭ ]_w
[_w k au t̪ u k a ]_w
[_w e n̪ː a t̪ i n̪ ]_w
[_w tʃ aː t̪ː a n̪ ]_w
[_w u ɳ ʈ ]_w
[_w t̪ i n̪ a k s ]_w
[_w k l uː ]_w
[_w aː ɳ oː ]_w
[_w d̪ u ɳ i ]_w
[_w k eː s ]_w
[_w m a n̪ a s i l ]_w
[_w p i n̪ d̪ u ]_w
[_w i pː o ]_w
[_w aː d̪ʱ aː ɾ a m ]_w
[_w b a l a m u ʈ i ]_w
[_w d̪ iː ɾ t̪ː u ]_w
[_w oː k a s ʈː ]_w
[_w ʋ a ɻ i ]_w
[_w m uː l a j i l e ]_w
[_w r eː ʈ i j a ]_w
[_w t̪ a r a j aː m ]_w
[_w oː ɾ ɖ a ɾ ]_w
[_w s a t̪ j a n̪ ]_w
[_w t̪ a j j aː ɾ ]_w
[_w a t̪ʰ a ʋ aː ]_w
[_w k l aː s i l ]_w
[_w l a k ʂ a n̪ ]_w
[_w m aː r u n̪ː a ]_w
[_w k u ɲː u ]_w
[_w i ʈ a j i l e ]_w
[_w tʃ ai n̪ a ]_w
[_w a pː uː ]_w
[_w b a l i ʃ a ]_w
[_w p u ɾ aː ɳ a m ]_w
[_w i d̪ i n̪ u ɭː a ]_w
[_w ʋ i ɭ i tʃː ]_w
[_w a pː a n̪ ]_w
[_w n̪ a ɾ a tʃː u ]_w
[_w i ʋ i ʈ a m ]_w
[_w p a ʈʰ i tʃː a t̪ ]_w
[_w ɟ oː ɾ ɟ ɟ ]_w
[_w t̪ a ʈ aː k a m ]_w
[_w e n̪ t̪ oː ]_w
[_w ʋ a ɭ a ɾ tʃː a ]_w
[_w bʱ aː ʋ i j i l ]_w
[_w i ʋ a ɾ kː ]_w
[_w a ʈ i tʃː ]_w
[_w n̪ i r a ɲː a ]_w
[_w a j aː ɭ e ]_w
[_w k u ʈː i j e ]_w
[_w k a t̪ʰ a j u m ]_w
[_w l ai ʋ ]_w
[_w m aː ɾ ɡ ɡ a m ]_w
[_w ɟ aː m j a m ]_w
[_w ʋ a ɻ i j u m oː ]_w
[_w n̪ iː ɳ ʈ a ]_w
[_w i lː eː ]_w
[_w k oː pː i ]_w
[_w a lː aː t̪ e ]_w
[_w ɾ aː ʋ i l e ]_w
[_w a ŋː u ]_w
[_w i ɾ u n̪ː u ]_w
[_w tʃ e j t̪ u m ]_w
[_w t̪ aː s ]_w
[_w k aː l u k a ɭ ]_w
[_w k i ʈː u m ]_w
[_w r oː ɖ ]_w
[_w i n̪ iː m ]_w
[_w ʃ a ɾ i kː u m ]_w
[_w a k a t̪ː u ]_w
[_w t̪ i k a ɭ ]_w
[_w k i ɻ a kː a n̪ ]_w
[_w p a ʈ i ]_w
[_w s a bʱ aː ]_w
[_w a k a l ]_w
[_w m a n̪ a ]_w
[_w p oː ʈː e ]_w
[_w i ɾ u ʋ a n̪ ]_w
[_w r a ʋ a ]_w
[_w ɟ oː ɳ s a ɳ ]_w
[_w k aː ʃ u ]_w
[_w m oː n̪ e ]_w
[_w k uː ʈ u t̪ a l ]_w
[_w p ɾ a t̪ i ]_w
[_w ɾ iː t̪ i ]_w
[_w n̪ a l k a ɳ a kː ]_w
[_w i r a ŋː i ]_w
[_w k o ʈ u m ]_w
[_w a ʋ a j i l ]_w
[_w m a ɾ a ɳ a ]_w
[_w p i ʈ i tʃː u ]_w
[_w h aː pː i ]_w
[_w s a m iː p a ]_w
[_w a ʋ a s aː n̪ a ]_w
[_w p i ʈ i tʃː ]_w
[_w p a l a m ]_w
[_w m u n̪ p ]_w
[_w m aː d̪ʱ j a m a m ]_w
[_w e n̪ː aː l ]_w
[_w n̪ i n̪ː ]_w
[_w ɾ aː ɟ eː ʂ ]_w
[_w m aː s a m ]_w
[_w m uː l a m ]_w
[_w p ɾ a s a k t̪ i ]_w
[_w a ʋ a n̪ u m aː n̪ ]_w
[_w ɡ u ɲː u ]_w
[_w s iː n̪ i j a ɾ ]_w
[_w t̪ a ŋː a ɭ ]_w
[_w k i ɾ iː ʂ ]_w
[_w bʱ a j a m ]_w
[_w p a n̪ t̪ ɾ a m ]_w
[_w m u h a mː a d̪ ]_w
[_w n̪ eː ɾ i l u m ]_w
[_w p u t̪ i j a t̪ ]_w
[_w h ai n̪ t̪ a ʋ a ]_w
[_w aː d̪ iː ]_w
[_w ɡ a ɭ i l ]_w
[_w s aː d̪ʱ j a t̪ a ]_w
[_w pʰ oː ɾ ]_w
[_w n̪ i ʃ tʃ i t̪ a ]_w
[_w e n̪ t̪ i n̪ aː l ]_w
[_w b oː ɾ eː ]_w
[_w tʃ e kː a n̪ ]_w
[_w k a ɭ i ]_w
[_w m e j i l ʋ eː ]_w
[_w n̪ i l a b aː ɾ ]_w
[_w aː d̪ʱ u n̪ i k a ]_w
[_w k ɾ i ]_w
[_w ʋ a ɾ ʂ a ʋ u m ]_w
[_w uː ɾ i ]_w
[_w k a b a ʈ a ɾ n̪ː ]_w
[_w e t̪ ɾ a j oː ]_w
[_w b ɾ a d̪ʱ a m a ]_w
[_w ɟ a n̪ a ŋː a ɭ kː ]_w
[_w t̪ a l a j kː u ]_w
[_w k oː ɳ ɡ ɾ a s ]_w
[_w t̪ u p aː j i l ]_w
[_w k a s eː ɾ a ]_w
[_w ʋ i ʈ u n̪ː a ]_w
[_w ɲ aː n̪ iː ]_w
[_w ɾ aː ɟ a n̪ ]_w
[_w j i l ]_w
[_w k a ʈ a ]_w
[_w a ʋ a ɭ u ʈ e ]_w
[_w p eː ɾ u ɳ ʈ ]_w
[_w n̪ oː ʈː a m ]_w
[_w t̪ a ɳ u t̪ː a ]_w
[_w k ɾ iː n̪ ]_w
[_w ʋ a l i j o ɾ u ]_w
[_w m a ʈː u m ]_w
[_w t̪ i j a t̪ ]_w
[_w o t̪ː i ɾ i ]_w
[_w i s l aː m ]_w
[_w ʋ a ɾ i k i l ]_w
[_w p a k a ɾ t̪ː u ]_w
[_w a ʋ a ɾ u n̪ː u ]_w
[_w p aː ɲː u ]_w
[_w n̪ aː j a ɾ ]_w
[_w s u k u m aː ɾ ]_w
[_w ʋ iː ʈ i j oː ]_w
[_w ʋ a ɭ a ɾ e ]_w
[_w p oː l ]_w
[_w ɟ aː t̪ a k a ɭ ]_w
[_w i ɾ u ɳ ʈ ]_w
[_w t̪ o ɻ i l ]_w
[_w p ɾ a d̪ i ]_w
[_w n̪ u ɳ a ]_w
[_w i n̪ t̪ j a j e ]_w
[_w e n̪ː aː ɳ ]_w
[_w ʋ a ɾ uː ]_w
[_w p a ʈ a m ]_w
[_w k u r eː ]_w
[_w o ʈː a j kː ]_w
[_w n̪ iː ɭ u n̪ː a ]_w
[_w t̪ eː ʋ a n̪ r e ]_w
[_w eː t̪ oː ]_w
[_w i ʋ a ɾ a tʃː u ]_w
[_w n̪ i ɾ a kː ]_w
[_w ʋ aː ŋː i j a ]_w
[_w b aː t̪ a ]_w
[_w h i n̪ t̪ u ɳ a ]_w
[_w l a k ʂ a ]_w
[_w k a ɻ u t̪ː a ]_w
[_w ɡ a j j i l ]_w
[_w kʰ a ʈː a m ]_w
[_w a t̪ i l ]_w
[_w ʋ i l aː s a m ]_w
[_w k u t̪ː a k a ]_w
[_w p a k ʂ eː ]_w
[_w o n̪ː uː ʈ e ]_w
[_w o n̪ː i l ]_w
[_w p aː ʈː u m ]_w
[_w d̪ aː ŋ k s ]_w
[_w p e ɳ k u ʈː i ]_w
[_w k u m aː ɾ a n̪ ]_w
[_w k oː ʈ i k a ɭ ]_w
[_w k o ʈ a k a m ]_w
[_w n̪ i l kː aː n̪ ]_w
[_w p u kː i l ]_w
[_w s a m iː p a m ]_w
[_w a t̪ ɾ a ]_w
[_w k a ɳ a kː i l ]_w
[_w b i n̪ː eː m ]_w
[_w m o ɻ i ]_w
[_w m u t̪ː a ʃ ʃ i ]_w
[_w ʈ ai pː ]_w
[_w p a k ʂ e ]_w
[_w aː j a d̪ ]_w
[_w ʈ ɾ aː bʱ i ɡ ]_w
[_w o ɾ aː ɻ tʃ a ]_w
[_w k a ɳ ʈ ]_w
[_w k u ɭ a m ]_w
[_w l oː ɡ a ]_w
[_w m iː t̪ e ]_w
[_w s a k a l a kː i ]_w
[_w t̪ iː ɾ t̪ː u ]_w
[_w k a r i ]_w
[_w k a ɾ iː m ]_w
[_w n̪ i r u t̪ː i ]_w
[_w a ʋ a ɭ ]_w
[_w a t̪ i l eː r e ]_w
[_w t̪ a ʈ i ]_w
[_w ʋ aː kː u ]_w
[_w m u ɭ a k ]_w
[_w ʈ i ʋ i ]_w
[_w k aː ɳ i lː a ]_w
[_w k au t̪ u k a m ]_w
[_w k a ɭː a n̪ ]_w
[_w m oː ʈ a l ]_w
[_w l oː k a ]_w
[_w n̪ oː m p ]_w
[_w bʱ aː ʂ aː ]_w
[_w m a ʂ i ]_w
[_w k u ɻ uː ɾ ]_w
[_w n̪ a j a m ]_w
[_w s i n̪ i m a ]_w
[_w p i n̪ ]_w
[_w a ɭ i j a n̪ ]_w
[_w k eː ʈː aː l ]_w
[_w t̪ a ʈː i ]_w
[_w t̪ i ʋ a s a ɾ ]_w
[_w p ɾ a t̪ iː t̪ i ]_w
[_w tʃ i kː a n̪ ]_w
[_w o r i ɟ i n̪ a l ]_w
[_w ʋ i d̪ʱ a ]_w
[_w s a m kʰ j a ]_w
[_w b u lː ]_w
[_w s u n̪ t̪ a ɾ a ]_w
[_w e ʈ i ʈː ]_w
[_w ɖ aː m ]_w
[_w e t̪ː i tʃː u ]_w
[_w e n̪ ʈ e ]_w
[_w p o l iː s ]_w
[_w l eː kʰ a n̪ a m ]_w
[_w ʋ i ʈː ]_w
[_w eː t̪ u ]_w
[_w oː ʈ i ]_w
[_w ʋ a ɾ i ]_w
[_w ʃ a m p a d̪ u ]_w
[_w i t̪ o ɾ u ]_w
[_w e ŋ k i l ]_w
[_w n̪ a l k u n̪ː a ]_w
[_w i t̪ e n̪ d̪ aː ɳ ]_w
[_w ʋ e tʃː a d̪ ]_w
[_w n̪ e ʈː ]_w
[_w i kː a ]_w
[_w a bʱ i n̪ a j a m ]_w
[_w k aː l a ]_w
[_w m aː ʈː i j a ]_w
[_w ʋ j a k t̪ i ]_w
[_w ʋ a ɾ mː a m ]_w
[_w l i s ʈː i ]_w
[_w ɾ aː ɟ j a t̪ː ]_w
[_w p aː t̪ i ]_w
[_w m o t̪ː a m ]_w
[_w a ʋ a j i l e ]_w
[_w t̪ uː kː i ]_w
[_w n̪ oː kː uː ]_w
[_w p a s s i l ]_w
[_w ɡ a ɳː u k a ɭ ]_w
[_w ɖ oː pː ]_w
[_w b uː l oː k a ]_w
[_w u r a kː a m ]_w
[_w k eː ʈː o ]_w
[_w a t̪ e ŋː a n̪ e ]_w
[_w m a ɾ a m ]_w
[_w m u m p i l ]_w
[_w k u r u k e ]_w
[_w k u ʈ u m b a ]_w
[_w t̪ iː ɾ t̪ː a ]_w
[_w s a mː a t̪ ]_w
[_w k u ɖ i tʃː u ]_w
[_w k ʂ a m ]_w
[_w ɡ oː ɭ a ɟ i l ]_w
[_w ʈ a j a r u m ]_w
[_w ɟ a n̪ a n̪ a m ]_w
[_w ʋ j a ʋ a s t̪ʰ a ]_w
[_w a ʈ i p o ɭ i ]_w
[_w o n̪ː aː m ]_w
[_w n̪ a t̪ i ]_w
[_w a j aː ɭ kː ]_w
[_w ʃ a ɾ a ɳ a ]_w
[_w ʋ eː r e ]_w
[_w n̪ iː ʈː i ]_w
[_w b a ɳ ʈ ]_w
[_w a m ɡ a t̪ i ]_w
[_w eː t̪ aː n̪ u m ]_w
[_w n̪ u m ]_w
[_w t̪ aː ɻ n̪ː a ]_w
[_w a ɳː a n̪ ]_w
[_w bʱ aː k a t̪ː e ]_w
[_w n̪ oː kː aː n̪ ]_w
[_w p i ʈː eː n̪ː ]_w
[_w tʃ a ʈ a ŋː ]_w
[_w k ɾ iː n̪ i l ]_w
[_w a r i j u m ]_w
[_w ʋ a ɻ a kː ]_w
[_w ʋ i ʋ aː h a m ]_w
[_w u r a ŋː i ]_w
[_w a d̪ i l uː ʈ e ]_w
[_w p a ɳ ʈ ]_w
[_w a t̪ aː ɳ ]_w
[_w n̪ i ŋː a ɭ kː ]_w
[_w m i ɳ ʈ aː t̪ e ]_w
[_w u ɭː a ʋ a ɾ kː ]_w
[_w o n̪ː a lː a ]_w
[_w i t̪ i l eː ]_w
[_w n̪ i l kː u m ]_w
[_w e pː oː ɭ ]_w
[_w k o ɳ ʈ u m ]_w
[_w d̪ i ɾ i tʃː ]_w
[_w k ɾ aː m a m ]_w
[_w tʃ i ɾ i tʃː ]_w
[_w k a ɳ ʈ a t̪ ]_w
[_w u ɭː a t̪ u ]_w
[_w t̪ iː ɾ t̪ː u m ]_w
[_w ɟ a n̪ a t̪ a j e ]_w
[_w a ʋ i ʈ e j u m ]_w
[_w i ɾ u p a t̪ ]_w
[_w p a r a j aː n̪ ]_w
[_w t̪ oː n̪ː i ]_w
[_w ʈ a b i ɭ ]_w
[_w i ʈ a b e ʈː u ]_w
[_w b oː ʋ u m ]_w
[_w bʱ aː k a t̪ː ]_w
[_w i t̪ː a ʋ a ɳ a ]_w
[_w i ʋ i ʈ u t̪ː e ]_w
[_w p a k ʂ a ɳ a m ]_w
[_w ʋ aː ɾ t̪ː a ]_w
[_w p l iː s ]_w
[_w s eː ʋ a n̪ r e ]_w
[_w aː ɾ o kː e ]_w
[_w t̪ a n̪ː e j aː ]_w
[_w j uː r oː pː ]_w
[_w ʋ a ɻ i kː ]_w
[_w ɾ a m ɡ a t̪ː e ]_w
[_w m aː n̪ a m ]_w
[_w p aː ɾ ]_w
[_w ʋ e tʃː a t̪ ]_w
[_w e n̪ː oː ]_w
[_w s ai ʈː i l ]_w
[_w j oː ɡ a m ]_w
[_w s aː r i n̪ r e ]_w
[_w k a r a n̪ r ]_w
[_w k a ɭː ]_w
[_w pʰ ɾ aː n̪ t̪ a n̪ ]_w
[_w tʃ e j t̪ aː l ]_w
[_w p a r i tʃː ]_w
[_w n̪ a lː a t̪ u m ]_w
[_w o ɾ u m i tʃː ]_w
[_w p ɾ a ʋ aː s a m ]_w
[_w p i ʈː eː ]_w
[_w n̪ a l k i j a ]_w
[_w n̪ iː ɭ a ʋ u m ]_w
[_w m oː h a m ]_w
[_w ʋ e kː aː n̪ ]_w
[_w ɾ uː p a j u m ]_w
[_w aː t̪ iː ]_w
[_w ʈ j uː ʂ a n̪ ]_w
[_w o ɾ aː ɭ ]_w
[_w p a r a ɲː u ]_w
[_w tʃ e ʋ i j i l e ]_w
[_w ʋ a ɾ a tʃː i l ]_w
[_w m uː ʈ i ]_w
[_w b eː ɾ e ]_w
[_w ʋ ai d̪ j u t̪ i ]_w
[_w s t̪ʰ i t̪ i ]_w
[_w i ʋ a ɾ a tʃː i l ]_w
[_w h i n̪ t̪ i tʃː u ]_w
[_w ʋ i s a ]_w
[_w p oː l o ɾ u ]_w
[_w k a ʈ a j aː n̪ ]_w
[_w p aː ʈː u ]_w
[_w ɟ oː ɳ i ]_w
[_w n̪ a k a ɾ t̪ː u ]_w
[_w ʋ a ɾ u n̪ː a ]_w
[_w oː ɾ o ]_w
[_w m a kː a ɭ u m ]_w
[_w k a ʈː ]_w
[_w k a b a ʈ i ]_w
[_w tʃ u ʈː u ]_w
[_w p a s ]_w
[_w e n̪ː a t̪ aː ɳ ]_w
[_w oː ʈː oː ]_w
[_w l i n̪ a k s ]_w
[_w ʋ oː ʈː u ]_w
[_w a ʋ a j e ]_w
[_w b a t̪ i n̪ u ]_w
[_w k a lː ]_w
[_w m u ʈ i ]_w
[_w m i kː a ]_w
[_w p e s ʈː ]_w
[_w i ʈ a kː i ]_w
[_w t̪ eː ŋː aː ]_w
[_w m aː r i j a l ]_w
[_w i n̪ t̪ j a j i l ]_w
[_w oː ɖ oː ]_w
[_w k aː ɾ a m ]_w
[_w a r i ʋ u k a ɭ ]_w
[_w p a n̪ t̪ ɾ a ]_w
[_w m a k a ɭ u m ]_w
[_w k i ɭ i ]_w
[_w t̪ eː ʈ i ]_w
[_w u ʈ a n̪ ]_w
[_w aː r u ]_w
[_w ɟ uː l ai ]_w
[_w d̪ a j j aː ɾ ]_w
[_w k ɾ e ʈ i ʈː ]_w
[_w ʈ oː ɭ a ɾ ]_w
[_w a n̪ a s i l ]_w
[_w k a ʈ a l i l ]_w
[_w k a ɾ u t̪ i ]_w
[_w ʈ a j a l ]_w
[_w p a d̪ a ʋ i ]_w
[_w k aː t̪ː ]_w
[_w t̪ eː ʋ a n̪ ]_w
[_w aː k e ]_w
[_w p a d̪ ɾ a m ]_w
[_w ʋ eː t̪ a n̪ a ]_w
[_w p a ʈː i lː a ]_w
[_w ʋ aː kː ]_w
[_w ʋ ai k iː ʈː ]_w
[_w ʈ i s ai n̪ ]_w
[_w m a ʈː i l ]_w
[_w tʃ ai n̪ iː s ]_w
[_w t̪ i k a tʃː u m ]_w
[_w ʋ i lː a n̪ ]_w
[_w k a j a ʈː i ]_w
[_w o ɾ u m i tʃː u ]_w
[_w a n̪ u m ]_w
[_w t̪ i ɾ a ]_w
[_w u ɳ ʈ e ŋ k i l ]_w
[_w b a r i tʃː u ]_w
[_w k a ɻ i ɲː u ]_w
[_w p ɾ a s a m ]_w
[_w i t̪ i n̪ r e ]_w
[_w k aː l a ʋ u m ]_w
[_w k aː ɳ uː ]_w
[_w s eː ʋ a n̪ a m ]_w
[_w k l aː s s i l ]_w
[_w m u m b ]_w
[_w i ʈ aː n̪ ]_w
[_w ʋ a ʈ i ]_w
[_w i r a ŋː aː n̪ ]_w
[_w a p a k a l e ]_w
[_w p a k ʂ a ɳ a l ]_w
[_w p a ʈʰ a n̪ a m ]_w
[_w ʋ iː ɳ a t̪ ]_w
[_w k j uː ]_w
[_w s a kʰ aː ʋ ]_w
[_w ʋ e r u m ]_w
[_w a r i ɲː oː ]_w
[_w k aː ɳ u k a ]_w
[_w l oː kː a l ]_w
[_w o ʈ u kː a m ]_w
[_w k o lː a m ]_w
[_w s aː d̪ʱ i tʃː u ]_w
[_w k o ʈ u t̪ː a ]_w
[_w s a m ɡʱ a m ]_w
[_w aː r aː m ]_w
[_w p a ɾ iː k ʂ a ]_w
[_w ɟ iː ʋ a n̪ r e ]_w
[_w s a t̪ aː ]_w
[_w p e ɳ ]_w
[_w b oː ɭ ]_w
[_w m aː ʂ u m ]_w
[_w p ɾ aː j a m ]_w
[_w o n̪ː aː ɳ ]_w
[_w t̪ i ɾ a kː ]_w
[_w p aː ʈː ]_w
[_w ɟ a j i l ]_w
[_w ʋ eː ʂ a m ]_w
[_w t̪ e ʈː ]_w
[_w tʃ e n̪ː u ]_w
[_w e ʈ u kː aː n̪ ]_w
[_w p e ɳː i n̪ e ]_w
[_w i ʋ a n̪ e ]_w
[_w i ɾ i kː aː n̪ ]_w
[_w t̪ aː m a s a m ]_w
[_w k aː ɻ tʃ a ]_w
[_w t̪ a ɾ a ]_w
[_w e t̪ː u n̪ː a t̪ ]_w
[_w k a ɾ u t̪ u k a ]_w
[_w ʋ a ɾ ɡ ɡ a m ]_w
[_w u pː u m aː ʋ ]_w
[_w aː j aː l ]_w
[_w n̪ e ʈː i j a ]_w
[_w t̪ a ɾ kː a m ]_w
[_w l a k ʂ j a m ]_w
[_w ʋ a tʃː ]_w
[_w ʋ i k ɾ a m ]_w
[_w tʃ e j j u ɡ a ]_w
[_w tʃ oː r u m ]_w
[_w i n̪ t̪ j a n̪ ]_w
[_w a r i j u m oː ]_w
[_w t̪ i ɾ i tʃː ]_w
[_w l oː k a m ]_w
[_w o ɻ i ɲː u ]_w
[_w m a h aː ]_w
[_w p aː kː i ]_w
[_w b a ɻ u t̪ː a ]_w
[_w o n̪ː oː ]_w
[_w e n̪ d̪ i n̪ aː ]_w
[_w t̪ i ɾ u t̪ː i ]_w
[_w t̪ i n̪ː u ]_w
[_w m uː l j a m ]_w
[_w ʃ ɾ iː m a d̪ i ]_w
[_w aː t̪ i ]_w
[_w ʋ a ɾ i lː a ]_w
[_w i ʈ i tʃː ]_w
[_w ʋ i ʋ eː ɡ ]_w
[_w p a ʈː i ]_w
[_w u ɳ ʈ aː k u m ]_w
[_w u ɳː i ]_w
[_w p a ʈʰ i tʃː ]_w
[_w ɾ a ɳ ʈ oː ]_w
[_w m a kː a ɭ e ]_w
[_w p i ʈ i ]_w
[_w k u ʈ u m p a m ]_w
[_w m u d̪ a l ]_w
[_w i n̪ d̪ j a j u m ]_w
[_w u j a ɾ n̪ː u ]_w
[_w n̪ aː ʈ a k a ]_w
[_w p aː tʃː i ]_w
[_w k e ʈː i ʈ a m ]_w
[_w ʋ oː ʈː ]_w
[_w n̪ iː kː a m ]_w
[_w b aː ʈː ]_w
[_w ɾ a tʃ i tʃː a ]_w
[_w s a m a j a t̪ː ]_w
[_w n̪ aː ɭ e ]_w
[_w i d̪ u ]_w
[_w ʃ ai l i ]_w
[_w o ɾ a l pː a m ]_w
[_w ɾ a ɳ ʈ a ]_w
[_w s i m ɡ ]_w
[_w a t̪ u k o ɳ ʈ u ]_w
[_w e ɻ u t̪ː u m ]_w
[_w a j a tʃː u ]_w
[_w t̪ a ŋː a ɭ u m ]_w
[_w e n̪ː a t̪ u m ]_w
[_w tʃ e r u ]_w
[_w k aː ʈː i ]_w
[_w tʃ e j j u n̪ː a ]_w
[_w k i ʈ a n̪ː ]_w
[_w m u r i j i tʃː u ]_w
[_w a t̪ i n̪ o ɾ u ]_w
[_w aː ɳ e n̪ː ]_w
[_w m u ɾ a ɭ i ]_w
[_w pʰ i l i m ]_w
[_w t̪ eː ʋ i ]_w
[_w k a m a n̪ r u ]_w
[_w bʱ eː s p u kː ]_w
[_w n̪ i n̪ː aː l ]_w
[_w t̪ i ɾ a ɲː u ]_w
[_w a ʋ a ɾ i j i l ]_w
[_w h a h a h a ]_w
[_w ʋ a ɾ i j oː ]_w
[_w m a ʈ a kː i ]_w
[_w p oː s ʈː u m ]_w
[_w m oː n̪ eː ]_w
[_w s a l aː m ]_w
[_w o ɾ u b aː ʈ u ]_w
[_w d̪ a m i ɻ ]_w
[_w ʋ aː j u m ]_w
[_w n̪ eː ɾ t̪ː a ]_w
[_w m aː pː ]_w
[_w k oː ɖ ]_w
[_w ʋ a j a s s u ]_w
[_w m oː tʃ a n̪ a ]_w
[_w i n̪ d̪ j aː ]_w
[_w a j aː ɭ u ʈ e ]_w
[_w s t̪ʰ a l a t̪ː i l ]_w
[_w ʋ a ɾ u ʈ e ]_w
[_w s u p ɾ iː m ]_w
[_w n̪ a mː e ]_w
[_w n̪ i ŋː a ʈ e ]_w
[_w m oː h a n̪ ]_w
[_w m u pː a t̪ ]_w
[_w a ɾ i k a ]_w
[_w a ʋ a ɭ u ]_w
[_w p eː ɟ ]_w
[_w n̪ aː ʈ a k a m ]_w
[_w s a ŋ k a ɾ ]_w
[_w k aː ʈː i l e ]_w
[_w k u t̪ i ]_w
[_w a r a p i ]_w
[_w p u ɾ u ʂ a n̪ ]_w
[_w s u ɾ eː ʂ ]_w
[_w ɡ i l oː ]_w
[_w i ŋː oː ʈː ]_w
[_w ʋ a kː iː l ]_w
[_w p uː ɾ ɳː a ]_w
[_w n̪ i ɾ t̪ː aː n̪ ]_w
[_w ɾ a h a s j a m ]_w
[_w i ʈ i ʋ aː ɭ ]_w
[_w b a t̪ː u ]_w
[_w aː kː a m ]_w
[_w n̪ i r a ɲː ]_w
[_w k a ɾ a tʃː a ]_w
[_w p a ɻ u t̪ː i l ]_w
[_w p a ɳ a m ]_w
[_w d̪ʱ a ɾ i tʃː a ]_w
[_w k o tʃː u ]_w
[_w tʃ aː ʈ i ]_w
[_w s e kː a n̪ r ]_w
[_w a ɻ i m a t̪ i ]_w
[_w k a ʂ ɳ a m ]_w
[_w ɡ eː ɾ a ɭ a ]_w
[_w i t̪ ɾ eː m ]_w
[_w s iː ɾ i j a ]_w
[_w ʋ a ʈː a m ]_w
[_w b ɾ a ʋ aː s i ]_w
[_w m eː n̪ oː n̪ ]_w
[_w k o tʃː i ]_w
[_w bʱ aː k j a m ]_w
[_w n̪ a ʈ a kː a n̪ ]_w
[_w k a k ʂ i ɳ a ]_w
[_w m a r a n̪ː ]_w
[_w k a d̪ʱ a j i l ]_w
[_w b a r a n̪ː ]_w
[_w m a ʈː o n̪ː ]_w
[_w p a r a m b i ]_w
[_w p e ʈː a n̪ː ]_w
[_w p aː ɾ b a ɾ ]_w
[_w t̪ a kː aː ɭ i ]_w
[_w u ɳ a ŋː i j a ]_w
[_w k a ʈ a n̪ː a ]_w
[_w ʈ i s a m ]_w
[_w i ʋ a ɾ i k a ]_w
[_w ʋ a lː a ]_w
[_w n̪ oː m b ]_w
[_w ɟ iː ʋ i ]_w
[_w h eː j ]_w
[_w m u ɻ u ʋ a n̪ ]_w
[_w ʋ a j a s s ]_w
[_w ɾ iː t̪ i j u ʈ e ]_w
[_w ʋ a ɻ i j u m ]_w
[_w n̪ eː ɾ u n̪ː a t̪ a ]_w
[_w ʋ i ɾ a l ]_w
[_w ʋ eː ɳ ʈ i ]_w
[_w d̪ aː n̪ ]_w
[_w a b a k a l ]_w
[_w m i tʃː a m ]_w
[_w ʋ a ɾ aː ]_w
[_w tʃ e kː a n̪ r ]_w
[_w k a ɳ ʈ e t̪ː i ]_w
[_w m a ɳ a m ]_w
[_w s i s i ]_w
[_w ɡ l aː s ]_w
[_w d̪ eː ʂ j a m ]_w
[_w i l a k a ɭ ]_w
[_w ʈ ai m ]_w
[_w i t̪ oː ʈ e ]_w
[_w p aː kː ]_w
[_w ʋ e r u t̪ eː ]_w
[_w i ʋ i ʈ e ]_w
[_w b uː ʋ ]_w
[_w i ʈ i ]_w
[_w a n̪ t̪ j a j i l ]_w
[_w tʃ eː ʈː a n̪ ]_w
[_w tʃ e r i j a t̪ ]_w
[_w a t̪ o kː e ]_w
[_w bʱ a k ʂ a ɳ a m ]_w
[_w p a ʈː a m ]_w
[_w i n̪ s ʈː aː ɭ ]_w
[_w ʋ i r a tʃː u ]_w
[_w aː n̪ a j e ]_w
[_w n̪ aː ʈː i l ]_w
[_w p i t̪ aː ʋ ]_w
[_w t̪ i ɾ i ɲː a ]_w
[_w n̪ i l a t̪ː ]_w
[_w m u t̪ a l eː ]_w
[_w ɾ uː p aː ]_w
[_w s a n̪ d̪ oː ʂ ]_w
[_w u ɳ ʈ aː j a t̪ ]_w
[_w bʱ ɾ a m a m ]_w
[_w tʃ i n̪ t̪ a k a m ]_w
[_w n̪ a b i j u ʈ e ]_w
[_w p i ɭː a ]_w
[_w b e ɳː u m ]_w
[_w k e ʈː i j a ]_w
[_w m aː r u m ]_w
[_w t̪ a n̪ː a t̪ ]_w
[_w t̪ aː ɾ a m ]_w
[_w p aː ɾ ɖ i ]_w
[_w u ɭ pː e ʈ e ]_w
[_w s k ɾ iː n̪ ]_w
[_w m a n̪ a s s i l ]_w
[_w k a d̪ʱ a j u ʈ e ]_w
[_w e ɻ u t̪ u n̪ː a ]_w
[_w p oː l e ]_w
[_w bʱ oː ɳ ]_w
[_w ʋ e j i l ]_w
[_w m aː ʂ eː ]_w
[_w ʋ iː ɻ u n̪ː a ]_w
[_w p oː ɡ u n̪ː u ]_w
[_w s a ɾ ʋ iː s ]_w
[_w k uː k i ɭ i l ]_w
[_w ʋ i ʃ aː l a ]_w
[_w k a ɳ ʈ a t̪ː e ]_w
[_w t̪ a ɭː i ]_w
[_w n̪ aː l u ]_w
[_w ʋ aː tʃ a k a m ]_w
[_w ʋ a ɭ a pː i l ]_w
[_w n̪ i n̪ː aː l e ]_w
[_w n̪ j aː j a m ]_w
[_w j aː t̪ ɾ aː ]_w
[_w tʃ oː t̪ i tʃː a ]_w
[_w p u k a ]_w
[_w p aː ʈ u ]_w
[_w k u r a ɲː a ]_w
[_w ʃ i ʋ a n̪ r e ]_w
[_w tʃ i l a ɾ kː ]_w
[_w t̪ a ʈ a j aː n̪ ]_w
[_w k j aː m b ]_w
[_w a lː aː ]_w
[_w t̪ a m aː ʃ a ]_w
[_w e ŋː u m ]_w
[_w ɖ a p i ɭ ]_w
[_w m u n̪ː oː ʈː ]_w
[_w aː j a t̪ u ]_w
[_w ʋ aː kː u m ]_w
[_w k aː n̪ t̪ i k a ]_w
[_w d̪ eː ŋː a ]_w
[_w n̪ a n̪ t̪ a m ]_w
[_w e t̪ i ɾ ]_w
[_w ʈ ɾ e j i n̪ ]_w
[_w i l a k ʂ m i ]_w
[_w b a ŋ k ]_w
[_w t̪ u ɾ a n̪ t̪ a m ]_w
[_w p a ɻ a j u ʈ e ]_w
[_w b e ɳː u ]_w
[_w e n̪ t̪ i n̪ u ]_w
[_w r oː kː a ʈː ]_w
[_w p a l a ɾ n̪ː a ]_w
[_w k a ɻ i j i l ]_w
[_w i d̪ i n̪ aː l ]_w
[_w s u d̪ʱ iː ɾ a n̪ ]_w
[_w m u ʈ a kː a m ]_w
[_w ɟ i h aː t̪ ]_w
[_w i ʋ a ɾ a ɳ a ]_w
[_w s uː tʃ a n̪ a m ]_w
[_w ɡ a ɭ a ɲː ]_w
[_w eː ɡ a ]_w
[_w l aː s ʈː ]_w
[_w p oː ɾ a ]_w
[_w ʃ eː ʂ a ʋ u m ]_w
[_w n̪ a m p a ɾ ]_w
[_w ʋ a ɾ a tʃː a ]_w
[_w e n̪ː aː l u m ]_w
[_w oː kː e ]_w
[_w p a d̪ u ]_w
[_w m a n̪ t̪ ɾ a ]_w
[_w ʋ a ɾ ʂ a t̪ː e ]_w
[_w i ʋ i ʈ a ]_w
[_w t̪ eː ʋ a n̪ a m ]_w
[_w pʰ eː s p u kː ]_w
[_w e ɻ u t̪ a ɳ a l ]_w
[_w eː t̪ o kː e ]_w
[_w m u kʰ a ʋ u m ]_w
[_w ʋ e r u d̪ eː ]_w
[_w tʃ e r u pː a m ]_w
[_w t̪ uː ɾ a m ]_w
[_w j aː h uː ]_w
[_w t̪ a lː i ]_w
[_w k o t̪ i ]_w
[_w t̪ a ɾ ɟ ɟ a m a ]_w
[_w m a ɻ a j u ʈ e ]_w
[_w b ɾ a ʃ a s t̪ a ]_w
[_w n̪ eː ɾ i ʈː ]_w
[_w s ai n̪ i k a ]_w
[_w k a ʈ a n̪ː a t̪ ]_w
[_w ʋ i bʱ aː k a m ]_w
[_w ɟ a n̪ m a ]_w
[_w aː ɾ aː ɳ ]_w
[_w ʋ eː ɭ a j i l ]_w
[_w ʋ a j a r i ]_w
[_w m a kː a ɭ eː ]_w
[_w p a t̪ i ]_w
[_w e ɻ u t̪ u m ]_w
[_w tʃ eː ɾ t̪ː u ]_w
[_w p a ʈ a ]_w
[_w k u ʈ i tʃː u ]_w
[_w ʃ a ŋ k a ]_w
[_w ʋ aː ɳ i ɟ j a ]_w
[_w k a l a ɾ n̪ː a ]_w
[_w a n̪ a ʋ a m ]_w
[_w p a ɾ i d̪ʱ i ]_w
[_w k au d̪ u k a m ]_w
[_w n̪ a l k u k a ɭ ]_w
[_w d̪ u h kʰ a m ]_w
[_w s uː k ʂ i tʃː ]_w
[_w a ɭ i j aː ]_w
[_w n̪ a mː a ʈ e ]_w
[_w s k uː ɭ ]_w
[_w ʋ e ɭ u t̪ː a ]_w
[_w p e ʈː u ]_w
[_w a k a l a kː i ]_w
[_w ʃ a k t̪ i ]_w
[_w k ɾ aː m ]_w
[_w ʋ a k u pː ]_w
[_w k a ɭ i ɡ a ɭ ]_w
[_w a pː o ]_w
[_w p uː ɾ a m ]_w
[_w tʃ e j j aː t̪ e ]_w
[_w m u k a n̪ ]_w
[_w a r i j aː m ]_w
[_w bʱ ɾ iː ]_w
[_w e mː i n̪ r e ]_w
[_w tʃ i l a ɾ u m oː ]_w
[_w p ɾ a ʋ aː s i ]_w
[_w m a n̪ t̪ ɾ i ]_w
[_w m u r i j i lː a ]_w
[_w s iː n̪ ]_w
[_w n̪ uː r ]_w
[_w d̪ eː h a m ]_w
[_w a ʋ a ɭ u m ]_w
[_w ʋ aː j i l ]_w
[_w p i n̪ t̪ u ɳ a ]_w
[_w a lː aː h u ]_w
[_w a ʈ i tʃː u ]_w
[_w i n̪ː a l e ]_w
[_w p e j j u k a ]_w
[_w i t̪ o kː e ]_w
[_w p oː s ʈː ]_w
[_w tʃ oː d̪ i tʃː a ]_w
[_w tʃ iː t̪ː a ]_w
[_w ɲ a ŋː a ɭ u ]_w
[_w m a ʈː eː ]_w
[_w ʋ a ɻ i j uː ]_w
[_w ʋ a n̪ː ]_w
[_w o ʈː a ]_w
[_w s iː ʈː i l ]_w
[_w p a ʈː i ɳ i ]_w
[_w k a ʈ u t̪ː a t̪ ]_w
[_w p a t̪ a m ]_w
[_w m aː t̪ ɾ a m ]_w
[_w a ʋ a s a m ]_w
[_w ʋ i ʋ i d̪ʱ a ]_w
[_w a n̪ oː ɳ i ]_w
[_w a ʋ a ɭ kː u ]_w
[_w a t̪ oː ]_w
[_w ɾ iː t̪ i j u m ]_w
[_w o ɻ u k i ]_w
[_w a ʈ u pː ]_w
[_w p a ɾ a s j a m ]_w
[_w n̪ i r a j e ]_w
[_w ɖ au ɳ ]_w
[_w ɡ aː ʈː i ]_w
[_w b a r a ɲː ]_w
[_w n̪ aː ɳ ]_w
[_w ɖ aː n̪ s ]_w
[_w tʃ u ʋ a n̪ː a ]_w
[_w o kː e ]_w
[_w ɟ i h aː d̪ ]_w
[_w p a d̪ ɾ a m e ]_w
[_w m u n̪ː i l ]_w
[_w k o ɭː u n̪ː a ]_w
[_w ɡ a ʋ i j u ʈ e ]_w
[_w i t̪ i n̪ u ɭː a ]_w
[_w k eː ʈː aː ]_w
[_w m u n̪ p u ɭː a ]_w
[_w n̪ a p i ]_w
[_w s aː r eː ]_w
[_w m a n̪ a m ]_w
[_w n̪ aː ɭ a t̪ː e ]_w
[_w i d̪ i n̪ ]_w
[_w n̪ a n̪ m a ]_w
[_w ʈ i kː a ʈː ]_w
[_w n̪ i n̪ː e ]_w
[_w k ɾ iː kː ]_w
[_w i ʋ i ʈ e j u m ]_w
[_w ʋ iː ʈ ]_w
[_w a d̪ ɾ a ]_w
[_w m aː s ʈː a ɾ ]_w
[_w u n̪ː a t̪ a ]_w
[_w k a ʋ i j u m ]_w
[_w b oː ɾ aː ]_w
[_w tʃ i n̪ t̪ a k a ]_w
[_w n̪ j uː s ]_w
[_w s u l ]_w
[_w k ai j j i l e ]_w
[_w ʈ aː l i ]_w
[_w t̪ a ɾ ʃ a n̪ a m ]_w
[_w tʃ e ɾ u pː ]_w
[_w a t̪ u m ]_w
[_w bʱ oː ʈː oː ]_w
[_w i n̪ r e ]_w
[_w n̪ j uː ]_w
[_w u r a pː u ]_w
[_w k aː ɳ u n̪ː a ]_w
[_w r e j i l ʋ eː ]_w
[_w p ɾ eː m a m ]_w
[_w ʋ a ɾ a tʃː u ]_w
[_w t̪ a k ʂ i ]_w
[_w a ŋ k i ɭ ]_w
[_w n̪ i n̪ː o ɾ u ]_w
[_w ɡ a ɳː ]_w
[_w t̪ a n̪ i kː u ]_w
[_w k eː ɾ a ɭ a ]_w
[_w iː j i ʈ e ]_w
[_w pʰ u ɭ ]_w
[_w k aː t̪ː u ]_w
[_w ʃ a b d̪ a m ]_w
[_w s aː d̪ʱ j a m a m ]_w
[_w ɾ aː ɟ j a ]_w
[_w a t̪ i n̪ u ]_w
[_w ʋ a j a n̪ ]_w
[_w m u ʈː i ]_w
[_w i t̪ i l ]_w
[_w o t̪ u kː i ]_w
[_w a t̪ i l e ]_w
[_w a ɾ a ʋ ]_w
[_w n̪ i l a j i l ]_w
[_w ʋ a ɾ a ʋ i ]_w
[_w p a ɳ i kː ]_w
[_w p aː l a n̪ ]_w
[_w o ɾ e ɳː a m ]_w
[_w b a ʃ u ]_w
[_w n̪ i j a ɾ ]_w
[_w p i n̪ː iː ʈ ]_w
[_w m i n̪ i m aː ]_w
[_w ʋ a ɾ u m oː ]_w
[_w p u l a ɾ i ]_w
[_w ɡ a ɳː i l ]_w
[_w ʋ a s t̪ u ]_w
[_w k o ɳ ʈ u ɭː a ]_w
[_w n̪ i ɾ a t̪ː i l ]_w
[_w ʋ eː ɡ a t̪ a ]_w
[_w aː ɾ u ]_w
[_w m aː ʂ i n̪ r e ]_w
[_w m iː ʈː ]_w
[_w s a ɾ kː aː ɾ ]_w
[_w n̪ a m u kː u ]_w
[_w k a ɳː i l ]_w
[_w p eː p i ]_w
[_w k a t̪ i ]_w
[_w n̪ a ʋ a d̪ʱ i ]_w
[_w a n̪ː eː ]_w
[_w a r i j i pː ]_w
[_w ʋ a l i tʃː ]_w
[_w ɲ aː n̪ aː ]_w
[_w t̪ a ɳ a l ]_w
[_w ʋ a j a s s u m ]_w
[_w u ɭː i l e ]_w
[_w ʈ i k ɾ i ]_w
[_w ʋ i k aː ɾ a ]_w
[_w a r i j aː n̪ ]_w
[_w ʋ i ʃ aː l a n̪ ]_w
[_w ɟ ɲ aː n̪ a m ]_w
[_w k o lː u m ]_w
[_w p oː ʋ u m ]_w
[_w pʰ oː m ]_w
[_w ʋ a ɾ u m e n̪ː ]_w
[_w ʈ iː s p uː ɳ ]_w
[_w ɾ aː ɟ a ]_w
[_w pʰ aː ɡ a t̪ː e ]_w
[_w k a d̪ʱ a j aː ɳ ]_w
[_w m oː ɭ ]_w
[_w j a d̪ʱ aː ɾ t̪ʰ a ]_w
[_w t̪ u b aː j ]_w
[_w t̪ iː ɾ u m ]_w
[_w k a ɻ i tʃː ]_w
[_w m eː ɾ i ]_w
[_w p uː ʋ ]_w
[_w bʱ aː ʂ a j i l ]_w
[_w ʋ a lː a t̪ u m ]_w
[_w ʃ i ʋ a n̪ ]_w
[_w b i ɾ i ɲː ]_w
[_w o ɾ oː ]_w
[_w a ʋ a s a ɾ a m ]_w
[_w ʃ i l p i ]_w
[_w ʋ aː t̪ i l i l ]_w
[_w s b iː ʈ ]_w
[_w k eː ɾ a ɭ a m ]_w
[_w p a j j a n̪ ]_w
[_w ʋ a j j a n̪ ]_w
[_w eː d̪ u ]_w
[_w ɡ a ɭ a ɲː u ]_w
[_w m a ɳː u m ]_w
[_w k oː ɭ a ]_w
[_w ʃ a ɾ a ɳ a m ]_w
[_w j u m ]_w
[_w i ʋ i ʈ u n̪ː a ]_w
[_w n̪ eː ɾ a t̪ː ]_w
[_w pʰ aː k a t̪ː e ]_w
[_w u tʃː a ]_w
[_w a ʋ a j kː ]_w
[_w d̪ i n̪ː aː n̪ ]_w
[_w t̪ aː ɻ e ]_w
[_w k ʂ eː d̪ ɾ a m ]_w
[_w p oː ɖ i ]_w
[_w i ʈ i tʃː oː ]_w
[_w a ʋ a ɾ kː ]_w
[_w ʈ i ŋ k a n̪ ]_w
[_w ɟ a n̪ a ŋː a ɭ e ]_w
[_w ɖ i kː a ʈː ]_w
[_w u ɳ ʈ aː kː i ]_w
[_w s ʈː aː ɾ ]_w
[_w t̪ oː t̪ i l ]_w
[_w n̪ i r a ɲː u ]_w
[_w p eː pː a ɾ ]_w
[_w aː ɻ a t̪ː i l ]_w
[_w a lː eː l ]_w
[_w tʃ oː ɾ a ]_w
[_w p a r a j u m ]_w
[_w t̪ u ʈ a kː a m ]_w
[_w h a ɾ t̪ː aː l ]_w
[_w ʋ eː ɳ ʈ aː ]_w
[_w k o tʃː i j i l e ]_w
[_w a t̪ iː ʋ a ]_w
[_w k u r i tʃː u ]_w
[_w ɡ a ɾ u d̪ i j a ]_w
[_w t̪ a ɾ a m ]_w
[_w n̪ i l a ʋ i ɭ i ]_w
[_w ʋ eː ɡ a m ]_w
[_w m aː d̪ j u ]_w
[_w ɡ aː ɾ ]_w
[_w s uː tʃ a n̪ a ]_w
[_w p oː n̪ː u ]_w
[_w tʃ i l a ɾ ]_w
[_w a tʃʰː a n̪ r e ]_w
[_w a d̪ d̪ eː h a m ]_w
[_w k ɾ i s ʈː i l ]_w
[_w m a ɖ a ŋː a ɭ e ]_w
[_w j oː k a m ]_w
[_w i m e j i l ]_w
[_w e lː aː ]_w
[_w ʋ iː ɳ ʈ u m ]_w
[_w p a l a m u r a ]_w
[_w a ɲ tʃ u ]_w
[_w p a ɾ a s j a ]_w
[_w k ai j u m ]_w
[_w n̪ aː ʈ a n̪ ]_w
[_w k ai k a ɭ ]_w
[_w b aː t̪ ɾ a m ]_w
[_w m u k a ɭ ]_w
[_w bʱ uː m i j i l ]_w
[_w k aː ɳ aː m ]_w
[_w e ŋː a n̪ e ]_w
[_w p oː j a t̪ ]_w
[_w p a n̪ d̪ ɾ a m ]_w
[_w i n̪ t̪ j a j u m ]_w
[_w a t̪ j a n̪ ]_w
[_w ʋ a l a m u ʈ i ]_w
[_w m i n̪ː a l ]_w
[_w e n̪ d̪ i n̪ u ]_w
[_w a ʈ a kː u m ]_w
[_w aː ɾ e ]_w
[_w a ʋ a ɾ u m ]_w
[_w oː h oː ]_w
[_w m a ʈː u ]_w
[_w u r a tʃː u ]_w
[_w ʃ ɾ a m a m ]_w
[_w a ɾ ɟ u n̪ a n̪ ]_w
[_w ʋ eː ɾ u k a ɭ ]_w
[_w b oː s ʈː ]_w
[_w k aː m u k a ɭ ]_w
[_w ʋ i ʈ a t̪ː ]_w
[_w i ɲ tʃ i ]_w
[_w d̪ ai ʋ a m ]_w
[_w p a ʈː u m ]_w
[_w a n̪ a s ]_w
[_w e n̪ t̪ o ɾ u ]_w
[_w m a ʈː u ɭː a ]_w
[_w t̪ oː ʂ a m ]_w
[_w p a t̪ ɾ a j u m ]_w
[_w m aː r u n̪ː u ]_w
[_w t̪ a n̪ t̪ ɾ a ɳ ʈ ]_w
[_w ʋ e ʈ i ]_w
[_w oː h a ɾ i ]_w
[_w k uː k i ɭ ]_w
[_w k a ɭ i tʃː u ]_w
[_w ɟ iː ʋ i t̪ a ɾ a ]_w
[_w s t̪ʰ a l a m ]_w
[_w ɡ a ʋ i ]_w
[_w k j aː m p ]_w
[_w ɡ a ɳ ʈ a ]_w
[_w t̪ oː n̪ː i j a ]_w
[_w d̪ a n̪ r e ]_w
[_w t̪ a ɾ u n̪ː ]_w
[_w p u d̪ i j o ɾ u ]_w
[_w t̪ a k a ɾ t̪ː u ]_w
[_w n̪ i n̪ː u ɭː a t̪ ]_w
[_w a n̪ r e ]_w
[_w e pː oː ɻ u m ]_w
[_w m aː d̪ i ɾ i ]_w
[_w tʃ u mː aː ]_w
[_w a n̪ eː k a m ]_w
[_w u ɭː a t̪ ]_w
[_w d̪ oː ʈː u ]_w
[_w ɾ aː d̪ ɾ i ]_w
[_w a d̪ʱ a ʋ aː ]_w
[_w a ʈ u t̪ː i ʈ e ]_w
[_w b a pː aː j a ]_w
[_w e t̪ː i ]_w
[_w i kː aː s ]_w
[_w ʋ e ɭː a m ]_w
[_w i t̪ u b oː l e ]_w
[_w a m ɡ a m ]_w
[_w a ɲ tʃ ]_w
[_w j uː ɳ i j a n̪ ]_w
[_w p l oː ɡ i l e ]_w
[_w t̪ a ɾ u n̪ː u ]_w
[_w p uː ʈː i ]_w
[_w a ŋː i n̪ e ]_w
[_w d̪ u ʈ a ɾ u m ]_w
[_w t̪ e ɭ i ʋ ]_w
[_w bʱ i s i k s ]_w
[_w ɾ a m ɡ a m ]_w
[_w p u r a k i l ]_w
[_w k a r u t̪ː a ]_w
[_w a mː a j u ʈ e ]_w
[_w p uː ʈː ]_w
[_w u ɳ ʈ aː ʋ u m ]_w
[_w a t̪ i n̪ r e ]_w
[_w k a ɳ ʈ oː ]_w
[_w ʈ uː r i s a m ]_w
[_w t̪ a ɾ u m ]_w
[_w t̪ uː ŋː i ]_w
[_w s aː ɾ a m ]_w
[_w r ai ʈː ]_w
[_w p l aː kː ]_w
[_w p i s i n̪ a s s ]_w
[_w eː d̪ aː ɳ ʈ ]_w
[_w ɟ aː l a k a ɭ ]_w
[_w p eː ɾ u ʈ e ]_w
[_w k a ɾ u d̪ aː n̪ ]_w
[_w e ʈ u kː aː m ]_w
[_w s i kʰ ]_w
[_w k a ɭ i l e ]_w
[_w ʋ a n̪ː i ʈː ]_w
[_w s t̪ʰ a l a t̪ː ]_w
[_w b u ɾ aː ɳ a m ]_w
[_w o n̪ː aː j i ]_w
[_w ɡ l i kː ]_w
[_w bʱ aː m ]_w
[_w ɟ a n̪ a n̪ a ɲː a ]_w
[_w i ʋ a ɾ u ]_w
[_w t̪ eː ʃ iː j a ]_w
[_w aː t̪ i t̪ j aː ]_w
[_w k a ɳː a ʈ a ]_w
[_w s o s ai ʈː i l ]_w
[_w s a m ɡʱ a ʋ u m ]_w
[_w m i k a tʃː u m ]_w
[_w ʈ a l h i j i l ]_w
[_w ɾ oː k a m ]_w
[_w k a ɾ mː a ]_w
[_w ɾ a s a k t̪ i ]_w
[_w t̪ u ʈ a ɾ n̪ː u ]_w
[_w oː ɖ i ]_w
[_w p oː ɾ a ʈː e ]_w
[_w i t̪ i n̪ a ɲ tʃ ]_w
[_w p u l i ]_w
[_w ɾ a ʋ i n̪ t̪ ]_w
[_w tʃ a kː a ]_w
[_w m a ʈ a ŋː ]_w
[_w s a ŋ k a ʈ a m ]_w
[_w e n̪ d̪ i n̪ u m ]_w
[_w ʋ a l i j a ]_w
[_w a n̪ u bʱ a ʋ a m ]_w
[_w ʋ iː ʈː u ]_w
[_w n̪ aː ɭ u k a ɭ ]_w
[_w a ɻ i tʃː u ]_w
[_w m a k a ɭ ]_w
[_w k i ɭ i l ]_w
[_w p u r a t̪ː u m ]_w
[_w bʱ ɾ a m ]_w
[_w ʋ ai ʈː ]_w
[_w b u ɭ i ]_w
[_w i t̪ i n̪ aː ɳ ]_w
[_w ɖ a j a r i ]_w
[_w m a ʈː oː ]_w
[_w u t̪ aː ]_w
[_w bʱ aː ɡ a m ]_w
[_w a r i j a l ]_w
[_w b aː ɲː u ]_w
[_w p a k a ɾ a ɭ ]_w
[_w i t̪ e n̪ t̪ aː ]_w
[_w p i n̪ m o ɻ i ]_w
[_w e n̪ː aː ]_w
[_w ʋ i ʈ a t̪ː e ]_w
[_w a ɾ a j i l ]_w
[_w a r i j i tʃː u ]_w
[_w e n̪ː eː ]_w
[_w i ɾ u t̪ː i ]_w
[_w i ʋ a ɾ i j aː ɳ ]_w
[_w k a l a m ]_w
[_w i t̪ i n̪ a m ]_w
[_w bʱ aː ɾ a m ]_w
[_w t̪ eː tʃː u ]_w
[_w e n̪ː a d̪ u m ]_w
[_w p aː d̪ʱ i tʃː u ]_w
[_w ɡ aː ɻ tʃ a ]_w
[_w e ɻ u t̪ a ɳ a m ]_w
[_w p uː ʋ u m ]_w
[_w d̪ a l a ]_w
[_w ɾ a ɳ ʈ aː ]_w
[_w i d̪ i l eː r e ]_w
[_w tʃ e r i j a ]_w
[_w n̪ i r a j u m ]_w
[_w a ʈ a kː i ]_w
[_w aː n̪ ʈ ]_w
[_w ʈ e l i k oː m ]_w
[_w i ɾ u b a t̪ ]_w
[_w j u ʈ i e pʰ ]_w
[_w p a ʈː uː ]_w
[_w m i n̪ː a l e ]_w
[_w m a ɾ u n̪ː a ]_w
[_w p ɾ a m u kʰ a m ]_w
[_w k a ɾ a n̪ ]_w
[_w a b a k a ɾ a ɭ ]_w
[_w aː t̪ m iː j a ]_w
[_w l a bʱ i tʃː a t̪ ]_w
[_w aː ɾ aː ]_w
[_w a tʃʰː a n̪ e ]_w
[_w a t̪ i n̪ aː ]_w
[_w a lː aː t̪ː a ]_w
[_w a mː a j u m ]_w
[_w ʋ i k a s a n̪ a ]_w
[_w tʃ aː j a ]_w
[_w p oː s ʈː i l ]_w
[_w ɡ a ɳ ʈ i j i l ]_w
[_w t̪ a pː i ]_w
[_w k a ɳː aː ʈ i ]_w
[_w a pː oː ɭ ]_w
[_w bʱ eː d̪ a m ]_w
[_w b l oː k u ]_w
[_w s k uː ɭ i l ]_w
[_w k ɾ a m eː ʃ ]_w
[_w k a ɾ aː ɾ ]_w
[_w b a s i l ]_w
[_w p a r a j aː m ]_w
[_w s i ʈː i ]_w
[_w tʃ e j j u m ]_w
[_w m uː t̪ː a ]_w
[_w p eː ɾ u ɳ ʈ a ]_w
[_w s oː ʂ j a l ]_w
[_w r eː ʈ i j oː ]_w
[_w n̪ a mː a ɭ u m ]_w
[_w a t̪ i ɾ t̪ː i ]_w
[_w s b eː s ]_w
[_w i ʈ a d̪ ]_w
[_w p aː j a s a m ]_w
[_w p a k a ʈ a m ]_w
[_w ʈ ɾ eː ʈ ]_w
[_w p l oː k u m ]_w
[_w o ɾ u t̪ a ɾ a ]_w
[_w p o kː i ]_w
[_w d̪ u p aː j ]_w
[_w u ɳ ʈ aː j a d̪ ]_w
[_w l a pʰ i tʃː u ]_w
[_w tʃ e s ]_w
[_w i ɾ u b a d̪ ]_w
[_w p o ʈː i ]_w
[_w m a ʈː i l i l ]_w
[_w s aː d̪ʱ i tʃː a ]_w
[_w k u m aː ɾ aː ]_w
[_w pʰ aː k j a m ]_w
[_w i m e j i l ʋ eː ]_w
[_w p a n̪ t̪ ɾ a m e ]_w
[_w m a ʈː o ɾ u ]_w
[_w ʃ a l j a ]_w
[_w p u r a t̪ː ]_w
[_w r oː ʈ i l ]_w
[_w a ʋ a s a ɾ ]_w
[_w n̪ a ʋ a t̪ʰ i ]_w
[_w k a ɻ i j u m ]_w
[_w p ɾ i ʈː iː ʂ ]_w
[_w p oː ɾ ɖ ]_w
[_w i ʋ a ɾ u m ]_w
[_w k a ɾ ʂ a ʋ u m ]_w
[_w ʈ i ɟ i ʈː a l i ]_w
[_w b aː ʈ i lː a ]_w
[_w n̪ a n̪ m a m ]_w
[_w a t̪ ɾ a j u m ]_w
[_w b e ʈ ɾ oː ɭ ]_w
[_w i t̪ i n̪ o ɾ u ]_w
[_w t̪ a n̪ t̪ ɾ i ]_w
[_w oː ɡ a s ʈː ]_w
[_w n̪ i l a ʋ i l e ]_w
[_w ʋ a ɳ ]_w
[_w l oː k a t̪ː e ]_w
[_w ɾ a ɳ ʈ aː j a t̪ ]_w
[_w a s u kʰ a m ]_w
[_w a n̪ t̪ a n̪ ]_w
[_w aː n̪ ɖ ]_w
[_w ʋ i ɭ i tʃː a m ]_w
[_w t̪ u k a ]_w
[_w ɡ ɾ a n̪ ]_w
[_w tʃ eː ɾ n̪ː ]_w
[_w i n̪ː a l ]_w
[_w a t̪ u p oː l e ]_w
[_w tʃ e j j aː m ]_w
[_w b iː ɾ aː n̪ ]_w
[_w aː d̪ j a m ]_w
[_w a n̪ u m a t̪ a ]_w
[_w k a ʋ a ɾ ]_w
[_w s p eː s ]_w
[_w n̪ a m p a ɭ a m ]_w
[_w b aː ʈː u ]_w
[_w n̪ i ɾ a ʋ a t̪ʰ i ]_w
[_w ʃ a m b a ɾ ]_w
[_w k eː ʈː u ]_w
[_w n̪ e ʈː i l ]_w
[_w d̪ a n̪ː e j aː ]_w
[_w oː ɾ t̪ː u ]_w
[_w t̪ eː ʃ a ]_w
[_w l iː k ]_w
[_w p oː j oː ]_w
[_w n̪ i t̪ j a n̪ ]_w
[_w m aː t̪ i ɾ i ɲː u ]_w
[_w p e ɳ ɡ u ʈː i ]_w
[_w i t̪ e n̪ r e ]_w
[_w k a ɻ i tʃː u ]_w
[_w u k ɾ a n̪ ]_w
[_w i ʋ a ɾ a ]_w
[_w k eː ʈː oː ]_w
[_w u tʃː a t̪ː i l ]_w
[_w p l oː ɡ ]_w
[_w p u l a ɾ tʃː e ]_w
[_w a ʋ a ɾ u t̪ː i ]_w
[_w i ʋ a j i l ]_w
[_w u b u ɳ ʈ u ]_w
[_w ʋ aː ɡ j a m ]_w
[_w u k ɾ a n̪ d̪ʱ a m ]_w
[_w n̪ a m u kː ]_w
[_w ɟ a n̪ a d̪ a ]_w
[_w m a ɾ a ŋː a ɭ e ]_w
[_w m a t̪ː aː j i ]_w
[_w u n̪ː a t̪ ]_w
[_w kʰ u ɾ aː n̪ ]_w
[_w ʃ a ŋ k a ɾ ]_w
[_w a ʋ i ʈ u t̪ː e ]_w
[_w o ʈ u kː u m ]_w
[_w p aː ɾ kː i l ]_w
[_w ʋ a ɾ u t̪ː i ]_w
[_w m a n̪ a s ]_w
[_w i t̪ e lː aː m ]_w
[_w e s s ]_w
[_w i ʈ a j kː u ]_w
[_w tʃ e j j uː ]_w
[_w d̪ u ɭ a s i ]_w
[_w h u m ]_w
[_w bʱ ɾ aː n̪ t̪ a n̪ ]_w
[_w s t̪ ɾ iː k a ɭ ]_w
[_w k e ʈː i ]_w
[_w m a l a b aː ʈ ]_w
[_w k a ɾ a ɲː u ]_w
[_w a j j oː ]_w
[_w m aː d̪ i ɾ i k e ]_w
[_w p i n̪ː e ]_w
[_w a m p a t̪ u kː e ]_w
[_w n̪ eː ɾ u n̪ː a t̪ ]_w
[_w a ʋ i ʈ e ]_w
[_w d̪ʱ aː ɾ a m ]_w
[_w l a k ʂ a ɳ a m ]_w
[_w b e ʈː i ]_w
[_w ʋ a ɭ a ɾ n̪ː ]_w
[_w m oː ʂ a ɳ a ]_w
[_w p u r a k eː ]_w
[_w u ɭː a ʋ a ɾ e ]_w
[_w m a k a n̪ r e ]_w
[_w d̪ oː ɭ i l ]_w
[_w ʋ a ɻ i j i l e ]_w
[_w k a ɳ ʈ a ]_w
[_w n̪ a n̪ t̪ a n̪ a ]_w
[_w ʋ j aː ɟ a ]_w
[_w m u m b ai ]_w
[_w a d̪ i l u m ]_w
[_w m a ɲː u ]_w
[_w k aː n̪ d̪ʱ i ɟ i ]_w
[_w eː t̪ o ɾ u ]_w
[_w ɟ iː ʋ i t̪ a m ]_w
[_w t̪ i ɾ uː ɾ ]_w
[_w ɖ a j a l ]_w
[_w e n̪ t̪ i n̪ u m ]_w
[_w k ai kː uː l i ]_w
[_w u r a pː ]_w
[_w p i n̪ː e j u m ]_w
[_w ɖ ɾ eː ʈ ]_w
[_w n̪ iː t̪ i ]_w
[_w k i ʈː i j a d̪ ]_w
[_w b u t̪ i j o ɾ u ]_w
[_w m i n̪ i m a m ]_w
[_w tʃ eː ɾ n̪ː a ]_w
[_w j aː t̪ ɾ a ]_w
[_w ɟ iː ʋ i tʃː u ]_w
[_w p a l i ʃ a ]_w
[_w a m p a n̪ i ]_w
[_w ɟ a n̪ i tʃː u ]_w
[_w k e ʈː i j a d̪ ]_w
[_w ɡ aː ɳ u n̪ː u ]_w
[_w p u lː ]_w
[_w ʂ e j a ɾ ]_w
[_w m a n̪ u ʂ j a n̪ ]_w
[_w s a m bʱ a ʋ a m ]_w
[_w p ɾ a s i k a n̪ ]_w
[_w tʃ oː d̪ i tʃː ]_w
[_w b oː s ʈː i l ]_w
[_w p i n̪ t̪ u ]_w
[_w a t̪ j a n̪ t̪ a m ]_w
[_w k u r a tʃː u ]_w
[_w k e ʈː ]_w
[_w ʋ aː t̪ i l ]_w
[_w ʋ aː ŋː aː n̪ ]_w
[_w a bʱ i n̪ a j a ]_w
[_w k o ʈ u kː u ɡ a ]_w
[_w s au t̪ i ]_w
[_w k a ɻ i ɲː a ]_w
[_w ʋ a ɾ u n̪ː a t̪ ]_w
[_w i lː aː ]_w
[_w k a j j i l e ]_w
[_w pʰ iː s ]_w
[_w k a ʋ a ɾ u n̪ː u ]_w
[_w k a ɾ u d̪ i ]_w
[_w ʋ a lː j a ]_w
[_w a n̪ t̪ j a ]_w
[_w bʱ iː m a n̪ ]_w
[_w m a t̪ j a n̪ ]_w
[_w p a ʈ a ŋː a ɭ ]_w
[_w ɡ a ɾ u t̪ u k a ]_w
[_w i lː aː t̪ː a ]_w
[_w m aː ʋ eː l i ]_w
[_w ʃ aː s t̪ ɾ a ]_w
[_w k uː ʈ i ]_w
[_w b l aː kː ]_w
[_w ɡ a ɻ i j uː ]_w
[_w u ɭː a t̪ aː ɳ ]_w
[_w b aː tʃː i ]_w
[_w n̪ aː m ]_w
[_w n̪ eː ɖ aː n̪ ]_w
[_w t̪ a k ʂ i ɳ a ]_w
[_w ʈ ɾ eː ɖ ]_w
[_w ʋ i ʋ a ɾ e ]_w
[_w s ʋ a p n̪ a m ]_w
[_w ʋ i ʋ aː d̪ a m ]_w
[_w ʋ i ʃ ʋ a m ]_w
[_w b aː ʋ a m ]_w
[_w b a ɾ a n̪ː u ]_w
[_w b u ɻ a j u ʈ e ]_w
[_w p oː k aː m ]_w
[_w t̪ u ʈ a kː i ]_w
[_w n̪ a n̪ d̪ a m ]_w
[_w ʋ i t̪ a m ]_w
[_w k aː ɾ j a ]_w
[_w ʋ a ɾ i k a ]_w
[_w m i s ]_w
[_w k a t̪ː i ]_w
[_w k a j a ʈː i l ]_w
[_w k aː ɾ ʈ ]_w
[_w ɖ i ʋ i ]_w
[_w i ʋ a ɾ i lː a ]_w
[_w u m eː ʂ ]_w
[_w a t̪ u ʋ a ɻ i ]_w
[_w u j a ɾ t̪ː i ]_w
[_w aː k oː ɭ a ɟ i l ]_w
[_w o pː a m ]_w
[_w p eː ɾ i l u m ]_w
[_w k ai ʋ a ʃ a t̪ː ]_w
[_w ɡ eː s i l ]_w
[_w a t̪ oː ʈ e ]_w
[_w ʃ a ɾ i j i l ]_w
[_w a p a k a ɾ n̪ː u ]_w
[_w k aː ʈː i l ]_w
[_w m iː ʈː a ɾ ]_w
[_w k aː ʈː ]_w
[_w p oː j a ]_w
[_w a pː u ]_w
[_w m aː d̪ʱ j a t̪ a ]_w
[_w h oː ʈː a l ]_w
[_w k aː m u k a n̪ ]_w
[_w pʰ aː ʋ i ]_w
[_w k a m ]_w
[_w k a ɭː u ]_w
[_w p a ɳ ʈ o kː e ]_w
[_w b oː ɾ a ]_w
[_w e n̪ t̪ i n̪ aː j i ]_w
[_w a mː a j kː ]_w
[_w pʰ a s ʈː ]_w
[_w i ʂ ʈ aː j i ]_w
[_w a r i j i lː a ]_w
[_w k aː ɾ ]_w
[_w l a pʰ i tʃː a t̪ ]_w
[_w ʋ i t̪ː ]_w
[_w e n̪ː a d̪ u ]_w
[_w ʋ a ʈ a kː a n̪ ]_w
[_w ʋ e kː u k a ]_w
[_w ʂ aː pː i l ]_w
[_w t̪ u ɭ a s i ]_w
[_w b aː ʈ i ]_w
[_w e ɳː a ]_w
[_w a ʋ a ɾ oː ɖ ]_w
[_w t̪ a ʈ a j i l ]_w
[_w ʃ ʋ aː s a m ]_w
[_w b oː ʋ aː m ]_w
[_w ɡ a ʋ i j u m ]_w
[_w s ai kː i ɭ ]_w
[_w e n̪ː oː ʈ ]_w
[_w s n̪ eː h a m ]_w
[_w e n̪ t̪ aː ɳ u ]_w
[_w t̪ e ŋː i l ]_w
[_w p a l a t̪ u ]_w
[_w n̪ eː ʈː a m ]_w
[_w aː t̪ j a ]_w
[_w ɖ oː ɭ a ɾ ]_w
[_w ʋ a ʈ a kː u m ]_w
[_w n̪ i n̪ː u m ]_w
[_w p uː l oː ɡ a t̪ː e ]_w
[_w a b eː k ʂ a ]_w
[_w k aː l i l ]_w
[_w k a ɳː ]_w
[_w k a j a r u ]_w
[_w l a k ʂ a m a ]_w
[_w t̪ u r a n̪ː a ]_w
[_w ʋ eː ɾ u ɡ a ɭ ]_w
[_w ɡ u r a j u m ]_w
[_w ɡ aː n̪ t̪ i k a ]_w
[_w i ʋ a ɾ i ]_w
[_w s u ɟ i d̪ ]_w
[_w p a t̪ i n̪ aː l ]_w
[_w tʃ i ɾ i tʃː u ]_w
[_w n̪ i ŋː a ɭ ]_w
[_w k a ɳ a k ʂ a m ]_w
[_w t̪ i ʋ a s a m ]_w
[_w i t̪ a ɾ a ]_w
[_w ʋ j a ʋ a s a m ]_w
[_w ʋ i ʂ ɳ u ]_w
[_w aː ʃ a j a m ]_w
[_w o n̪ː a ɾ a ]_w
[_w i t̪ i l u m ]_w
[_w i ʈ a t̪ u ]_w
[_w k o l a ]_w
[_w t̪ i j a r i ]_w
[_w a r i j uː ]_w
[_w n̪ e ʈː i j a d̪ ]_w
[_w o ɭ i tʃː u ]_w
[_w m oː ɭ eː ]_w
[_w ɡ a ɳ ʈ i lː a ]_w
[_w ʋ a ɾ u n̪ː ]_w
[_w ɟ aː l a k a ɭ e ]_w
[_w m iː n̪ u k a ɭ ]_w
[_w s a pʰ a j u ʈ e ]_w
[_w k i ʈː i ]_w
[_w e n̪ː aː j i ]_w
[_w b ɾ a t̪ʰ a m a ]_w
[_w aː d̪ i t̪ j a ]_w
[_w p a k a l e ]_w
[_w p a k ʂ i k a ]_w
[_w i n̪ː u m ]_w
[_w p ɾ a bʱ a s a ɾ ]_w
[_w e ɻ u t̪ u n̪ː u ]_w
[_w a t̪ u ʋ a ɻ i kː ]_w
[_w ʋ a ɳ ʈ i ]_w
[_w ʃ i k ʂ a ]_w
[_w n̪ i r a ʋ u m ]_w
[_w o ɾ aː ɭ kː ]_w
[_w i ʈ a kː i ʈ e ]_w
[_w p u t̪ u ]_w
[_w tʃ eː ɾ u n̪ː u ]_w
[_w tʃ eː ʈː aː ]_w
[_w n̪ a j a ]_w
[_w n̪ oː kː i ]_w
[_w b a t̪ u kː e ]_w
[_w m u ŋː i ]_w
[_w p oː j i n̪ r ]_w
[_w ɾ oː ɡ a m ]_w
[_w ʋ i ʂ a m a m ]_w
[_w t̪ a k ʂ i k a ɭ ]_w
[_w ai t̪ i h j a m ]_w
[_w k aː l u ɡ a ɭ ]_w
[_w i d̪ u p oː l e ]_w
[_w k aː ɾ ʂ i k a ɭ ]_w
[_w ʋ i d̪ʱ a m ]_w
[_w ʃ ai l i j i l ]_w
[_w o ɾ i kː a l ]_w
[_w ʋ a n̪ ]_w
[_w e ŋ k i l u m ]_w
[_w tʃ u m a t̪ i ]_w
[_w k oː ʈ i ]_w
[_w l aː ɳ ]_w
[_w h aː ɭ i l ]_w
[_w b i n̪ d̪ u ]_w
[_w i n̪ː a t̪ː e ]_w
[_w i t̪ i l e ]_w
[_w bʱ ɾ a ɲ tʃ ]_w
[_w e n̪ i j kː u ]_w
[_w i t̪ i l uː ʈ e ]_w
[_w r a m a t̪ aː n̪ ]_w
[_w a pː aː ʈ e ]_w
[_w p aː ʈʰ a m ]_w
[_w a d̪ʱ i ɡ a ]_w
[_w t̪ a lː u ]_w
[_w i ʈ a b e ʈ a l ]_w
[_w a ʈ u t̪ː u ]_w
[_w e n̪ː i ʋ a ɾ e ]_w
[_w ɲ aː n̪ a lː a t̪ ]_w
[_w k a ɻ u k i ]_w
[_w n̪ i ŋː a ɭ u ]_w
[_w ʋ a j a ʈː i ]_w
[_w ʋ a l i tʃː u ]_w
[_w a m ɡ a t̪ː e ]_w
[_w n̪ a ʈ a kː u m ]_w
[_w m a d̪ʱ u ɾ a m ]_w
[_w ɡ aː ɾ ʂ i k a ]_w
[_w k u r i tʃː u m ]_w
[_w n̪ i ɾ a ʋ a d̪ʱ i ]_w
[_w ɖ i ɟ i ʈː a l ]_w
[_w m u ʈ a kː a n̪ ]_w
[_w p a ɳ i ]_w
[_w ɡ l aː s s ]_w
[_w d̪ a lː ]_w
[_w m a r a n̪ː u ]_w
[_w k a ɾ u t̪ aː n̪ ]_w
[_w k u ɳ a n̪ ]_w
[_w ʋ ai k i ]_w
[_w p a t̪ ɾ a ]_w
[_w b u r a t̪ː u m ]_w
[_w e ɻ u t̪ u k a m ]_w
[_w n̪ a ʈ a n̪ a ]_w
[_w e ɻ u t̪ i j a d̪ ]_w
[_w p e ʈː e n̪ː u ]_w
[_w k i ʈː u m oː ]_w
[_w n̪ a mː a ɭ ]_w
[_w ʋ i ʋ aː h a ]_w
[_w a k a l e ]_w
[_w t̪ e ʈː i ]_w
[_w s i ɡ n̪ a l ]_w
[_w ʋ ai s ]_w
[_w k o ɭ u t̪ː i ]_w
[_w o ɾ i kː a ʈː ]_w
[_w m a ɳ a l ]_w
[_w m a ɻ a j a ]_w
[_w ɡ oː ɳ ɡ ɾ a s ]_w
[_w l oː ɡ a t̪ː ]_w
[_w b a ʈː a m ]_w
[_w e n̪ː u ɭː a t̪ ]_w
[_w ɾ a m ɡ a t̪ i ]_w
[_w p oː ʋ u n̪ː a ]_w
[_w ʋ i bʱ aː ɡ a t̪ː e ]_w
[_w k iː r i ]_w
[_w b ɾ a s a m ]_w
[_w ʈ a j a l oː ɡ ]_w
[_w k l a b b i l ]_w
[_w a t̪ eː b a ʈ i ]_w
[_w d̪ʱ a ɾ i tʃː ]_w
[_w m aː ɾ ɡ a m ]_w
[_w k a ɾ ʂ a ]_w
[_w ɾ aː h u l ]_w
[_w ɟ ɲ aː n̪ a lː a ]_w
[_w n̪ eː ɾ e ]_w
[_w k i ʈː i j a t̪ ]_w
[_w bʱ aː ʂ a j u m ]_w
[_w k a m a n̪ r ]_w
[_w ʋ a j kː ]_w
[_w d̪ oː ʃ a ]_w
[_w ɡ a j a ʈː a m ]_w
[_w p a h a ɭ a m ]_w
[_w oː pʰ iː s i l ]_w
[_w e n̪ t̪ eː l u m ]_w
[_w pʰ aː ʋ a m ]_w
[_w ʋ i ʋ aː t̪ a m ]_w
[_w k a ɾ ʂ a k a ]_w
[_w ʋ aː ʈː ]_w
[_w e t̪ː u n̪ː a t̪ a ]_w
[_w n̪ aː j a k a n̪ ]_w
[_w k u ɳ a m ]_w
[_w e ʈ u t̪ː a ]_w
[_w ʋ i bʱ aː ɡ a m ]_w
[_w a ʋ a ɾ u ]_w
[_w l a pʰ i tʃː a ]_w
[_w b oː ʈ i ]_w
[_w uː ɾ ɟ ɟ a m ]_w
[_w a ʋ a ɾ u m oː ]_w
[_w l a h a ɾ i ]_w
[_w p a r a n̪ː ]_w
[_w kʰ aː n̪ ]_w
[_w ɡ a ɾ a m ]_w
[_w e ʈ i ʈː a ɾ ]_w
[_w s a b ]_w
[_w a d̪ i n̪ r e ]_w
[_w p ɾ a t̪ʰ a m a ]_w
[_w b a r a j u k a ]_w
[_w a ŋː oː ʈː u ]_w
[_w t̪ a l a j i l ]_w
[_w d̪ eː ʋ i ]_w
[_w p a ʈː i j e ]_w
[_w k u ɻ a pː a m ]_w
[_w p a k a ʈ a l ]_w
[_w k a ɳ ʈ i ʈː ]_w
[_w i ʈ u k a ]_w
[_w s e n̪ r ]_w
[_w b aː ʈʰ a m ]_w
[_w m aː r i j a t̪ ]_w
[_w ʋ i t̪ eː ʃ a ]_w
[_w ʋ e r u m o ɾ u ]_w
[_w ɡ u m aː ɾ aː ]_w
[_w a t̪ i n̪ a m ]_w
[_w m iː ʈ i j a ]_w
[_w s a bʱ a ]_w
[_w k j aː m a r a n̪ː ]_w
[_w b l oː k i l ]_w
[_w ʃ a l j a m ]_w
[_w ʋ i b l a ʋ a m ]_w
[_w tʃ i ɾ i j u m ]_w
[_w p i n̪ː i l ]_w
[_w ɖ a l h i j i l ]_w
[_w p i r a k i l ]_w
[_w a d̪ʱ i k aː ɾ a ]_w
[_w ʋ i m aː n̪ a m ]_w
[_w a ʋ a ɾ e ]_w
[_w s p e ʂ a l ]_w
[_w bʱ iː s ]_w
[_w p a ŋ k ]_w
[_w d̪ i ɾ i k e ]_w
[_w d̪ a ɳ u pː ]_w
[_w k eː ʈː a t̪ ]_w
[_w p ɾ i j a ]_w
[_w ʃ a ɾ i j aː ]_w
[_w p l oː ɡ u m ]_w
[_w ʋ a s t̪ ɾ a m ]_w
[_w t̪ a r a j u k a ]_w
[_w a d̪ u ʋ a ɾ e ]_w
[_w j aː d̪ ɾ aː ]_w
[_w ʃ a n̪ i ]_w
[_w ɡ a ɭ a ɾ n̪ː u ]_w
[_w ɡ a j a ʈː i l ]_w
[_w ʋ a ɳ ʈ i lː a ]_w
[_w n̪ i j a m a m ]_w
[_w p eː ɖ i ]_w
[_w p e r u kː i ]_w
[_w ɡ a ɳː a ʈ a ]_w
[_w b i r a k eː ]_w
[_w p a r a m p i l ]_w
[_w t̪ a ɳ u pː ]_w
[_w b eː ɾ ]_w
[_w eː t̪ aː ɳ ʈ ]_w
[_w a mː a ]_w
[_w i d̪ i n̪ a k s ]_w
[_w p ɾ a k ɾ i j a ]_w
[_w p a l a m u ʈ i ]_w
[_w p aː ŋ k i l ]_w
[_w ɡ a j a r u m ]_w
[_w o t̪ u ŋː i ]_w
[_w a t̪ a ŋː a ɭ kː ]_w
[_w e n̪ t̪ o kː e ]_w
[_w i ʈ u kː i ]_w
[_w n̪ aː l oː ]_w
[_w n̪ a ʈ a p a ʈ i ]_w
[_w tʃ u ʋ a ʈː i l ]_w
[_w a t̪ u t̪ a n̪ː e ]_w
[_w ʋ a ɾ ʂ a m ]_w
[_w ɡ u r a ɲː a ]_w
[_w i ɾ u n̪ː a t̪ ]_w
[_w r e ʈ i ]_w
[_w a p eː k ʂ a ]_w
[_w t̪ a ɳ a m ]_w
[_w o ɾ u t̪ː a n̪ ]_w
[_w o ɾ i ʈ a t̪ː ]_w
[_w kʰ a ʈ a n̪ ]_w
[_w tʃ a n̪ t̪ ɾ a m ]_w
[_w e t̪ː i j a t̪ i ]_w
[_w l a ʋ ]_w
[_w n̪ i r a tʃː u ]_w
[_w oː ɾ m a ]_w
[_w m a n̪ d̪ ɾ a n̪ ]_w
[_w a ʋ a ɭ ʈ e ]_w
[_w k u ɲː i n̪ e ]_w
[_w n̪ r e ]_w
[_w e ʈ u kː u m ]_w
[_w ɾ aː m a n̪ ]_w
[_w a l i ]_w
