[_w u m ɛ tʼ ɛ s ɑ d ]_w
[_w tʼ ɛ kʰ s tʼ i ]_w
[_w ɡ ɔ l i ]_w
[_w pʼ ɔ s tʼ i ]_w
[_w ɑ ɣ d ɛ s ]_w
[_w s pʰ ɛ ɾ ɔ ʃ i s ]_w
[_w i ɔ l ɑ d ]_w
[_w ɾ tʃ ɛ u l ]_w
[_w i s ɛ tʰ ]_w
[_w tsʼ ɔ d ɛ z ]_w
[_w m i i ɣ ɔ ]_w
[_w n ɑ tsʼ i l i ]_w
[_w m ɑ i kʼ l ]_w
[_w m ɑ z z ɛ ]_w
[_w i n kʼ ɛ b i s ]_w
[_w dʒ ɑ i s ]_w
[_w ɛ ɾ tʰ ɑ d ]_w
[_w ɛ d u ɑ ɾ d ]_w
[_w d ɑ ɾ tʃ ɛ b ɑ ]_w
[_w s ɑ ɑ ɡ ɛ n tʼ ɔ ]_w
[_w ʃ ɛ m d ɛ ɡ i ]_w
[_w ʃ i ɡ n i tʰ ]_w
[_w tʰ ɛ m ɑ z ɛ ]_w
[_w i kʰ n ɑ ]_w
[_w pʰ ɑ kʰ tʼ ɛ b i ]_w
[_w s kʼ ɔ l ɑ s ]_w
[_w m ɑ n kʰ ɑ n i s ]_w
[_w s ɔ n i ]_w
[_w pʼ ɔ ɾ tʼ i s ]_w
[_w tsʼ ɔ d ɛ b ɛ n ]_w
[_w s ɑ b tʃʼ ɔ s ]_w
[_w m ɛ tʼ ɾ s ɛ ]_w
[_w h ɑ ɛ ɾ ɔ ]_w
[_w m ɑ ɡ i ]_w
[_w tʼ i pʼ i s ]_w
[_w ʃ u ɑ ]_w
[_w d ɑ tʼ ɔ v ɑ ]_w
[_w m ɑ l ɛ ]_w
[_w ɛ pʼ ɔ kʰ ɑ ʃ i ]_w
[_w ɡ ɑ d ɑ tsʼ qʼ d ɑ ]_w
[_w pʼ ɾ ɔ ts ɛ s s ]_w
[_w tʰ ɑ n ɑ b ɑ ɾ ɑ ]_w
[_w ɛ l ɛ n ɛ ]_w
[_w x ɑ l x ɔ ]_w
[_w ʃ ɛ d ɛ ɡ ɛ b z ]_w
[_w x ɔ m ]_w
[_w tʰ x ɛ v ɑ d i ]_w
[_w ɡ v i ɑ n tʰ i ]_w
[_w b ɑ tʼ ɔ n ɔ ]_w
[_w kʼ ɑ ɣ ɛ tʰ i s ]_w
[_w s ts ɛ n ɑ z ɛ ]_w
[_w u ɑ x l ɔ ɛ s i ]_w
[_w s i tʼ qʼ v i s ]_w
[_w s ɑ ɑ tʰ i ]_w
[_w pʰ ɑ ɾ tʰ ɔ b i ɑ ]_w
[_w s tsʼ ɔ ɾ ɑ d ]_w
[_w v i d ɛ ɔ ]_w
[_w pʼ ɛ ɾ i ɔ d i ]_w
[_w ɾ ɑ i m ɛ ]_w
[_w ɑ ɾ s ɛ b i ]_w
[_w pʼ ɔ ɛ z i i s ]_w
[_w s ɑ m i v ɛ ]_w
[_w ɡ ɑ ɾ d ɑ ]_w
[_w pʼ i ɾ i ]_w
[_w pʰ i l m ʃ i ]_w
[_w i ɾ ɑ kʼ l i ]_w
[_w dʒ ɡ u pʰ ɛ b i s ]_w
[_w m ɔ u tsʼ i ɑ ]_w
[_w s x d ɔ m ɑ s ]_w
[_w n ɑ tsʼ i l ɛ b i ]_w
[_w pʼ ɔ l i ts i i s ]_w
[_w x ɑ s i ]_w
[_w pʰ i ɡ u ɾ ɑ m ]_w
[_w z ɔ ɡ ]_w
[_w tsʼ ɛ ɾ i tʰ ]_w
[_w ɑ s ɛ tʰ i s ]_w
[_w tʼ i pʼ i ]_w
[_w x ɔ m ɑ l d i ]_w
[_w tʰ ɑ ɣ ɔ v ɑ n i ]_w
[_w s x v ɑ z ɛ ]_w
[_w ɑ ɾ tʃ ɛ u l i ]_w
[_w kʰ ɑ l ɑ kʰ ɔ ]_w
[_w m ɑ ɾ tʰ l i ]_w
[_w ʃ ɛ u dz l i ɑ tʰ ]_w
[_w m i ɣ ɛ b s ]_w
[_w m ɑ tʼ tʃ ʃ i ]_w
[_w m d i n ɑ ]_w
[_w ɾ ɛ ɡ i ɔ n i ]_w
[_w z ɑ ɾ tʰ u l ]_w
[_w ɛ v ɾ ɔ pʼ u l ]_w
[_w dʒ ɔ ɾ dʒ ]_w
[_w m ɛ tʼ ɾ i s ]_w
[_w m ɔ u tʼ ɑ n ɑ ]_w
[_w tʼ u ɾ ʃ i ]_w
[_w ɑ d ɡ i l ɛ ]_w
[_w ts v l i l ɛ b i ]_w
[_w n ɛ b ɑ ]_w
[_w i kʰ n ɛ b ɔ d ɑ ]_w
[_w n ɔ b ɛ b i ]_w
[_w x ɑ l x tʰ ɑ ]_w
[_w m ɑ i n ts ]_w
[_w ɑ i ts u l ɑ ]_w
[_w ʃ ɛ s ɾ u l i ]_w
[_w tsʼ i ɡ n i tʰ ]_w
[_w s ɔ m ɑ ]_w
[_w m ɑ s ɾ ɑ ]_w
[_w v ɛ l i ]_w
[_w tʰ ɑ v i ]_w
[_w tʼ ɾ ɑ d i ]_w
[_w b u ɾ tʰ i ]_w
[_w i x m ɑ ɾ ɛ ]_w
[_w pʼ i ɾ s ɛ ]_w
[_w s ɑ pʰ ɾ tʰ x ɛ z ]_w
[_w d ɾ ɔ ʃ i ]_w
[_w m tʰ ɑ v ɑ ɾ m ɑ ]_w
[_w i m ɛ ɾ ]_w
[_w kʰ s ɛ l i s ]_w
[_w ɡ ɑ m ɔ dz ɑ n ɑ ]_w
[_w ts ɛ kʼ v i z ]_w
[_w m tʰ ɑ ]_w
[_w m ɔ ɛ tsʼ qʼ ɔ ]_w
[_w m u s ɛ u m i ]_w
[_w m i s ]_w
[_w n i m u ʃ i ]_w
[_w kʼ ɔ m i tʼ ɛ tʼ i ]_w
[_w tsʼ l ɛ b ʃ i ]_w
[_w h kʰ v i ɑ ]_w
[_w m i l ɑ n i z ]_w
[_w x ɛ ɔ b i s ]_w
[_w tsʼ ɛ ɾ s ]_w
[_w ɡ ɛ ɡ m i z ]_w
[_w ɾ ɛ ɡ i ɔ n s ]_w
[_w pʼ ɛ ɾ u ]_w
[_w s ɑ kʼ i tʰ x v ɑ ]_w
[_w i ts l ɛ v d ɑ ]_w
[_w pʰ ɑ kʰ tʼ ɔ ɾ i ]_w
[_w ɑ ɡ ɾ ɛ tʰ i s ]_w
[_w m i tsʼ ɛ b i ]_w
[_w ɡ v ɛ ɾ d i tʰ i ]_w
[_w m tsʼ v ɑ n ɛ ]_w
[_w kʼ ɔ l x u ɾ i ]_w
[_w tsʼ v ɾ i l i s i ]_w
[_w dz ɔ l i ]_w
[_w ɑ ʃ ʃ ]_w
[_w ɡ ɑ d ɑ i x ɔ ]_w
[_w pʰ i l m ɛ b ʃ i ]_w
[_w ɡ u n d m ɑ ]_w
[_w m ɑ tʰ z ɛ ]_w
[_w pʰ u n kʰ ts i ɑ ]_w
[_w n ɑ tsʼ i l ɛ ]_w
[_w ɾ u s u l i ]_w
[_w i kʰ ɔ n i ɑ ]_w
[_w ɑ x ɛ b ɑ ]_w
[_w tsʼ qʼ n ɑ ɾ ]_w
[_w m ɛ ɔ ɾ ɛ z ]_w
[_w kʼ ɑ ɾ s tʼ u l i ]_w
[_w ɑ x ɑ l i ɑ ]_w
[_w tʰ ɑ ɔ b ɑ s ]_w
[_w ɑ pʼ ɾ i l i ]_w
[_w ɡ ɑ s ɛ tʰ i ɑ ]_w
[_w kʰ ɑ l ɛ b i s ]_w
[_w kʰ ɾ i s ]_w
[_w u qʼ v ɑ ɾ l i s ]_w
[_w z ɔ pʰ l ɔ ]_w
[_w ɑ s u l i ɛ ɾ i ]_w
[_w ts i s ]_w
[_w v ɑ tʃʼ ɾ ɔ b i s ]_w
[_w b ɑ tʰ u m i ]_w
[_w ɾ ɑ s ]_w
[_w v pʰ i kʰ ɾ ɔ b ]_w
[_w ɔ ts n ɛ b i s ]_w
[_w m ɑ i n dz ]_w
[_w x ɑ z i ɑ tʰ i ]_w
[_w tʰ i tʰ kʰ ɔ s ]_w
[_w n i ʃ ɑ n i ]_w
[_w tʼ ɛ n i ɑ ]_w
[_w m i ɑ tʼ ɔ v ɑ ]_w
[_w tʃ ɑ i ɾ i ]_w
[_w m ɔ i tʰ x ɔ v s ]_w
[_w i ɡ i v ɛ ]_w
[_w x ɔ l ɔ d ]_w
[_w ɾ tʰ u l ʃ i ]_w
[_w b ɛ ɾ l i n i s ]_w
[_w kʰ ɑ n ɛ b i s ]_w
[_w x ɑ tʼ i s ]_w
[_w m ɑ s ʃ i ]_w
[_w tsʼ ɑ ɾ s u l i ]_w
[_w kʼ ɑ v ʃ i ɾ ʃ i ]_w
[_w ɛ ɾ ɛ kʼ l ɔ ]_w
[_w ɛ v ɾ ɔ ]_w
[_w ʃ tʼ ɑ tʼ ɛ b ʃ i ]_w
[_w h kʰ ɔ n i ɑ ]_w
[_w n ɑ tsʼ i l ɑ d ]_w
[_w ɛ ɾ ɛ b ɑ ]_w
[_w ɔ tʰ ɑ x ʃ i ]_w
[_w s pʼ ɑ ɾ s u l i ]_w
[_w dʒ ɑ u qʼ ɑ ɾ ɑ ]_w
[_w tʃ ɛ l z i s ]_w
[_w s ɑ s ɑ ]_w
[_w m ɑ i ɑ ]_w
[_w i tʼ ɑ l i ɑ ʃ i ]_w
[_w s ɑ dʒ ɑ ɾ ɔ ]_w
[_w s tʼ u d i u ɾ i ]_w
[_w kʼ u n dz u l z ɛ ]_w
[_w d ɛ d ɑ s ]_w
[_w m i s n i tʰ ]_w
[_w tʰ ɔ m ɑ s ]_w
[_w pʼ ɔ ɾ tʼ u l i ]_w
[_w ɾ ɔ m ɛ l tʰ ɑ ]_w
[_w ɣ ɔ m ɑ l d i ]_w
[_w ɑ ɣ ɛ b u l ]_w
[_w ɡ ɔ ɑ ]_w
[_w ɾ ɑ m d ɛ ]_w
[_w v ɛ ɾ dz ɣ l i z ]_w
[_w ɡ ɑ ɣ l ɑ v tʰ ]_w
[_w b ɑ v ʃ v i ]_w
[_w pʼ i ɾ i kʰ i tʰ ]_w
[_w ʃ ɔ tʰ ɑ ]_w
[_w m ɔ m ɛ n tʼ ʃ i ]_w
[_w ɑ ɾ i s ]_w
[_w m ɔ s ɛ ]_w
[_w m ɛ ts x ɾ ɛ ]_w
[_w m u ʃ ɑ v ɛ ]_w
[_w b ɔ ɾ i s ]_w
[_w i ʃ v i ɑ tʰ ɑ d ]_w
[_w ɑ pʰ x ɑ z ɛ tʰ ]_w
[_w ɑ ɑ ɡ ɔ ]_w
[_w ʃ v i l i ]_w
[_w m kʰ ɔ n d ɑ tʰ ]_w
[_w s tsʼ ɔ ɾ ɛ d ]_w
[_w z ɔ m ɛ x i ]_w
[_w s u ɾ ɑ b ]_w
[_w qʼ v ɛ l ɑ s ɛ ]_w
[_w s i v ɾ dz ɛ ʒ i ]_w
[_w u qʼ v ɑ ɾ s ]_w
[_w s u ɡ d i d ʃ i ]_w
[_w m ɔ i qʼ v ɑ n ɑ ]_w
[_w s x v i d ɑ ]_w
[_w m ɛ d l ɛ b i ts ]_w
[_w b ɑ tʰ u m i s ]_w
[_w ɾ ɛ pʰ ɔ ɾ m i z ]_w
[_w i v n i s i s ]_w
[_w v ɑ ɾ i ]_w
[_w m i s tʰ v i s ]_w
[_w kʰ u tʰ ɑ i s i s ]_w
[_w l ɑ m ɑ z ]_w
[_w tsʼ qʼ ɑ l ʃ i ]_w
[_w ts ɑ l kʼ ɛ u l ]_w
[_w u tsʼ ɛ v d ɑ ]_w
[_w i ɑ ɾ ɑ ]_w
[_w s tʃʼ i ɾ d ɛ b ɑ ]_w
[_w tʰ ɑ m ɑ ʒ ɑ ]_w
[_w ɑ u s i ]_w
[_w ɛ ɾ tʰ ɛ ɾ tʰ ]_w
[_w b ɔ l n i s i s ]_w
[_w ɡ ɑ ɾ ɛ d ɑ n ]_w
[_w pʼ i ɾ v ɛ l ɑ ]_w
[_w ɑ tʃʼ ɑ ɾ ɑ ]_w
[_w b ɔ b ]_w
[_w l i tʰ ɔ n i s ]_w
[_w ɛ kʼ l ɛ ]_w
[_w ɛ n ɛ ɾ ɡ i i s ]_w
[_w pʰ ɔ ɾ m i s ]_w
[_w ɡ ɑ n ɑ ɣ m ɑ d ]_w
[_w m i z ɑ n i ]_w
[_w tʃʼ u ɾ tʃʼ ɛ l i ]_w
[_w d ɑ i n i ʃ n ɑ ]_w
[_w u ɑ ɣ l ɛ z ]_w
[_w m x ɑ ɾ ɛ s ]_w
[_w tʼ ɔ m ɛ b i ]_w
[_w v ɛ ɾ dz ɣ i ]_w
[_w tsʼ ɑ v i d ɑ n ]_w
[_w m i tsʼ ɑ ]_w
[_w kʰ ɑ ɾ tʰ u l i ]_w
[_w tʼ ɑ ts ɾ i ]_w
[_w kʰ u tʃ ɛ b ʃ i ]_w
[_w ɑ ɾ kʰ i i s ]_w
[_w h ɛ n ɾ i ]_w
[_w ɛ kʼ ɑ v ɑ ]_w
[_w i ɾ dʒ ɛ v z ]_w
[_w ɛ ɾ ɔ v n u l i ]_w
[_w kʼ ɑ v ʃ i ɾ i ]_w
[_w d ɾ ɔ ʃ ɑ ]_w
[_w v ɑ s i z ]_w
[_w kʼ ɾ ɛ b i s ]_w
[_w ɑ ɾ ɑ m ɑ ]_w
[_w ɡ m i ɾ i s ]_w
[_w b i s ɑ n tʼ i ɑ ]_w
[_w ɡ ɑ l ɑ v i s ]_w
[_w tsʼ l i s ]_w
[_w m s ɑ d ]_w
[_w tsʼ qʼ ɑ ɾ ɔ ]_w
[_w ʃ i ɡ n i s ]_w
[_w ts ɛ ɡ l ɛ b i s ]_w
[_w tʃ ɑ n s ]_w
[_w i ɾ ɑ n i ]_w
[_w m tʼ kʼ v ɑ ɾ i ]_w
[_w x v tʰ ɑ ɛ b ɑ ]_w
[_w n ɑ tsʼ i l ʃ i ]_w
[_w z i kʼ v d i l i ]_w
[_w b ɛ v ɾ ]_w
[_w ɡ z i tʰ ]_w
[_w v i n m ɛ s ]_w
[_w ɑ l b ɔ m ʃ i ]_w
[_w ʃ ɛ n s ]_w
[_w ʃ ɛ i tʼ ɑ n ɛ s ]_w
[_w s i tʰ x i ]_w
[_w m ɔ v i d ɑ ]_w
[_w ɾ ɔ m ɑ u l i ]_w
[_w v ɛ l s ɛ ts ]_w
[_w kʰ s ɛ l i z ]_w
[_w dz ɛ ɡ l i ]_w
[_w ɡ ɑ ɾ ɛ m ɔ s ]_w
[_w h ɡ ɑ v s ]_w
[_w s i m b ɔ l ɔ ɑ ]_w
[_w kʼ v l ɛ v i s ]_w
[_w i ɑ n v ɾ i s ]_w
[_w ɑ d i ɡ ɛ n i s ]_w
[_w tsʼ i ɡ n ɛ b i ]_w
[_w l ɛ kʰ s ɛ b i ]_w
[_w m ɛ pʰ i s ]_w
[_w pʼ ɔ l ]_w
[_w v u l kʼ ɑ n i s ]_w
[_w ɑ x ɑ l ]_w
[_w d i d ɑ ɾ i ]_w
[_w i ts ɑ v s ]_w
[_w ts x ɔ v ɾ ɔ b ɑ ]_w
[_w pʼ ɾ ɛ m i ɑ ]_w
[_w ɡ v ɛ ɾ d i tʰ ]_w
[_w s ɔ l ɔ ]_w
[_w tʃʼ i ɑ tʰ u ɾ i s ]_w
[_w s ɔ n i s ]_w
[_w s x v ɑ tʰ ɑ ]_w
[_w m u x ɑ ]_w
[_w s u pʰ tʰ ɑ ]_w
[_w ɑ d ɾ ɛ ]_w
[_w i ɡ i ]_w
[_w u i l i ɑ ɾ d i ]_w
[_w ʃ ɔ ɾ ɛ u l ]_w
[_w u ɑ ɾ i ]_w
[_w dz ɛ ɡ l i s u ɾ ]_w
[_w m tʰ ɑ s ɛ ]_w
[_w n ɑ kʼ ɾ ɛ b ʃ i ]_w
[_w qʼ ɔ pʰ n i s ]_w
[_w kʰ ɑ l z ]_w
[_w i n tʼ ɛ ɾ ɛ s z ]_w
[_w d ɑ ɾ tʼ qʼ l i s ]_w
[_w m ɛ tʼ tsʼ i l ɑ d ]_w
[_w ɑ n tʼ i kʼ u ɾ ]_w
[_w s ɑ ʃ i ]_w
[_w tsʼ ɛ ɾ i l i ]_w
[_w ʃ ɾ ɔ m ɑ u l ]_w
[_w tʰ ɑ v i s ]_w
[_w dʒ ɡ u pʰ ɛ b i ]_w
[_w ɛ qʼ ɾ d n ɔ b ɑ ]_w
[_w m tʰ ɑ v ɾ ɔ ]_w
[_w ɑ d ɡ i l i ]_w
[_w m z ɑ x i tʰ ]_w
[_w tsʼ n ɛ v i s ]_w
[_w pʼ ɑ ɾ tʼ i n ]_w
[_w kʼ l u b i ]_w
[_w s ɑ ɾ tʼ qʼ m ɑ ]_w
[_w v ɑ ɾ ]_w
[_w s ɑ pʰ ɾ tʰ x ɛ l ]_w
[_w s ɑ ɣ i ɔ b i ]_w
[_w ɛ l ɛ kʰ tʼ i ]_w
[_w m ɔ v l ɛ n ɑ ]_w
[_w s ɑ ɣ l i ]_w
[_w m ɔ kʼ l ɛ ]_w
[_w s s ɾ kʼ ]_w
[_w v ɛ ɾ s i i tʰ ]_w
[_w ɔ d ɛ n ɔ b i ɑ ]_w
[_w ɔ ɾ i v ɛ ]_w
[_w ʃ ɛ m ɔ i x ɔ ]_w
[_w tʰ b i l i s ]_w
[_w i ɾ tʃ ɛ v s ]_w
[_w u pʰ ɾ ɔ ]_w
[_w m ɑ m ɑ m i s ]_w
[_w pʰ i l m ɛ b i ]_w
[_w tʼ qʼ i s ]_w
[_w m ɔ x d ɑ ]_w
[_w ɑ ɾ ɑ s ɔ d ɛ s ]_w
[_w ɡ ɑ x ɑ d ɑ ]_w
[_w ɑ v tʼ ɔ ɾ s ]_w
[_w ts x ɾ i l ʃ i ]_w
[_w ɑ ɾ ɑ pʰ ɛ ɾ s ]_w
[_w ɑ m b ɛ b i ]_w
[_w ɑ n tʼ ɔ n i ]_w
[_w ɾ i ts x v i s ]_w
[_w ɛ ɾ tʰ i ]_w
[_w x ɛ l i s ]_w
[_w i kʰ ts ɛ v ɑ ]_w
[_w ɑ ɾ ɑ ɑ ]_w
[_w kʼ i ɛ v i s ]_w
[_w tsʼ ɛ s ɛ b i s ]_w
[_w tʰ i tʰ ɔ ɛ u l i ]_w
[_w s u ɾ s ]_w
[_w dʒ i n u ɾ ]_w
[_w ɑ s ɾ i tʰ ]_w
[_w d ɾ ɔ ʃ i s ]_w
[_w tʼ b ɑ ]_w
[_w m ɔ ts u l ɔ b ɑ ]_w
[_w i n tʼ ɛ ɾ ɛ s s ]_w
[_w m ɑ kʰ v s ]_w
[_w kʰ ɑ l ɛ b i ]_w
[_w dz ɛ ɡ l i ɑ ]_w
[_w s ɑ u b ɑ ɾ i ]_w
[_w m ɔ i ɡ ɔ ]_w
[_w i ɣ ɛ b s ]_w
[_w m ɔ x d ɛ s ]_w
[_w ɑ ɾ dʒ ɛ u l ]_w
[_w ɛ b ɾ ɑ u l i ]_w
[_w ʃ ɛ tʼ ɑ n i l i ]_w
[_w s ɑ b ɑ z ɾ i ]_w
[_w ʃ ɛ ts l ɛ s ]_w
[_w i l i ɑ ]_w
[_w ɔ l kʰ s ]_w
[_w ɛ n ɛ b s ]_w
[_w tʰ u ɾ m ɛ ]_w
[_w s x v ɛ v ɑ ]_w
[_w ʃ ɾ ɔ m ɑ n i ɑ ]_w
[_w tʼ ɑ x tʼ z ɛ ]_w
[_w ɛ kʼ l ɛ s ]_w
[_w ts ɛ n tʼ ɾ i s ]_w
[_w ɑ i ɣ ɛ z ]_w
[_w ɑ v tʼ ɔ ɾ i ]_w
[_w m u ʃ ɑ ɔ s ]_w
[_w pʰ ɾ ɛ n kʼ ]_w
[_w v ɛ l s ɛ ]_w
[_w ɑ ɡ ɾ ɛ tʰ v ɛ ]_w
[_w x v d ɑ ]_w
[_w m ɔ ts ɾ ɑ v i ]_w
[_w tʰ ɑ v ʃ i ɾ s ]_w
[_w s ɑ x i s ]_w
[_w m i n d ɑ ]_w
[_w dz ɛ kʼ v i s ]_w
[_w m ɛ ɛ kʰ v z i ]_w
[_w kʰ m n i s ]_w
[_w ɡ ɑ ɣ d ɛ s ]_w
[_w i v ɾ i s ]_w
[_w ɛ ɾ tʰ ]_w
[_w tʰ v ɑ l i ]_w
[_w ɔ l kʰ i ]_w
[_w m ɑ tʰ ɡ ɑ n s ]_w
[_w i s i n i ]_w
[_w s u ɾ ɑ tʰ i ]_w
[_w ʃ ɛ m ɑ v ɑ l ]_w
[_w m ɔ kʰ ts ɛ u l i ]_w
[_w ɛ ɾ tʰ n ɑ i ɾ i ]_w
[_w ɛ l ɛ m ɛ n tʼ i ]_w
[_w x ɑ n i ]_w
[_w ts u d ɑ d ]_w
[_w m tʰ l i ɑ n ]_w
[_w x ɑ z i ]_w
[_w n ɑ ts v l ɑ ]_w
[_w b ɛ v ɾ i ]_w
[_w kʰ ɑ ɾ tʰ l i ]_w
[_w ɡ ɑ m ɔ qʼ ɔ pʰ ɑ ]_w
[_w x ɛ ɔ b ɑ ʃ i ]_w
[_w pʼ i ɾ v ɛ l ɑ d ]_w
[_w ɑ n i tʃʼ ɛ b s ]_w
[_w ʃ tʼ ɑ tʼ ɛ b ɑ ]_w
[_w n ɑ kʼ l ɛ b ɑ ]_w
[_w ʃ v ɛ d ɛ tʰ ʃ i ]_w
[_w ɑ ɾ ts ɛ ɾ tʰ i ]_w
[_w x m ɛ ɾ tʰ i ɑ n ]_w
[_w ɔ l i m pʼ i u ɾ ]_w
[_w ɡ ɑ ɑ tʼ ɑ ɾ d ɑ ]_w
[_w u ts x ɔ ]_w
[_w kʼ l d i s ]_w
[_w tsʼ ɛ ɾ i l ʃ i ]_w
[_w tʰ i ɑ n i ]_w
[_w z ɑ ɛ ɾ tʰ ɔ d ]_w
[_w s ɑ m tʰ ɑ ɾ ʃ i ]_w
[_w b ɑ v ʃ v ɔ ]_w
[_w pʰ ɛ s v ɛ b i ]_w
[_w x v tʰ i s ]_w
[_w ɛ ɾ i s ]_w
[_w ɑ ɾ ɛ ɑ ]_w
[_w b i b l i ɑ ]_w
[_w ɾ u s i i z ]_w
[_w tʼ u ɾ n i ɾ ʃ i ]_w
[_w ɑ ɾ ɑ z ɛ ]_w
[_w tʼ ɔ l i ɑ ]_w
[_w s tʼ ɑ tʼ i ]_w
[_w i s ɛ v ɛ ]_w
[_w ɑ ʃ ʃ s ]_w
[_w ɡ v ɑ kʰ v s ]_w
[_w m ɛ ɔ dz ɛ ]_w
[_w ɑ l pʼ ɛ b i s ]_w
[_w ɑ s i ɑ ]_w
[_w ɑ tʰ ɑ s ɑ m d ɛ ]_w
[_w l ɑ u ɾ ɛ ɑ tʼ i ]_w
[_w n i ʃ n ɛ s ]_w
[_w kʰ ɑ ɾ tʰ u l i s ]_w
[_w m ɔ ɾ i ɡ i ]_w
[_w s ɑ kʼ u tʰ ɑ ɾ ]_w
[_w n ɑ ɣ ɑ ]_w
[_w m ɔ m u ʃ ɑ tʰ ɑ ]_w
[_w s tʼ i l ʃ i ]_w
[_w ɡ u l i ]_w
[_w n i tʃʼ i ]_w
[_w tʼ ɔ m ]_w
[_w ɑ n ɡ ɑ ɾ i ʃ i ]_w
[_w ɾ ɔ kʼ i s ]_w
[_w h ɑ ɾ i ]_w
[_w m ɛ pʰ ɛ tʰ ɑ ]_w
[_w ɡ i tʼ ɑ ɾ ɑ ]_w
[_w x ɑ n ʃ i ]_w
[_w ɑ l b ɛ ɾ tʼ ]_w
[_w m ɛ pʰ ɔ s ]_w
[_w ɑ l qʼ ɑ ]_w
[_w pʼ ɔ ɾ tʼ ɾ ɛ tʼ i ]_w
[_w kʼ l ɔ d ]_w
[_w m ɔ s ɾ d i l ɔ ]_w
[_w v ɛ ɾ ɑ v i z ]_w
[_w n ɑ x ɑ ]_w
[_w b ɑ v ʃ v tʰ ɑ ]_w
[_w ɛ v ɾ ɔ pʼ ɑ ʃ i ]_w
[_w i kʰ m n ɛ b ɑ ]_w
[_w b ɑ tʰ u m ʃ i ]_w
[_w m ɑ ɾ tʃ n i s ]_w
[_w ɡ ɔ ɡ ɔ ]_w
[_w d i s kʼ i ]_w
[_w ɡ ɔ ɡ ɔ n ɑ ]_w
[_w m ɛ kʰ s i kʼ ɑ ]_w
[_w d ɑ ɑ m qʼ ɑ ɾ i ]_w
[_w s tʼ u d i ɑ ʃ i ]_w
[_w tsʼ l ɛ b i ]_w
[_w b ɛ v ɾ ɑ d ]_w
[_w kʼ ɛ d ɛ l ʃ i ts ]_w
[_w s i ɡ ɾ ts ɛ l i ]_w
[_w i m ɑ s ɛ ]_w
[_w s tsʼ ɑ v l ɔ b s ]_w
[_w m tʰ v ɑ ɾ ɛ ]_w
[_w ɛ s ɛ ts ]_w
[_w ʃ ɛ ɛ x ɛ b i ]_w
[_w pʼ ɾ ɔ ɛ kʰ tʼ i s ]_w
[_w ɑ ts l ɛ v d ɑ ]_w
[_w ɑ ɾ dz ɛ ɾ tʰ i ]_w
[_w m ɔ ɣ v ɑ tsʼ ɛ ]_w
[_w i qʼ ɔ z ]_w
[_w ʃ ɛ n ]_w
[_w ɡ ɑ i ɡ ɔ ]_w
[_w ts ɛ ts x l i s ]_w
[_w m i l ɑ n i s ]_w
[_w b ɑ s ɑ z ɛ ]_w
[_w tsʼ ɛ s i s ]_w
[_w m ts v ɛ l ɑ s ɛ ]_w
[_w ɾ ɔ ɡ ɔ ɾ ts ]_w
[_w m ɔ ɑ tsʼ ɛ ɾ i ]_w
[_w ɔ pʼ ɛ ɾ ɔ ]_w
[_w b ɛ v ɾ i ɑ ]_w
[_w ɑ kʰ tʼ i ]_w
[_w kʼ ɑ ɣ ɛ tʰ ʃ i ]_w
[_w s ɾ u l ɑ ]_w
[_w s ɔ x u m i s ]_w
[_w kʼ ɾ ɛ b ʃ i ]_w
[_w kʼ v ɛ b ɛ b ɑ ]_w
[_w s x ɛ u l i ]_w
[_w i tsʼ qʼ ɛ b i s ]_w
[_w pʼ i ɾ v ɛ l i ]_w
[_w i s tʼ ɔ ]_w
[_w i tsʼ v ɛ v s ]_w
[_w ɑ s ɛ tʰ ]_w
[_w tʰ ɛ ɔ ɾ i i s ]_w
[_w ʃ ɛ d ɡ ɛ b ɑ ]_w
[_w s ɑ b ɑ v ʃ v ɔ ]_w
[_w m ɛ tʼ ɾ i ]_w
[_w ɔ kʼ ɛ ɑ n ɛ ʒ i ]_w
[_w ɑ ɾ x i s ]_w
[_w i dz i ɑ ]_w
[_w pʼ ɑ tʼ ɑ ɾ d ɑ ]_w
[_w ts x ɛ n i ]_w
[_w ɡ u n d z ]_w
[_w ɾ ɑ m d ɛ n ɑ d ]_w
[_w kʼ ɑ n i s ]_w
[_w m i ɛ x ɔ ]_w
[_w ɾ ɑ m d ɛ n i ]_w
[_w b ɾ ts ɔ d ɑ ]_w
[_w ɔ ɾ m ɑ s ]_w
[_w pʼ ɑ ɾ i s x i ]_w
[_w kʰ ɑ ɾ tʰ u l ʃ i ]_w
[_w qʼ ɔ pʰ n i s ɑ z ]_w
[_w ɔ l kʰ ʃ i ]_w
[_w m x ɑ ɾ ɛ ]_w
[_w v i z ɑ ts ]_w
[_w m ɑ ɾ tʰ ɑ ]_w
[_w n i n ɔ s ]_w
[_w l ɛ kʰ s i kʼ ɑ ]_w
[_w tʃ ɑ m ʒ i ]_w
[_w i ɾ ɑ n i s ]_w
[_w tsʼ qʼ n ɑ ɾ i s ]_w
[_w n ɑ tsʼ i l i s ]_w
[_w ɾ u s ɛ tʰ ʃ i ]_w
[_w dz v ɛ l ɑ d ]_w
[_w ɡ z ɑ s ]_w
[_w ɛ tsʼ ɛ ɔ d ɑ ]_w
[_w kʰ ɑ l ɑ kʰ ɛ b i ]_w
[_w n ɑ kʼ i ɑ n ]_w
[_w ɑ ɾ tʼ i ɑ s ]_w
[_w m ɔ tʰ x ɔ v s ]_w
[_w v u l kʼ ɑ n i ]_w
[_w s ɔ m i ɛ ɾ ]_w
[_w ɡ ɑ ɡ z ɑ v n ɑ ]_w
[_w m ɑ ɾ kʼ ]_w
[_w pʼ ɾ ɛ s ɑ ]_w
[_w pʼ ɛ ɾ i ɔ d i s ]_w
[_w ɾ i ɡ i ]_w
[_w l ɔ n d ɔ n ʃ i ]_w
[_w ɑ n b ɑ n i ]_w
[_w m i ɑ n i ]_w
[_w s ɑ i tʼ i s ]_w
[_w n ɔ tʼ i ɔ ]_w
[_w m ɛ ɛ kʰ v s i ]_w
[_w pʰ ɾ ɛ d ]_w
[_w ɡ u ʃ i n ]_w
[_w m tʰ i s ]_w
[_w tʼ u ɾ n i ɾ i ]_w
[_w ɔ tʃ ɑ x i ]_w
[_w ɡ ɑ m ɔ s ]_w
[_w kʼ ɔ ɾ pʼ u s i s ]_w
[_w b ɾ dz ɔ l i ]_w
[_w m ɔ ɛ d ɑ n ]_w
[_w s ɛ z ɔ n i ]_w
[_w s u ɾ d ɑ tʰ ]_w
[_w b m u l i ]_w
[_w ɡ v x v d ɛ l i ]_w
[_w i ɑ pʼ ɔ n i i s ]_w
[_w dz ɛ ɡ l ɛ b z ]_w
[_w ɑ x l ɔ ɛ z ]_w
[_w n ɛ ɾ v u l i ]_w
[_w ɡ ɑ kʼ ɛ tʰ ɑ ]_w
[_w kʼ ɑ ɾ l ɔ z ]_w
[_w i ɑ pʼ ɔ n i ɑ ]_w
[_w ɣ i d i s ]_w
[_w s x ɛ u l z ]_w
[_w pʰ l ɔ tʼ i s ]_w
[_w ɛ ɾ ɛ kʼ l ɛ ]_w
[_w ɑ pʰ x ɑ z i ]_w
[_w z ɑ kʼ u tʰ ɾ i v ]_w
[_w z ɑ b tʃʼ ɔ s ]_w
[_w kʰ v ɛ ʃ ]_w
[_w kʼ l i m ɑ tʼ i s ]_w
[_w v ɑ n i ]_w
[_w s ɛ n ɑ ɛ z i ]_w
[_w d ɛ d ɔ pʰ l i s ]_w
[_w ɾ u ɣ i ]_w
[_w ʃ v i l z ]_w
[_w m ɛ dz ɣ ɾ ɛ ]_w
[_w s ɛ d ɑ dz ]_w
[_w m ɑ ʃ i n ɑ ts ]_w
[_w ɑ x d ɡ ɛ n s ]_w
[_w i s ɾ ɑ ɛ l i z ]_w
[_w m i tsʼ i s ]_w
[_w b ɑ s ]_w
[_w v i tʰ ɑ ɾ ɛ b ɑ ]_w
[_w ɡ u ɾ ɑ ]_w
[_w i n tʼ ɛ ɾ v i u ]_w
[_w m ɔ s ɾ d i s ]_w
[_w ɔ pʼ ɛ ɾ ɑ ts i ɑ ]_w
[_w m s ɑ d d ɛ b ɑ ]_w
[_w ɣ v d ɛ b ɔ d ɑ ]_w
[_w ɔ ɾ ɡ ɑ n u l i ]_w
[_w s u ɾ d ɑ ]_w
[_w m ɑ ɡ ɑ ɾ i ʃ i ]_w
[_w m u ʃ ɑ ɔ ]_w
[_w s ɑ m ɾ ɛ kʼ l ɔ ]_w
[_w m ɔ ɑ tsʼ ɛ ɾ i s ]_w
[_w s x v ɑ ɾ i ɑ ]_w
[_w x ɔ s ɛ ]_w
[_w tʼ ɛ kʰ n i kʼ i s ]_w
[_w b i b l i i s ]_w
[_w ɡ ɑ m ɔ s u l i ]_w
[_w dʒ v ɛ n i ]_w
[_w kʰ v ɛ qʼ n ɑ d ]_w
[_w pʰ ɔ tʰ l i s ]_w
[_w pʰ i s i kʼ ɑ ]_w
[_w pʰ ɑ z ɑ d z ɛ ]_w
[_w v i kʰ tʼ ɔ ɾ ]_w
[_w pʰ ɑ kʰ tʼ ɛ b i s ]_w
[_w ɡ ɑ d ɑ ɛ ts ɑ ]_w
[_w pʰ ɑ kʰ tʼ z ]_w
[_w ɡ ɑ s ɛ tʰ i v ɛ ]_w
[_w ɾ ɔ m ]_w
[_w d ɛ d i s ]_w
[_w tʰ ɛ tʰ ɾ ]_w
[_w ts ɛ ɡ l tʰ ɑ ]_w
[_w m ɑ tʰ ɡ ɑ n ]_w
[_w ts v l i s ]_w
[_w ɾ u s ɛ tʰ i ]_w
[_w pʼ ɾ ɔ ts ɛ s i ]_w
[_w s ɑ kʼ m ɑ ɔ d ]_w
[_w d ɑ b l ɔ b s ]_w
[_w tʰ u n d ɑ ]_w
[_w u tsʼ ɛ v s ]_w
[_w d ɑ d ɔ ]_w
[_w tsʼ l i s ɑ ]_w
[_w d ɑ s ɾ u l ɑ ]_w
[_w s s ɾ ]_w
[_w ɑ tʰ ɔ n i s ]_w
[_w x ɑ l x u ɾ i ]_w
[_w qʼ ɔ pʰ i l i qʼ ɔ ]_w
[_w b ɑ v ʃ v ɛ b s ]_w
[_w x ɑ n ɛ b i s ]_w
[_w ɾ u z ]_w
[_w x ɑ ʒ u ɾ i s ]_w
[_w m ɡ ɔ n i ]_w
[_w m ɔ h qʼ v ɑ ]_w
[_w ɑ n d ɑ tʰ ]_w
[_w qʼ v ɛ l ɑ ]_w
[_w ɑ kʰ v ɛ ]_w
[_w kʰ i m i s ]_w
[_w ɡ v x v d ɛ b ɑ ]_w
[_w ʃ ɛ n ɔ b ɑ s ]_w
[_w tsʼ qʼ l i tʰ ]_w
[_w n i m u ʃ ɛ b i ]_w
[_w kʼ u n dz u l z ]_w
[_w s pʰ ɛ ɾ ɔ ʃ i ]_w
[_w ɡ u n d ɛ b i s ]_w
[_w s ɑ u b ɾ ɔ b s ]_w
[_w ɑ d ɡ i l ɛ b s ]_w
[_w m ɔ v l ɛ n i s ]_w
[_w ɛ ɾ tʰ x ɛ s ]_w
[_w ɔ pʼ ɛ ɾ ɑ ]_w
[_w ʃ ɛ pʰ ɑ s ɛ b ɑ ]_w
[_w ɡ ɑ m ɡ ɛ ]_w
[_w ɡ ɑ d ɑ d ]_w
[_w pʰ ɔ tʰ ɔ l i kʼ ɛ ]_w
[_w m kʼ v ɛ tʰ ɾ i ]_w
[_w tsʼ i tʰ ɛ l i ]_w
[_w tʼ b ɑ s ]_w
[_w s x v ɑ ʃ i ]_w
[_w v i s ɑ ts ]_w
[_w ɾ i ɔ n i s ]_w
[_w pʰ ɾ ɑ s ɑ ]_w
[_w d ɣ i s ]_w
[_w z ɑ kʰ m ɛ s ]_w
[_w u n ɡ ɾ ɛ tʰ i ]_w
[_w pʰ i l m i ]_w
[_w l u i s ]_w
[_w m ɛ tʼ ɑ d ]_w
[_w d ɑ ɾ ɡ ʃ i ]_w
[_w s i ɑ ]_w
[_w ɡ ɑ m ɔ ts d i s ]_w
[_w z ɔ pʰ l i s ]_w
[_w v i n ]_w
[_w i m qʼ ɔ pʰ ]_w
[_w s pʰ ɛ ɾ ɔ ]_w
[_w ɡ ɑ m ɔ dʒ n d ɑ ]_w
[_w b ɑ n ɑ kʼ ʃ i ]_w
[_w s i kʼ v d i l z ]_w
[_w b ɑ n kʼ i s ]_w
[_w ɑ s ɛ tʰ i ]_w
[_w kʼ ɑ ɾ i b i s ]_w
[_w i ʃ l ɛ b ɑ ]_w
[_w z ɑ ʃ i n v ɛ ]_w
[_w ɔ tʰ ɑ ɣ ʃ i ]_w
[_w tʃ v ɛ n ʃ i ]_w
[_w x m i s ]_w
[_w tʰ v ɛ ʃ i ]_w
[_w ɛ tʼ ɑ pʼ i ]_w
[_w ɾ ɛ ɡ i ɔ n ʃ i ]_w
[_w m u d m i v i ]_w
[_w ɑ pʼ i ɾ ɛ b s ]_w
[_w h qʼ ɑ v d ɑ tʰ ]_w
[_w i ɑ n v ɑ ɾ s ]_w
[_w i ɔ ɾ kʼ i ]_w
[_w tʼ u ɾ i ]_w
[_w tʃ ɑ u d ɡ ɑ ]_w
[_w b ɔ l n i s i ]_w
[_w i s ɛ tʰ i ɑ ]_w
[_w ʃ ɛ m d ɛ ]_w
[_w tʰ ɑ n x ɑ ]_w
[_w kʰ i m i z ]_w
[_w dz n ɔ b i ɑ ]_w
[_w ɑ ɾ ɑ pʰ ɛ ɾ i ]_w
[_w ts v l i s i s ]_w
[_w kʼ u n ts u l i ]_w
[_w l i d ɛ ɾ i s ]_w
[_w n ɑ tsʼ i l i ɑ ]_w
[_w tsʼ ɛ ɾ d ɑ ]_w
[_w d ɑ ɾ b ɑ z ʃ i ]_w
[_w kʼ i n ɔ s ]_w
[_w ɣ d ɛ b ɑ ]_w
[_w ʃ ɑ n ]_w
[_w pʰ ɛ x i ]_w
[_w d ɣ ɛ m d ɛ ɡ i ]_w
[_w ɡ u m b ɑ tʰ i ]_w
[_w n ɑ qʼ ɔ pʰ i s ]_w
[_w s ɔ n ɑ ]_w
[_w v ɑ kʼ ɛ ]_w
[_w i ɑ n i ]_w
[_w kʰ v ɛ qʼ n ɛ b i ]_w
[_w ʃ ɑ kʰ ɾ i s tʼ ɛ ]_w
[_w u pʼ ɑ z u x i s ]_w
[_w ʃ ɑ n ɾ i ]_w
[_w s pʰ ɛ ɾ ɔ s ]_w
[_w s i n ɑ tʰ l i s ]_w
[_w ɾ ɑ x ɑ ]_w
[_w d ɛ n i ]_w
[_w ɑ ʃ ʃ ʃ i ]_w
[_w ɾ ɛ ɑ kʰ ts i ɑ ]_w
[_w s u s tʼ i ]_w
[_w s tsʼ ɑ v l ɔ ]_w
[_w l ɑ ʃ kʰ ɑ ɾ i ]_w
[_w s tsʼ ɔ ɾ i ]_w
[_w m d i v ɑ n i ]_w
[_w ɑ i s ɑ ɾ d ɑ ]_w
[_w v ɛ n i ]_w
[_w ɑ l pʰ ɾ ɛ d ]_w
[_w i ʃ v i ɑ tʰ i ]_w
[_w h ɔ d ɑ ]_w
[_w ɑ ɾ s ɛ b ɔ b s ]_w
[_w ɡ ɾ i ɡ ɔ l ]_w
[_w d ɑ v i tʰ ]_w
[_w d ɾ ɔ i d ɑ n ]_w
[_w pʼ i tʼ ɛ ɾ ]_w
[_w m ɑ d l ɔ b ɑ ]_w
[_w pʰ ɑ ɾ tʰ ɔ ]_w
[_w ɑ u s i s ]_w
[_w ɾ ɛ pʰ ɔ ɾ m ɑ s ]_w
[_w tʰ v ɑ l i s ]_w
[_w tsʼ ɛ v ɾ ɛ b ɑ ]_w
[_w ɾ v ɑ ]_w
[_w d ɣ ɛ ɛ b i ]_w
[_w s ɔ l ɔ m ɔ n ]_w
[_w ʒ ɑ v i ]_w
[_w s u ɾ ɑ tʰ ɛ b i ]_w
[_w m ɔ tʰ x ɾ ɔ b ɑ ]_w
[_w ɣ ɛ ɔ b ɑ ʃ i ]_w
[_w n ɑ kʼ ɾ ɛ b m ɑ ]_w
[_w pʼ ɑ pʼ i s ]_w
[_w m ɑ ɾ tʰ v i z ]_w
[_w ɑ l pʼ u ɾ i ]_w
[_w tʰ ɑ ɾ ɡ m n ɑ ]_w
[_w ɑ m ɑ ʃ s ]_w
[_w ɡ ɑ h qʼ v ɑ ]_w
[_w m tʰ l i ɑ n i ]_w
[_w kʰ m n i l ]_w
[_w s ɔ ɡ z ]_w
[_w d ɑ ɛ m ɑ tʼ ɑ ]_w
[_w tʰ ɑ m ɑ ʃ ɔ b s ]_w
[_w ɾ ɑ i ɔ n ɛ b i ]_w
[_w ʃ ɛ kʰ m n i ɑ n ]_w
[_w m ʃ ɔ b l i u ɾ ]_w
[_w tsʼ ɛ v ɾ ɛ b i s ]_w
[_w tʰ i ɑ n ]_w
[_w i ɔ s ɛ b ]_w
[_w ɑ z ɛ tʰ i ɑ ]_w
[_w v ɑ s i s ]_w
[_w d ɛ d ɑ l i ]_w
[_w n ɑ kʼ ɾ ɛ b ɑ ]_w
[_w ʃ tʼ ɑ tʼ i i s ]_w
[_w m x ɑ ɾ ɛ z ɛ ]_w
[_w l u kʼ ɑ s ]_w
[_w tsʼ ɛ l z ]_w
[_w x ɛ l i ]_w
[_w ɾ ɑ i ɔ n ɛ b ɑ ]_w
[_w tʃ ɑ tʼ ɑ ɾ ɑ ]_w
[_w ɾ ɔ m ɛ l s ɛ ]_w
[_w b ɛ d i ]_w
[_w s i tʰ b ɔ s ]_w
[_w d ɾ ɔ s ɛ ]_w
[_w m ts i m ɛ d i ]_w
[_w m ɑ ɾ i ɑ ]_w
[_w d ɔ l ɑ ɾ i ]_w
[_w kʼ ɑ ɾ i s ]_w
[_w m ɣ ɑ ɾ i b i s ]_w
[_w ɑ m b ɔ b ɛ n ]_w
[_w ɡ ɑ n ɑ ]_w
[_w ɑ m ɾ i ɡ ɑ d ]_w
[_w v ɑ kʼ ɛ s ɛ ]_w
[_w x ɛ ɾ ɔ ]_w
[_w m ɑ tʰ ɡ ɑ n i ]_w
[_w s ɑ x ɛ l i tʰ ]_w
[_w b ɛ ɾ l i s ]_w
[_w m ɔ x v ɑ tsʼ ɛ ]_w
[_w s i tʼ qʼ v ɑ ]_w
[_w n ɛ l ɑ d ]_w
[_w m ts i ɾ ɛ ]_w
[_w pʰ ɑ s ɑ d z ɛ ]_w
[_w i s ɾ ɑ ɛ l i s ]_w
[_w ɛ ts x v n ɑ ]_w
[_w u ʃ u ɑ l ɔ ]_w
[_w kʼ ɛ d ɛ l ʃ i ]_w
[_w kʼ u b ɑ ʃ i ]_w
[_w ɛ s ɛ n i ]_w
[_w ʃ ɛ i tʼ ɑ n ɑ ]_w
[_w b ɑ ɣ i ]_w
[_w x ɑ l x ʃ i ]_w
[_w ɑ ɾ dz ]_w
[_w ʃ ɛ m ɔ i ɣ ɔ ]_w
[_w s ɑ s tʼ i kʼ ɑ d ]_w
[_w s ts ɛ n ɑ ɾ i ]_w
[_w s ɑ d ]_w
[_w ts l i ɛ ɾ ]_w
[_w s ɔ m ɛ x i ]_w
[_w d ɑ i kʼ ɑ ɾ ɡ ]_w
[_w s ɔ ɡ ɑ d ɔ ]_w
[_w m ɔ i pʼ ɔ v ɛ s ]_w
[_w x ɑ tʼ i ]_w
[_w ɛ ɾ ɔ v n u l ]_w
[_w m x ɑ ɾ ɛ ɛ b i ]_w
[_w ɡ ɑ n i ]_w
[_w l ɛ ɡ ɛ n d ɑ ]_w
[_w ɡ ɛ l ɑ tʰ i s ]_w
[_w u kʼ ɛ tʰ ɛ b z ]_w
[_w x ɛ l ʃ i ]_w
[_w ɡ ɑ d ɑ v i d ɑ ]_w
[_w m x ɑ ɾ i s ]_w
[_w b ɾ ts ɔ l i ]_w
[_w d ɑ i d ɡ ɑ ]_w
[_w m ɑ ɾ kʼ u s ]_w
[_w x ɑ l ɣ ʃ i ]_w
[_w ɾ ɛ ɑ l u ɾ ]_w
[_w ʃ ɛ i qʼ v ɑ n ɑ ]_w
[_w s ɑ s x v ɛ v ɑ ]_w
[_w ɛ n ɑ s ɛ ]_w
[_w l u dz i u s ]_w
[_w tsʼ ɛ v ɾ i ]_w
[_w s ɛ s ɔ n i ]_w
[_w b ɑ z ɑ ]_w
[_w m ɔ s kʼ ɔ v ʃ i ]_w
[_w tsʼ u tʰ i z ]_w
[_w m i s m ɑ ]_w
[_w m ɛ pʰ ɔ ʃ i ]_w
[_w ɡ v i n d ɑ ]_w
[_w n i ɑ d ɑ ɡ i s ]_w
[_w ɑ ɡ ɛ b u l i ]_w
[_w i n d u ɾ i ]_w
[_w ɑ pʼ i ɾ ɛ b d ɑ ]_w
[_w ɡ ɑ n ɑ ɡ ɾ dz ɔ ]_w
[_w s ɔ ɡ i ]_w
[_w z ɔ l i ]_w
[_w ɣ ɔ m ]_w
[_w ʃ ɛ u tsʼ qʼ ɔ b ɑ ]_w
[_w m tʼ ɛ ɾ i ]_w
[_w i qʼ ɔ s ]_w
[_w d ɑ ɛ ɾ kʰ v ɑ ]_w
[_w i ɣ i l ɑ ]_w
[_w kʼ m ʃ i ]_w
[_w s tʼ ɑ tʼ u s i s ]_w
[_w d ɑ z ɣ v ɑ ʃ i ]_w
[_w ɛ n ɑ ʃ i ]_w
[_w kʼ ɑ n i ]_w
[_w d i l i ]_w
[_w s tʼ ɑ l i ]_w
[_w u tsʼ ɔ d ɛ b s ]_w
[_w kʰ ɛ d i s ]_w
[_w i d ɑ n ]_w
[_w m ɛ tʼ i ]_w
[_w ɑ kʰ tʼ i ɑ ]_w
[_w i n d ɔ ɛ tʰ i z ]_w
[_w kʼ ɑ n ɑ d ɔ ]_w
[_w kʼ ɑ n ɑ ]_w
[_w m ɣ ɑ ɾ i s ]_w
[_w u kʼ ɑ n ɑ ]_w
[_w ɑ d i ɡ ɛ n i z ]_w
[_w ɑ l b ɑ tʰ ]_w
[_w s i tʰ x i s ]_w
[_w m ɑ m u kʼ ɑ ]_w
[_w qʼ v ɛ l ɑ d ]_w
[_w u pʰ ɑ l i ]_w
[_w tʼ kʼ i v i l i ]_w
[_w ɛ tsʼ ɔ d ɑ ]_w
[_w m i n i z ]_w
[_w ɔ dʒ ɑ x i ]_w
[_w kʰ v ɑ ]_w
[_w ɛ b ɾ dz ɔ d ]_w
[_w ɛ ɾ ɛ v ɑ n i ]_w
[_w m ts v ɛ l i ]_w
[_w ɣ ɛ d ɑ v s ]_w
[_w i v ɑ n ɛ tʰ i s ]_w
[_w s ɑ m tʰ ɑ v ɑ d ]_w
[_w ɡ ɑ s tsʼ v ɾ i v ]_w
[_w ɾ ɔ m i s ]_w
[_w tsʼ m i n d ɑ ]_w
[_w qʼ v ɑ ɾ s ]_w
[_w d ɑ d i s ]_w
[_w m ɑ n ɑ n ɑ ]_w
[_w m i s i i s ]_w
[_w ɾ ɛ ʃ i ]_w
[_w dz l i ɛ ɾ ]_w
[_w ɡ ɑ b ɾ i ɛ l ]_w
[_w d i d ɛ b i s ]_w
[_w ɣ d i z ]_w
[_w u ɑ ɾ s ]_w
[_w i m qʼ ɔ pʰ i l i ]_w
[_w pʰ u l i s ]_w
[_w ɾ i ts x ɑ ]_w
[_w kʼ ɔ m i s i ɑ ]_w
[_w ɑ m i tʼ ɔ m ɑ dz ]_w
[_w l ɔ n d ɔ n i z ]_w
[_w x ɑ ɾ tʰ ]_w
[_w m ɛ tʰ ɔ d ɛ b i ]_w
[_w m ɔ ts ɛ m u l i ]_w
[_w ɑ s u l i ]_w
[_w pʰ ɑ ɾ tʰ ɔ b i s ]_w
[_w tʰ u ɾ kʰ ɛ tʰ ʃ i ]_w
[_w d ɑ b ɑ l i ɑ n ]_w
[_w ts ɛ n tʼ ɾ ]_w
[_w ɑ ɾ s ɛ b u l i ]_w
[_w i n d ɔ ɛ tʰ ʃ i ]_w
[_w kʼ ɑ s pʼ i i s ]_w
[_w qʼ ɔ v ɛ l i ]_w
[_w tʰ ɑ m ɑ ʃ ɛ ]_w
[_w ɑ kʰ v s ]_w
[_w ts u d i ]_w
[_w s u ɾ v i l i s ]_w
[_w kʼ ɑ ɾ ɡ ]_w
[_w v i n m ɛ ]_w
[_w m ɛ ɾ i ]_w
[_w n i ʃ n ɑ ]_w
[_w s ɾ u tʼ i s ]_w
[_w ɡ ɑ i qʼ i d ɑ ]_w
[_w m ɔ s v l i s ]_w
[_w z ɣ v ɑ s ]_w
[_w kʰ u tʃ ɑ ʃ i ]_w
[_w pʼ ɛ d ɾ ɔ ]_w
[_w m ɔ i ts ɑ ]_w
[_w m ɡ ɛ l i ]_w
[_w ɾ b i l i z ]_w
[_w x v i n i s ]_w
[_w x ɑ n i ɑ ]_w
[_w tʃ ɑ ɾ i ]_w
[_w m i i tʃ n ɛ v s ]_w
[_w ɡ ɛ ɔ l ɔ ɡ i ɑ ]_w
[_w m ɔ ɑ tsʼ ɛ ɾ ɑ ]_w
[_w s ɑ x i tʰ ]_w
[_w d ɾ ɔ s ]_w
[_w ɛ ɾ kʰ v ɑ ]_w
[_w ʃ i n ɑ ɡ ɑ n ]_w
[_w tsʼ i n ɑ ʃ ɛ ]_w
[_w kʼ ɔ l ɔ n i ɑ ]_w
[_w m i n i s ]_w
[_w kʼ u tʰ x ɛ ʃ i ]_w
[_w kʼ ɛ tʰ i l i ]_w
[_w kʰ ɑ l ɑ kʰ ʃ i ]_w
[_w m ɔ kʼ l u l i ]_w
[_w s ɛ n ɑ ɛ s i ]_w
[_w ɑ ɣ tsʼ ɛ ɾ i l i ]_w
[_w s tʼ ɑ l i i s ]_w
[_w tʼ ɑ dz ɾ i s ]_w
[_w s ɑ n ɑ pʼ i ɾ i ]_w
[_w l ɛ ɡ ɛ n d i s ]_w
[_w pʰ ɑ s ɑ ]_w
[_w i s ɛ ]_w
[_w u ɑ m ɾ ɑ v ]_w
[_w ɑ u s ʃ i ]_w
[_w u tsʼ ɔ d ɛ b z ]_w
[_w d i l i s i ]_w
[_w m ɛ tʼ ɾ z ɛ ]_w
[_w kʰ u l ɑ ]_w
[_w b ɔ l ɔ ɔ ]_w
[_w d ɔ kʰ tʼ ɔ ɾ i ]_w
[_w dʒ ɔ n i ]_w
[_w ɡ ɑ kʰ ts ɛ v ɑ ]_w
[_w ɾ ɔ ɡ ɔ ɾ ]_w
[_w ɑ v i d ɑ ]_w
[_w dʒ ɑ tsʼ ɛ ɾ ɑ ]_w
[_w kʰ u l i ]_w
[_w kʰ ɑ ɾ tʰ u l ]_w
[_w ʃ ɛ i ts ɑ v d ɑ ]_w
[_w qʼ v ɛ l ɡ ɑ n ]_w
[_w l i m ɑ tʼ i ]_w
[_w pʼ ɑ s u x i s ]_w
[_w ɾ ɔ m i ]_w
[_w tʰ v ɑ l s ]_w
[_w u b ɾ ɑ l i ]_w
[_w m ɔ ts ɛ m ɑ ]_w
[_w m i qʼ v ɑ n ɑ ]_w
[_w ɑ l i ]_w
[_w i ɑ n v ɑ ɾ i ɑ ]_w
[_w ɑ m i tʰ ]_w
[_w kʰ v ɛ qʼ n i s ]_w
[_w ɑ m ɛ ɾ i ]_w
[_w i ɑ n v ɑ ɾ z ]_w
[_w ɛ ɡ v i pʼ tʼ ɛ ]_w
[_w h ɑ v ɑ ]_w
[_w s ɑ tʰ ɑ v ɛ s ]_w
[_w kʼ u l tʼ i ]_w
[_w s ɑ s tsʼ ɑ ɾ ]_w
[_w tʃ ɛ i m s ]_w
[_w ɾ ɔ m l ɛ b i ]_w
[_w s ɔ pʰ l i s ]_w
[_w pʰ ɑ z ɑ ]_w
[_w b ɾ dz ɔ l ɑ s ]_w
[_w m ɔ dz u l ɔ b ɑ ]_w
[_w tʰ ɛ v s i ]_w
[_w s tʼ i l i ]_w
[_w ɾ ɔ ts ɑ ]_w
[_w ɛ ɾ tʰ i ɑ n i ]_w
[_w v ɛ ɾ ɑ v i n ]_w
[_w l ɑ tʰ i n u ɾ ]_w
[_w i ts i ɑ ]_w
[_w x ɑ n ɑ ʃ i ]_w
[_w ɑ s ɛ ]_w
[_w ʃ ɑ m s ]_w
[_w ɛ pʼ ɑ ɾ kʰ i i s ]_w
[_w ɛ pʼ ɑ ɾ kʰ i ɑ ]_w
[_w tʰ ɛ ɔ ɾ i u l i ]_w
[_w pʼ ɔ ɛ s i ]_w
[_w kʼ ɾ ɛ b u l i ]_w
[_w v i qʼ ɑ v i ]_w
[_w u tsʼ qʼ ɔ b s ]_w
[_w ʃ i n ɑ ɔ ]_w
[_w d ɑ tsʼ ɛ ɾ ɑ ]_w
[_w tʼ ɔ m ɛ b i z ]_w
[_w tʰ u ɾ kʰ ɛ b i ]_w
[_w b i tʃʼ i ]_w
[_w ɑ m ɑ s tʰ ɑ n ]_w
[_w pʰ ɛ ɾ i ]_w
[_w s ɔ pʰ ɛ l i ]_w
[_w s ɑ ʃ i ʃ i ]_w
[_w m ʃ ɔ b l ɛ b i ]_w
[_w ɡ ɑ ɡ ɛ b ɔ b s ]_w
[_w tsʼ ɛ l i tsʼ ɑ d i ]_w
[_w ʃ ɛ s u l i ]_w
[_w m ɔ m d ɛ v n ɔ ]_w
[_w u m ts ɾ ɔ s i ]_w
[_w i s ɾ d ɛ b ɑ ]_w
[_w s ɔ m i ɛ ɾ ɑ d ]_w
[_w b u n ɛ b i ]_w
[_w i m qʼ ɔ pʰ ɛ b ɑ ]_w
[_w d ɣ ɛ s ]_w
[_w i s tʼ ɔ ɾ i s ɑ ]_w
[_w ts ɛ ɡ l ɛ b i dz ]_w
[_w tʰ v l i ɑ n ]_w
[_w m ɑ ʃ i z ]_w
[_w ɛ pʼ ɔ kʰ i s ]_w
[_w ʃ ɛ i pʼ qʼ ɾ ɛ s ]_w
[_w s i ɣ ɾ m ɛ ]_w
[_w tʰ ɛ tʰ ɾ i ]_w
[_w d ɑ i n i ]_w
[_w ɾ u s ɛ tʰ tʰ ɑ n ]_w
[_w dʒ v ɛ n tʰ v i s ]_w
[_w i ɔ h ɑ n ]_w
[_w s ɑ s tʼ i kʼ ɑ ]_w
[_w tʃ v ɛ n s ]_w
[_w tʰ ɔ ɾ ɛ m ]_w
[_w qʼ ɔ pʰ i s ]_w
[_w kʼ i tʰ x v ɑ ]_w
[_w m ɔ ts ɛ m u l ]_w
[_w ɔ m ɛ b i z ]_w
[_w ɾ ɑ d ɡ ɑ ]_w
[_w tsʼ ɛ l i ]_w
[_w ɡ ɛ ɔ l ɔ ɡ i ]_w
[_w ɔ tʰ x ]_w
[_w m ɔ ɛ d ɑ n s ɛ ]_w
[_w s i tʼ qʼ v ɛ d ]_w
[_w s ts ɛ n ɑ ]_w
[_w i m ɑ v ɑ l ]_w
[_w ʃ ɛ ɛ ts l ɔ tʰ ]_w
[_w kʼ u ɾ z i ]_w
[_w i tʼ ɑ l i ]_w
[_w ɛ m tʰ x v ɛ v ɑ ]_w
[_w dz ɑ l kʼ ɛ u l ]_w
[_w u n ɑ ɾ i ]_w
[_w ɡ ɑ ɣ d n ɛ n ]_w
[_w ɡ ɑ ɾ ɛ ]_w
[_w tsʼ ɑ s v l i s z ]_w
[_w ɑ tʰ ɑ z i ]_w
[_w i d ɛ ɑ ]_w
[_w ʃ ɛ u ts l i ɑ ]_w
[_w m i s ɛ z i s ]_w
[_w s ɛ n ɑ kʼ i ɑ n ]_w
[_w n ɑ qʼ ɔ pʰ i l ɑ ]_w
[_w ɑ m i z ]_w
[_w u s v ɑ m s ]_w
[_w d ɑ v i d ɑ ]_w
[_w m ɛ pʰ ɛ ]_w
[_w ɡ ɛ ɡ m ɑ ]_w
[_w tʰ ɛ m i ]_w
[_w m ɔ m x d ɑ ɾ ɑ ]_w
[_w kʰ v ɛ m ɔ tʰ ]_w
[_w i tʰ x ɔ v ɑ n i ]_w
[_w s ɑ tʰ ɑ m ɑ ʃ ɔ ]_w
[_w ɑ ɣ tsʼ ɛ ɾ i ɑ ]_w
[_w tsʼ qʼ l ɛ b i ]_w
[_w ɾ i tʃ ɑ ɾ d ]_w
[_w m ts i m ɛ d ]_w
[_w m u s ɛ u m i s ]_w
[_w ɔ tʃ ɑ x ɔ ]_w
[_w ɑ d ɑ m i tsʼ ɑ ]_w
[_w u kʼ ɾ ɑ v d ɑ ]_w
[_w tʃ ɛ ɾ ]_w
[_w ɑ ɾ dʒ ɛ b ɔ d ɑ ]_w
[_w h kʰ ɔ n d ɑ ]_w
[_w ɛ tsʼ ɔ d ɛ b i ]_w
[_w u ɛ l z i s ]_w
[_w ɔ m i s ]_w
[_w s kʼ ɔ l ɑ z ]_w
[_w ɡ ɑ ɡ ɛ b ɔ b ɑ ]_w
[_w ʃ ɛ kʼ i tʰ x s ]_w
[_w s i tʼ u ɑ ts i ɑ ]_w
[_w s i n ɡ l ]_w
[_w tʼ u ɾ n i ɾ i s ]_w
[_w ɾ ɔ m ɛ l ]_w
[_w n ɔ ɾ v ɛ ɡ i ɑ ]_w
[_w i m i s tʰ v i s ]_w
[_w b ɛ ɾ ts n ɛ b ɑ ]_w
[_w ɑ d ɑ m i s ]_w
[_w pʰ ɛ x b u ɾ tʰ i ]_w
[_w kʼ ɑ x ɛ tʰ i s ]_w
[_w s kʰ ɛ s i s ]_w
[_w s i s tʼ ɛ m i tʰ ]_w
[_w ɑ d ɡ i n ɑ ]_w
[_w m ɛ tʼ ɾ ]_w
[_w ɔ l kʰ i z ]_w
[_w ɑ i ɾ tʃ i ɛ s ]_w
[_w tʃ ɑ ɾ l s ]_w
[_w n i ʃ n ɛ z ]_w
[_w s tsʼ ɑ v l ɛ n ɑ ]_w
[_w ɑ tʃ ɑ n qʼ ɛ b ɑ ]_w
[_w i ɑ n ]_w
[_w ɑ n ɑ ]_w
[_w z ɑ ɣ ɛ b i s ]_w
[_w s u ɾ ɑ tʰ i s ]_w
[_w ɡ v ɛ l i ]_w
[_w kʰ ɑ l i ]_w
[_w m i m ɑ v ɛ ]_w
[_w d i d i ]_w
[_w tʰ kʰ v ɛ n s ]_w
[_w m ɔ m x d ɑ ɾ i ]_w
[_w m ɔ n x ɔ l tʰ ɑ ]_w
[_w ɑ s ɛ tʰ i ɑ ]_w
[_w ʃ ɛ i tʃʼ ɾ ɑ ]_w
[_w pʼ ɾ ɛ m i ɛ ɾ ɑ ]_w
[_w s tsʼ ɾ ɑ pʰ ɑ d ]_w
[_w kʼ ɔ tʼ ɛ ]_w
[_w ɣ ɑ m ɛ s ]_w
[_w kʼ v ɛ ɾ ts x l i ]_w
[_w m x ɑ tʼ v ɾ i s ]_w
[_w ɔ pʼ ɛ ɾ i i s ]_w
[_w kʼ v i ɾ i l i ]_w
[_w s pʰ ɛ ɾ i ]_w
[_w z u ɾ d ɑ tʰ ]_w
[_w x i ɾ s i ]_w
[_w ʃ ɛ d ɡ ɑ ]_w
[_w kʼ u l tʼ u ɾ ɑ s ]_w
[_w m u d m i v ɑ d ]_w
[_w tʃʼ ɑ ɾ b ɔ b s ]_w
[_w pʰ l ɔ b z ]_w
[_w i u n ɛ s kʼ ɔ m ]_w
[_w tʰ v ɑ l ɛ b i s ]_w
[_w ɑ ɡ ɛ b ɑ ]_w
[_w dz i tʼ ɑ tʼ ɑ ]_w
[_w m kʼ v d ɑ ɾ i ɑ ]_w
[_w u d ɑ b n ɔ ]_w
[_w pʰ i l m i s ]_w
[_w m i ɑ n i s ]_w
[_w ts ɛ n tʼ ɾ z ]_w
[_w m ɑ s ]_w
[_w m ɛ kʰ s i s ]_w
[_w x ɑ l x m ɑ ]_w
[_w m ɛ tʰ ɔ d i tʰ ]_w
[_w ɡ ɔ l i s ]_w
[_w m i x v d ɑ ]_w
[_w ɑ ɾ m i i s ]_w
[_w tsʼ i ɡ n i ]_w
[_w kʼ ɑ tʰ ɛ d ɾ i s ]_w
[_w z ɛ s ɔ n i ]_w
[_w m ts i m ɛ ]_w
[_w ɛ ɾ tʰ ɑ d ɛ ɾ tʰ ]_w
[_w kʼ u ɾ s i ]_w
[_w s ɑ i d u m l ɔ ]_w
[_w m s ɛ ]_w
[_w pʰ ɔ tʰ l ɛ b i s ]_w
[_w m ɔ x u dz i ]_w
[_w m ɔ tsʼ i n ɑ ʃ ɛ ]_w
[_w ts x ɔ v ɛ l ]_w
[_w kʼ ɔ m i s ]_w
[_w ɑ ɾ m i ɑ ]_w
[_w m d i n ɑ m ɔ ]_w
[_w m ɔ s u l i s ]_w
[_w ɡ ɑ m ɑ ɾ ]_w
[_w ɑ n u ]_w
[_w tʼ ɑ l x i s ]_w
[_w dʒ ɑ m ʃ i ]_w
[_w x ɛ ɔ b ɑ ]_w
[_w tʼ ɑ l x i ]_w
[_w d ɑ i n ɑ ]_w
[_w ɔ tʰ ɑ x i ]_w
[_w tʼ u ɾ n ɛ ]_w
[_w b i ts i n ɑ ]_w
[_w d ɑ ɾ x v ɛ v ɑ ]_w
[_w m ɔ s ɾ d i z ]_w
[_w ʃ ɛ d ɛ ɡ ɔ d ]_w
[_w ɣ ɑ n d ɑ ɣ ɑ n ]_w
[_w ɑ ɾ s ɛ b ɔ b ɑ ]_w
[_w n ɑ m d ɛ ]_w
[_w d ɑ ɑ m qʼ ɑ ɾ ɔ ]_w
[_w m ɑ m i s ]_w
[_w dz i ɾ i tʰ ɑ ts ]_w
[_w b ɾ i n tʃ ɑ ɔ z ]_w
[_w tʼ qʼ ɛ ]_w
[_w s ɑ ɾ ɛ tsʼ ɑ ɔ ]_w
[_w tsʼ ɾ ɛ ]_w
[_w kʼ ɑ l tʰ ɑ s ɛ ]_w
[_w s ɔ m x ɛ tʰ i s ]_w
[_w d ɑ i tsʼ ɛ ɾ ɑ ]_w
[_w s u l ɑ ts ]_w
[_w i qʼ ɔ pʰ ɑ ]_w
[_w m ɛ kʰ s i ]_w
[_w m ɔ d i s ]_w
[_w ɑ ɾ ɑ d ɑ d ]_w
[_w v ɛ l z ɛ ]_w
[_w d ɑ kʼ ɑ ɾ ɡ ɑ d ]_w
[_w m ɛ d i i s ]_w
[_w tʼ qʼ ɛ ɛ b i ]_w
[_w ɾ ɑ tʼ ɔ m u ɾ i ]_w
[_w x i ɾ s ]_w
[_w b ɑ s ɑ ]_w
[_w i m ɛ d ]_w
[_w x ɑ ɾ dʒ i ]_w
[_w kʰ ɾ i s tʼ ɛ ]_w
[_w ʃ ɔ u s ]_w
[_w d x i d ɑ n ]_w
[_w i m i s ]_w
[_w tʰ ɑ v i ɑ n tʰ i ]_w
[_w ɑ ɣ l ɑ v tʰ ]_w
[_w ɡ ɑ s ɛ tʰ i s ]_w
[_w s u l ]_w
[_w kʰ ɑ ɾ tʰ l i s ]_w
[_w tsʼ qʼ ɑ l i ]_w
[_w m ɑ m ɑ m ]_w
[_w n ɑ tsʼ i l ɛ b s ]_w
[_w ɾ i ɔ ]_w
[_w m ɛ pʰ i z ]_w
[_w b ɑ s ɑ s ɛ ]_w
[_w ɣ ʃ i ɾ ]_w
[_w ɑ s ɛ tʰ i z ]_w
[_w ɑ pʰ ɾ i kʼ ɑ ]_w
[_w ɡ u n d ʃ i ]_w
[_w i m i z ]_w
[_w s tʼ u d ɛ n tʼ i ]_w
[_w m ɑ d ɾ i d i s ]_w
[_w b ɛ ɾ i ]_w
[_w m ɑ s i s ]_w
[_w kʼ v l ɛ v ɑ ]_w
[_w x ɛ d ɑ v s ]_w
[_w ts ɔ l ɑ ʃ i ]_w
[_w s i ɑ ʃ i ]_w
[_w tʰ ɛ m ɑ s ]_w
[_w ɑ i ɾ dʒ i ɑ ]_w
[_w m ɑ ɾ tʰ v ɑ ]_w
[_w s ɛ n ɑ tʼ i s ]_w
[_w m tsʼ v ɑ v ɛ ]_w
[_w pʼ i n kʼ ]_w
[_w dʒ ɡ u pʰ ]_w
[_w m ɔ dz ɛ m ɑ ]_w
[_w d u ʃ ɛ tʰ i s ]_w
[_w dz ɛ n tʼ ɾ ʃ i ]_w
[_w ɡ ɑ tʼ ɑ n i l i ]_w
[_w ɣ ɛ l tʰ ]_w
[_w m ɑ ɾ v ɛ l ]_w
[_w n ɑ x v ɑ ]_w
[_w tsʼ ɛ v ɾ i s ]_w
[_w ɑ ɾ s ɛ ]_w
[_w ɾ ɔ d ɛ s ɑ dz ]_w
[_w m kʼ ɑ ts ɾ ɑ d ]_w
[_w ɑ z i ɑ tʰ i ]_w
[_w s ɑ x ɛ l s ]_w
[_w dz n ɛ b i s ]_w
[_w x ɑ ɾ i b i ]_w
[_w ʃ ɛ i ts ɑ v s ]_w
[_w ɑ m b ɔ b d ɑ ]_w
[_w u d ɑ b n ɔ ʃ i ]_w
[_w tsʼ ɑ ɾ tsʼ ɛ ɾ ɑ ]_w
[_w ɑ pʰ x ɑ s u ɾ i ]_w
[_w pʰ ɔ n ]_w
[_w i v n i s ]_w
[_w s ɑ d ɑ ts ɛ m ɑ ]_w
[_w ʃ ɔ ɾ ɛ u l i ]_w
[_w ʃ ɛ x v d ɑ ]_w
[_w tʰ ɔ v l i s ]_w
[_w m u ts l i ɑ ]_w
[_w l i tʼ v i s ]_w
[_w dʒ ɛ kʼ ]_w
[_w tʼ ɾ ɔ pʼ i s ]_w
[_w u kʼ v ɛ ]_w
[_w i ɾ ɑ n ʃ i ]_w
[_w i n ɡ l i s ]_w
[_w m ɔ ɛ d ɑ n i ]_w
[_w m tʰ ɛ l i ]_w
[_w ɾ ɔ m l i s ]_w
[_w pʼ ɔ l i ts i ɑ ]_w
[_w x v d ɛ l i ]_w
[_w ɑ b ɑ ʃ i ]_w
[_w x ɛ l z ]_w
[_w s i u ʒ ɛ tʼ i ]_w
[_w ɡ u ɾ i s ]_w
[_w s i dz ɔ ts x l ɛ ]_w
[_w z ɣ v ɛ b i ]_w
[_w ɡ ɑ ɾ ɛ u l i ]_w
[_w pʼ ɛ ɾ i s ]_w
[_w u ts n ɑ u ɾ i ]_w
[_w pʰ i s i kʼ u ɾ i ]_w
[_w m ɛ ɡ ɔ b ɑ ɾ i ]_w
[_w pʼ i ɾ ɔ b ɛ ɾ tʼ ]_w
[_w qʼ v i ɾ i s ]_w
[_w v i n dz ]_w
[_w m x v i m ɛ ]_w
[_w ɡ ɑ x d n ɛ n ]_w
[_w s u pʰ ɾ i s ]_w
[_w s ɑ ɾ kʼ m ɛ l i ]_w
[_w m i l i ɑ ]_w
[_w pʼ i ɾ tʰ ɑ ]_w
[_w tsʼ ɛ l i ɑ ]_w
[_w i ts ɑ v z ]_w
[_w z i m ɑ x l ɛ ]_w
[_w ɛ b ɾ ɑ ɛ l ʃ i ]_w
[_w m kʼ ɑ pʰ i ɔ d ]_w
[_w ɡ ɑ m ɔ ts ]_w
[_w tʼ ɑ ts ɑ ɾ i ]_w
[_w ɡ ɑ ɑ dʒ n i ɑ ]_w
[_w m d i d ɑ ɾ i ]_w
[_w ɡ u ɾ i tʰ ]_w
[_w m i tʰ ]_w
[_w pʼ ɑ ɔ l ɔ ]_w
[_w pʼ i ɾ ɔ b ɑ ]_w
[_w m ɛ d i ]_w
[_w s ɑ ɔ dz ɑ ɾ i ]_w
[_w z ɑ pʰ ɾ tʰ x ɛ l ]_w
[_w kʼ ɔ l ɛ kʰ ts i ɑ ]_w
[_w ɑ tʼ l ɑ n tʼ i ]_w
[_w ɑ ɾ m i ɑ m ]_w
[_w d ɑ i b ɑ d ɑ ]_w
[_w s z ɾ kʼ ]_w
[_w u kʼ ɑ n ɑ d i s ]_w
[_w l ɔ n d ɔ n i s ]_w
[_w ɾ ɔ dʒ ɛ ɾ ]_w
[_w z u ɡ d i d ʃ i ]_w
[_w s i ɡ ɾ dz ɛ ɑ ]_w
[_w i tʰ kʰ v ɑ z ]_w
[_w b ɛ ɾ dz n u l i ]_w
[_w kʼ m i ɑ ]_w
[_w m ɣ ɑ tʼ v ɾ u l ]_w
[_w ɑ pʼ ɾ i l ʃ i ]_w
[_w ɑ d v i l i ]_w
[_w kʼ u l tʼ u ɾ u l ]_w
[_w kʼ v i ɾ ɑ z ]_w
[_w s ɑ d ɑ ts ]_w
[_w ʃ ɾ ɔ m i s ]_w
[_w s ɛ v i tʰ ]_w
[_w m ɑ ɾ ʃ ɑ l i ]_w
[_w kʼ l u b i s ]_w
[_w m ɑ tʰ ɡ ɑ n z ]_w
[_w u ɑ ɣ l ɛ b ɑ ]_w
[_w tʰ v ɑ l ɛ b i ]_w
[_w pʼ i ɾ s ]_w
[_w v ɛ ɾ s i ɑ ]_w
[_w i ɾ tʃ ɛ v z ]_w
[_w tsʼ qʼ ɑ l ɔ b i tʰ ]_w
[_w ɾ ɑ s ɑ ]_w
[_w m i m ɑ v ɑ l i ]_w
[_w tʰ v ɛ ʒ i ]_w
[_w tʼ ɔ m i s ]_w
[_w s ɛ m ɔ tʰ ]_w
[_w ɑ n i tʃʼ ɑ ]_w
[_w dʒ i l d ɔ ]_w
[_w m ɑ ɣ ɑ l x z ]_w
[_w m ɔ kʰ m ɛ d i ]_w
[_w d ɑ n ɑ ts ]_w
[_w i ɾ m ɑ ]_w
[_w z u l i ]_w
[_w ɾ ɛ l i ɛ pʰ i ]_w
[_w s ɛ l ɑ n i ]_w
[_w i d ɡ ɑ ]_w
[_w ɾ ɛ l i ɛ pʰ i z ]_w
[_w ʃ ɛ z u l i ɛ ɾ ]_w
[_w u dz v ɛ l i ]_w
[_w u kʼ ɾ ɑ i n i s ]_w
[_w pʼ i ɾ ɔ b ɛ b s ]_w
[_w tʰ u ɾ kʰ ɛ tʰ i s ]_w
[_w z ɑ m ɛ pʰ ɔ ʃ i ]_w
[_w ɑ b ɑ ʃ i ts ɛ ]_w
[_w i dz l ɛ b ɑ tʰ ɑ ]_w
[_w s ɛ ɾ i ɑ l i s ]_w
[_w ɑ pʰ ɾ i kʼ ɑ ʒ i ]_w
[_w s i d i d i ]_w
[_w kʼ u b ɑ ]_w
[_w kʰ i m i u ɾ i ]_w
[_w i m ɑ ʃ i ]_w
[_w ɡ z ɛ b i ]_w
[_w d ɣ i tʰ ]_w
[_w s ɑ ɔ pʼ ɛ ɾ ɔ ]_w
[_w tsʼ qʼ ɑ ɾ ɔ z ]_w
[_w ɛ l ɛ kʰ tʼ ɾ ɔ ]_w
[_w ɑ ʃ kʼ ɑ ɾ ɑ ]_w
[_w pʰ ɑ ɾ tʰ ɔ d ɑ ɑ ]_w
[_w kʼ ɑ ɾ s ɛ b i s ]_w
[_w z i tʼ qʼ v ɛ b i ]_w
[_w ɑ ɣ l ɑ ]_w
[_w ts v i ɾ pʰ ɑ z i ]_w
[_w i s ɾ ɑ ɛ l ʃ i ]_w
[_w b u n ɛ b ɾ i v ]_w
[_w ɡ u l ʃ i ]_w
[_w pʼ ɾ ɔ ɛ kʰ tʼ i ]_w
[_w ɑ l pʼ ɛ b i ]_w
[_w s i m x ɛ ɾ ɑ s ]_w
[_w m ɑ ɾ i ]_w
[_w qʼ u ɾ ɛ ]_w
[_w d ɑ kʼ ɑ ɾ ɡ ]_w
[_w ɑ ɡ v i s ]_w
[_w x ɾ m ɑ ]_w
[_w dz ɑ l kʼ ɛ ]_w
[_w ɑ tʰ ɛ u l i ]_w
[_w ts n ɛ l i ]_w
[_w tʰ b i l i ]_w
[_w dz n ɛ l i ɑ ]_w
[_w s i m ɣ ɛ ɾ ɑ s ]_w
[_w d ɾ ɔ tʰ ɑ ]_w
[_w ɑ x i ɑ ɾ ɑ ]_w
[_w kʰ v i s ]_w
[_w m ɔ b i l i ]_w
[_w tsʼ i l ɑ d ]_w
[_w kʰ i m i i s ]_w
[_w pʼ ɑ z u x ɑ ]_w
[_w n i kʼ ɔ l ɔ s ]_w
[_w s ɑ pʰ ɾ tʰ x i s ]_w
[_w i ɔ ɑ n ɛ ]_w
[_w ɾ ɑ i ɔ n ʃ i ]_w
[_w i z ɛ v ]_w
[_w ʃ i n ɑ ]_w
[_w pʰ l ɔ tʼ i ]_w
[_w x ɑ ɾ i s ]_w
[_w s ɛ s ɔ n i s ]_w
[_w dz i v i ]_w
[_w d ɑ ɾ b ɑ z i ]_w
[_w s ɑ kʰ m ɛ z ]_w
[_w tʼ qʼ i b u l i ]_w
[_w tʰ u ɾ kʰ ɛ tʰ i ]_w
[_w tʃ ɑ m ɔ v i d ɑ ]_w
[_w pʼ ɔ ɛ s i ɑ s ]_w
[_w x s ɛ n ɛ b ɛ n ]_w
[_w m ɑ ɾ tʰ ]_w
[_w tʃ i ʃ i s ]_w
[_w dz ɛ ts x l i s ]_w
[_w ɛ v ɾ ɔ pʼ ɛ l i ]_w
[_w n ɑ ʃ tʰ ɛ b i ]_w
[_w ɡ u ɾ i s m i s ]_w
[_w s ɛ ɾ i ɑ z ]_w
[_w s ɑ m qʼ ɑ ɾ ɑ ]_w
[_w kʼ ɛ d l i s ]_w
[_w s i x ɾ m ɛ ]_w
[_w v ɛ l u ɾ i ]_w
[_w x d ɛ b ɔ d ɑ ]_w
[_w s u l i ɛ ɾ i ]_w
[_w ɑ ɾ s ɛ z ]_w
[_w ɾ ɔ m i z i ɑ ]_w
[_w s ɑ b ɑ n kʼ ɔ ]_w
[_w tsʼ qʼ n ɑ ɾ i ]_w
[_w ts ɑ l s ɛ d ]_w
[_w x n i s ]_w
[_w x u ɑ n ]_w
[_w tʃ i l ɛ ʒ i ]_w
[_w m ɔ ɑ x ɛ ɾ x ɑ ]_w
[_w i qʼ ɛ n ɛ b d ɑ ]_w
[_w ʃ ɑ v ]_w
[_w d i d i s ]_w
[_w u kʼ ɾ ɑ i n i ]_w
[_w m s x v i l i ]_w
[_w kʼ ɔ l x ɛ tʰ i s ]_w
[_w ɛ s ɔ ʃ i ]_w
[_w i s tʼ ɔ s ]_w
[_w m z ɔ pʰ l ɛ b i ]_w
[_w l ɔ m i ]_w
[_w s ɑ kʼ v ɛ b i s ]_w
[_w i n ɡ l ]_w
[_w ɑ m d ɛ n i ]_w
[_w ɑ ɾ ɑ b tʰ ɑ ]_w
[_w dz ɛ n tʼ ɾ i s ]_w
[_w pʼ ɔ ɛ s i ɑ ]_w
[_w v ɛ ɾ ɑ ]_w
[_w dz ɔ l ɑ ]_w
[_w m i v i ]_w
[_w dz n ɔ b ɑ ]_w
[_w kʼ i n ɔ ]_w
[_w m i ɣ ɛ b u l i ]_w
[_w ɛ ɾ tʰ v i s ]_w
[_w pʰ i pʰ ɑ z ]_w
[_w ɑ ɾ ɑ m ɛ d ]_w
[_w m ɛ ɾ i kʼ ɑ ]_w
[_w kʰ u tʃ ɑ s ɛ ]_w
[_w v i n ɑ i d ɑ n ]_w
[_w l u ɾ tʃ i ]_w
[_w ɾ ɛ v ɑ n i ]_w
[_w ʃ i d ɑ ]_w
[_w tʰ ɑ v i ɑ ]_w
[_w tʰ ɑ n ]_w
[_w v ɛ ɾ ts x l i s ]_w
[_w kʼ ɑ dz i ]_w
[_w ɡ ɛ ɾ m ]_w
[_w ɡ ɑ ɣ d ɑ ]_w
[_w ʃ ɑ m z ]_w
[_w kʼ u n dz u l s ɛ ]_w
[_w pʰ ɔ tʼ ɔ ]_w
[_w s ɑ b tʃʼ ɔ m ]_w
[_w ɑ n ɾ i ]_w
[_w ɔ ɾ d ɛ n i ]_w
[_w pʰ ɑ s ɑ d i s ]_w
[_w tsʼ m i d ɑ ]_w
[_w tsʼ qʼ l ɛ b i ts ]_w
[_w ɑ s i ɑ tʰ i ]_w
[_w ɑ ɣ ɛ b ɑ ]_w
[_w m i m ɑ ɾ tʰ l i ]_w
[_w kʼ ɑ ts s ]_w
[_w i s l ɑ m i s ]_w
[_w ɑ l b ɔ m ʒ i ]_w
[_w pʼ ɑ s u ɣ ɑ ]_w
[_w l ɑ tʰ i n u ɾ i ]_w
[_w i ɛ s ɔ ]_w
[_w b ɛ ɾ ts ɛ n i ]_w
[_w s ɑ ɔ pʼ ɛ ɾ i z ]_w
[_w pʼ l ɑ n ɛ tʼ ɑ ]_w
[_w s tʼ u d i ɑ ]_w
[_w i qʼ ɛ n ɛ b s ]_w
[_w d ɔ n ɛ ]_w
[_w ɔ dʒ ɑ ɣ ʃ i ]_w
[_w tʰ v ɛ ]_w
[_w s ɑ ɛ ɾ tʰ ɔ d ]_w
[_w m tʰ v ɑ ɾ i ]_w
[_w ɾ u s ]_w
[_w x m ɛ ɾ tʰ m ɑ ]_w
[_w b ɔ l ɔ ]_w
[_w m tsʼ ɛ ɾ ɑ ]_w
[_w tʃ ɑ n tʃ kʰ ɛ ɾ i ]_w
[_w ɔ kʼ ɛ ɑ n ɛ ]_w
[_w ʃ ɛ z ɑ x ɛ ]_w
[_w m ɑ i z ʃ i ]_w
[_w b ɾ ɑ l ɔ ]_w
[_w ɾ ɔ m ɑ n i ]_w
[_w m ɑ m ɑ ]_w
[_w m i i ɣ ɛ s ]_w
[_w m ɔ i tʰ x ɔ v ɑ ]_w
[_w ɾ ɑ ɣ ɑ dz ]_w
[_w m ɑ ɣ ɑ l x i s ]_w
[_w i ɾ ɡ v l i v ]_w
[_w m ɔ i ɡ ɛ z ]_w
[_w ts i x ɛ ʃ i ]_w
[_w i tsʼ ɛ ɾ ɛ tʰ i ]_w
[_w s x v ɑ ɡ ɑ n i ]_w
[_w u kʼ ɾ ɑ v s ]_w
[_w m ɑ ʃ i ]_w
[_w qʼ ɔ pʰ i l ]_w
[_w pʰ ɛ n ɑ ]_w
[_w ɡ ɑ i kʰ ts ɑ ]_w
[_w tʰ v l i ɑ n i ]_w
[_w m ɔ ts ɾ ɑ ɔ b s ]_w
[_w ɡ ɑ m ɔ v i d ɑ ]_w
[_w x ʃ i ɾ ɑ d ]_w
[_w m dz ɣ ɛ tʰ ɑ ]_w
[_w tsʼ ɑ ɾ m ɔ ɛ b ɑ ]_w
[_w kʰ ɑ l ɑ kʰ i s ]_w
[_w ɡ ɑ x d ɛ n s ]_w
[_w ɑ d ɡ i l s ɛ ]_w
[_w i s ɛ d ]_w
[_w pʼ ɔ s tʼ z ɛ ]_w
[_w i tʼ ɑ l i u ɾ ]_w
[_w u b ɑ n ʃ i ]_w
[_w ts x ɛ l i ]_w
[_w i d ɛ ɛ b i ]_w
[_w tsʼ ɛ s i ]_w
[_w pʼ ɑ ɾ tʼ i s ]_w
[_w v i ɾ dʒ i n i ɑ ]_w
[_w m ɑ ɾ tʼ i ɑ ]_w
[_w tʰ ɑ m ɑ ʃ s ]_w
[_w u dz n ɔ b ɑ ]_w
[_w ɛ n ɑ ]_w
[_w z ɑ m x ɛ d ɾ ɔ ]_w
[_w ɔ m s ]_w
[_w pʰ ɔ tʰ ɔ l i ]_w
[_w n i u i ɔ ɾ kʼ i ]_w
[_w m u s ɛ u m ʃ i ]_w
[_w s tʼ i v ɛ n ]_w
[_w s tʼ ɑ l i n i ]_w
[_w dz i ɣ ɛ ʃ i ]_w
[_w tsʼ ɛ ɾ tʼ i l i ]_w
[_w ʃ v i d ɛ ɔ ]_w
[_w x ɑ m ɛ z ]_w
[_w d i d ɛ s ]_w
[_w s ɑ m x ɛ d ɾ ɔ ]_w
[_w ɑ ɾ s ɛ b i s ]_w
[_w x ɑ ɾ tʃ i ]_w
[_w m ɔ i ɡ ɛ s ]_w
[_w tʰ v l i s ɑ ]_w
[_w d i d i ɑ ]_w
[_w b ɔ l ɔ s ]_w
[_w m i u ts x v n ɑ ]_w
[_w ts ɑ l kʼ ɛ u l i ]_w
[_w s ɔ pʰ l ɔ ]_w
[_w v ɑ tʃʼ ɾ ɔ b ɑ ]_w
[_w ɡ z ɑ z ]_w
[_w s i m ɑ ɣ l i ]_w
[_w ɾ i ɡ i z ]_w
[_w x m ɛ ɾ tʰ s ]_w
[_w dʒ ɛ m tʰ v i s ]_w
[_w u m dz ɾ ɔ z i ]_w
[_w d i d ɛ b u l i ]_w
[_w pʼ ɔ ɛ tʼ i ]_w
[_w m ɔ m x ɾ ɛ tʰ ]_w
[_w kʼ v l ɑ v ]_w
[_w kʰ m n i ɑ n ]_w
[_w i kʰ i d ɑ n ]_w
[_w m tʰ i ɑ n ]_w
[_w m d i n ɑ ɾ ɛ ]_w
[_w tʃ ɑ u qʼ ɑ ɾ ɑ ]_w
[_w n ɛ tʼ ɑ ɾ i ]_w
[_w ɡ u ɾ ɑ m ]_w
[_w m ɑ ɾ tʰ ɑ l i ɑ ]_w
[_w m dz ɛ n ɑ z ɛ ]_w
[_w kʰ v ɛ qʼ n i z ]_w
[_w ts v ɛ l i s ]_w
[_w pʼ ɑ ɾ i s ]_w
[_w m ɛ pʰ ɛ s ]_w
[_w tsʼ ɑ v i d ɑ ]_w
[_w ɑ l b ɔ m i s i ]_w
[_w i dz i tʰ ]_w
[_w s v ɑ n ɛ tʰ i ]_w
[_w tʰ ɛ m i s ]_w
[_w ɾ tsʼ m ɛ n ɑ ]_w
[_w i m ɛ ɾ ɛ tʰ i ]_w
[_w i tʰ kʰ v ɑ ]_w
[_w s ɑ ɣ ɛ ɔ b ɑ ]_w
[_w s ɑ kʰ ɔ n l i z ]_w
[_w ɑ ɾ ɑ m ɑ ts ]_w
[_w b ɑ ɣ ʃ i ]_w
[_w ɾ ɛ kʼ ɔ ɾ d i ]_w
[_w b ɔ l ɔ m d ɛ ]_w
[_w kʰ ɑ l ɑ kʰ i ɑ ]_w
[_w ɣ ɑ tʼ i ]_w
[_w ɡ ɑ v l ɛ tʰ ]_w
[_w m i z i ɑ ]_w
[_w ɔ m ʃ i ]_w
[_w ʒ ɛ kʼ i tʰ x i ]_w
[_w m kʼ v d ɑ ɾ i ]_w
[_w v ɑ n ɔ ]_w
[_w b ɔ l i v i i s ]_w
[_w ɑ tʃ v ɛ n z ]_w
[_w v ɛ n i s ]_w
[_w tsʼ ɛ ɾ i l ɛ b s ]_w
[_w i kʰ i tʰ ]_w
[_w d ɔ n i s ]_w
[_w tʼ qʼ ɛ ʃ i ]_w
[_w z ɑ m tʰ ɑ ɾ ʃ i ]_w
[_w tʼ ɛ kʰ s tʼ i s ]_w
[_w l i ɡ i ɑ ]_w
[_w kʼ ɛ d l ɛ b i s ]_w
[_w kʼ ɛ n i ɑ ]_w
[_w ts x ɔ v ɾ ɛ b ɑ ]_w
[_w ɛ tʰ ɛ ɾ ʃ i ]_w
[_w m tʰ ɑ v ɑ ɾ i s ]_w
[_w l ɑ tʰ ]_w
[_w u kʼ ɛ tʰ ]_w
[_w ɾ u s ɛ tʰ i ɑ ]_w
[_w tsʼ qʼ ɑ l s ]_w
[_w ɾ u s ɛ tʰ z ]_w
[_w m tʰ v ɑ ɾ i ɑ m ]_w
[_w ɛ s ɛ ]_w
[_w s x v ɑ ɔ ]_w
[_w m ɑ ɾ tʰ v ɛ l ]_w
[_w ɔ tʃ ɑ ɣ ɔ ]_w
[_w d i n ɑ ɾ i ]_w
[_w ʃ ɛ s ɑ dz ]_w
[_w m ɔ s tsʼ ɑ v l ɛ ]_w
[_w m ɑ n ]_w
[_w d ɑ z ɑ v l ɛ ]_w
[_w ɑ ɡ u ɾ i s ]_w
[_w ɾ ɔ m ɛ b i s ]_w
[_w ɾ ɔ kʼ ]_w
[_w b ɾ dz ɑ n ɑ ]_w
[_w m ɑ i s i ]_w
[_w ts v ɛ l ]_w
[_w s ɑ x ɛ ɔ b ɑ z ]_w
[_w v ɛ ɾ ɑ v i ]_w
[_w m ɛ ɾ ɛ tʰ ʃ i ]_w
[_w m kʰ ɔ n d ɑ ]_w
[_w ɑ dʒ ɑ n qʼ ɛ b ɑ ]_w
[_w s tʼ ɑ tʼ i i z ]_w
[_w d ɔ kʰ tʼ ɔ ɾ i s ]_w
[_w d ɑ i kʼ ɑ v ɑ ]_w
[_w s ɑ m u ʃ ɑ v ɛ ]_w
[_w z ɔ pʰ l ɛ b ɑ s ]_w
[_w tsʼ ɑ i qʼ v ɑ n ɑ ]_w
[_w kʼ ɑ tʼ ɑ ]_w
[_w kʼ l u b ʃ i ]_w
[_w m u z ɛ u m i ]_w
[_w ɑ x n i ʃ n ɑ ]_w
[_w ɑ m ɑ x l i s ]_w
[_w ɑ m i s ɑ n i ]_w
[_w ɑ kʼ ɑ d i ]_w
[_w kʼ v i ɾ ɑ ʃ i ]_w
[_w ɡ ɑ v l ɛ ]_w
[_w i kʰ m n ɛ s ]_w
[_w ɑ tʰ ɑ s i ]_w
[_w tʰ ɛ ɔ ɾ i ɑ ]_w
[_w ɾ ɛ ɑ l u ɾ ɑ d ]_w
[_w s ɑ kʼ u tʰ ɾ i v ]_w
[_w kʼ ɔ n kʼ u ɾ s i ]_w
[_w s ɑ kʰ ɔ n ɛ l i ]_w
[_w ts n ɔ b i s ]_w
[_w ts ɛ n tʼ ɾ ʃ i ]_w
[_w s ɑ ɾ tʰ u l i ]_w
[_w s ɑ ɑ v tʼ ɔ ɾ ɔ ]_w
[_w x m ɛ ɾ tʰ i ]_w
[_w b i s n ɛ s i s ]_w
[_w i ɣ ɛ b ɑ ]_w
[_w i dz i ]_w
[_w d ɣ ɛ ʃ i ]_w
[_w ɑ d ɡ i l i ɑ ]_w
[_w d ɑ ts u l ]_w
[_w m tʰ ɛ b ʃ i ]_w
[_w pʰ u l i ]_w
[_w ʃ ɛ n ɔ b i tʰ ]_w
[_w tʰ ɑ z i s ]_w
[_w tʰ x ɔ v z ]_w
[_w ɾ ɔ b ɛ ɾ tʼ ]_w
[_w ɑ pʰ ɾ i kʼ ɑ ʃ i ]_w
[_w tʰ ɑ n ɑ d ɑ ]_w
[_w ɑ l pʼ ɛ b ʃ i ]_w
[_w ɛ ɾ i ]_w
[_w s ɑ d ɣ ɑ ts ]_w
[_w ɔ kʰ ɾ ɔ s ]_w
[_w ʃ tʼ ɑ tʼ i s ]_w
[_w s ɔ m x u ɾ ]_w
[_w m i i tʃ n ɛ v ɑ ]_w
[_w tʃ v ɛ n ]_w
[_w i tʰ x ɔ v s ]_w
[_w d ɑ kʼ ɑ ɾ ɡ ɑ ]_w
[_w ɾ ɑ dz ]_w
[_w ʃ u ɾ n ɑ l ʃ i ]_w
[_w ɑ m b ɔ b z ]_w
[_w ɾ ɔ m ɑ u l ]_w
[_w m tʰ ɑ v ɑ d ]_w
[_w m ɛ kʰ s i z ]_w
[_w z i kʼ v d i l z ]_w
[_w ɡ ɑ tʼ ɑ n i ]_w
[_w ɑ b ɑ ]_w
[_w ɾ ɛ ɑ kʰ ts i i z ]_w
[_w n ɔ b ɛ l i ]_w
[_w ɑ i ɾ tʃ i ɛ z ]_w
[_w z i ɑ ]_w
[_w ɾ ɔ dz ɑ ]_w
[_w kʼ u b i s ]_w
[_w tʰ kʰ m ɑ ]_w
[_w ɡ ɑ x l d ɑ ]_w
[_w l i d ɛ ɾ i ]_w
[_w tsʼ ɛ s i tʰ ]_w
[_w m i s ɑ n i ]_w
[_w ʃ ɛ s ɑ dz l ɔ ɑ ]_w
[_w tʼ ɔ m i s i ]_w
[_w ɑ n d ɾ i ɑ ]_w
[_w u tsʼ ɔ d ɛ b ɛ n ]_w
[_w ʒ ɛ m d ɡ ɔ m ]_w
[_w m ʃ ɔ b l ɔ ]_w
[_w m i l i ɔ n i ]_w
[_w tʰ kʰ v ɛ n i s ]_w
[_w m tʼ ɾ i z ]_w
[_w m ɑ n v ɛ ]_w
[_w kʼ u tʰ x ɛ ʒ i ]_w
[_w s ɑ x ɛ l i ]_w
[_w ɣ ɛ ɔ b ɑ ]_w
[_w i ts ɔ d n ɑ ]_w
[_w ɾ ɑ ɣ ɑ ts ]_w
[_w s ɛ d i s ]_w
[_w ɛ v ɾ ɔ pʼ ɑ ]_w
[_w m ʃ ɔ b l ɛ m ɑ ]_w
[_w s ɑ pʼ ɑ tʼ i ɔ ]_w
[_w i m ɑ z ]_w
[_w tʼ qʼ i tʰ ]_w
[_w u i l i ɑ ]_w
[_w u kʼ i d u ɾ ɛ s ]_w
[_w kʼ ɑ n ɔ n ɔ ]_w
[_w ɑ pʼ i ɾ ɛ b i z ]_w
[_w ɑ m ɔ ts ɛ m ɑ ]_w
[_w kʰ v ɛ qʼ ɑ n ɑ ]_w
[_w pʼ ɛ d ɑ ɡ ɔ ɡ i ]_w
[_w pʼ i ɾ ɑ s ]_w
[_w ʃ ɛ n ɔ b ɑ ]_w
[_w tʰ ɑ m ɑ ʃ ɛ b i ]_w
[_w b u n ɛ b ɑ ]_w
[_w ɡ ɑ ɾ kʼ v ɛ v ɑ ]_w
[_w ɑ kʰ ɑ m d ɛ n i ]_w
[_w ʃ ɛ s ɑ ts ]_w
[_w d ɛ d ɑ z ]_w
[_w ɾ ɛ l i ɡ i i s ]_w
[_w x ɛ ɛ b i ]_w
[_w ɑ tʰ ɑ s ɔ b i tʰ ]_w
[_w dz ɑ l ɑ ]_w
[_w ɑ n ɡ ɑ ɾ i ]_w
[_w n ɔ m ɛ ɾ ʃ i ]_w
[_w ɡ ɑ m ɑ ɾ tʼ ɔ ]_w
[_w m ɑ x ɑ l x s ]_w
[_w pʼ ɑ ɾ i z ɣ i s ]_w
[_w ɑ s ɾ u l ɑ ]_w
[_w ɡ ɑ u kʰ m d ɑ ]_w
[_w z z ɾ kʼ i s ]_w
[_w s ɑ tʃ ɑ ɾ ɔ ]_w
[_w ʃ ɔ ɾ i s ]_w
[_w kʼ ɔ n tʼ ɾ ɔ l i ]_w
[_w tʰ i tʰ ɔ ɛ u l ]_w
[_w tʼ qʼ i z ]_w
[_w u n d ɔ d ɑ ]_w
[_w ɔ s tʼ ɑ tʼ i i s ]_w
[_w dʒ ɛ m s ]_w
[_w dz n ɛ l i ]_w
[_w tʰ ɑ m ɑ ʃ ʃ i s ]_w
[_w ɾ ɔ kʼ i ]_w
[_w dz ɛ kʼ v ɑ ]_w
[_w m i ɣ ɛ d v i tʰ ]_w
[_w ɡ ɑ d i s ]_w
[_w ɾ ɔ m ʃ i ]_w
[_w kʰ s n i s ]_w
[_w m ɛ s ɑ m ɛ ]_w
[_w ɾ ɔ ɡ ɔ ɾ dz ]_w
[_w ɛ x l ɑ ]_w
[_w tʼ v i n i s ]_w
[_w ʃ ɛ n i ]_w
[_w kʰ ɑ l s ]_w
[_w ʃ tʼ ɑ tʼ ɛ b i ]_w
[_w s ɑ z ɣ v ɛ v ɑ ]_w
[_w i s ɛ v ]_w
[_w kʼ ɔ ʃ kʼ i ]_w
[_w d ɑ ɾ ɡ i ]_w
[_w s i ɡ ɑ n ɛ ]_w
[_w tʰ ɔ v l i ]_w
[_w m i ɑ tʃ n d ɑ ]_w
[_w m s u b u kʰ i ]_w
[_w ts ɔ l i ]_w
[_w v ɑ d ɑ ]_w
[_w ɾ ɛ ɡ i ɔ n z ]_w
[_w tʰ ɛ ɑ tʼ ɾ i s ]_w
[_w pʰ ɔ ɾ m ɑ ]_w
[_w ɑ tʰ ɑ s ]_w
[_w ɔ kʰ ɾ ɔ ]_w
[_w ɾ ɛ ʃ i z ɔ ɾ i ]_w
[_w d ɑ ɑ d ɡ i n ɑ ]_w
[_w ɾ ɔ d i z ]_w
[_w m i i ɣ ɔ s ]_w
[_w s i s tʼ ɛ m ɑ ]_w
[_w dʒ i n ɛ tʰ ʃ i ]_w
[_w m ɔ m d ɛ ]_w
[_w b ɔ l i v i i z ]_w
[_w d ɑ z ɑ v l ɛ tʰ ]_w
[_w i tʼ ɑ l i ɑ ]_w
[_w d i m i tʼ ɾ i ]_w
[_w ɡ ɑ i ɾ kʼ v ɑ ]_w
[_w v ɑ n ]_w
[_w u d i d ɛ b i s ]_w
[_w ɡ ɑ kʰ ɾ ɑ ]_w
[_w x s n i l i ]_w
[_w pʰ ɔ ɾ m ɑ ʃ i ]_w
[_w tsʼ i tʰ ɛ l ]_w
[_w m ɡ ɔ n i ɑ ]_w
[_w m kʼ v ɛ tʰ ɾ ɑ d ]_w
[_w ɡ u n d i ]_w
[_w l i tʰ ɔ n ]_w
[_w s ɑ m ʃ ɔ b l ɔ ]_w
[_w dʒ ɑ ɾ tʰ u l i ]_w
[_w n i ɑ d ɑ ɡ i ]_w
[_w ɾ ɔ m ɑ ]_w
[_w i s i ts ]_w
[_w s i v ɾ dz ɛ l i ]_w
[_w dz ɔ ts x ɑ l ]_w
[_w m ɛ ɔ ts ɛ ]_w
[_w m ts x ɛ tʰ ɑ ʃ i ]_w
[_w tʰ i ɣ i s ]_w
[_w d ɣ ɛ ]_w
[_w pʰ ɔ ɾ m ɛ b i ]_w
[_w s ɑ z ɣ v ɾ i s ]_w
[_w ɡ ɑ ɛ m ɑ ɾ tʰ ɑ ]_w
[_w ɑ n tʼ i ]_w
[_w s i m ɔ n ]_w
[_w ɑ ɣ tsʼ ɛ ɾ s ]_w
[_w b ɾ dz ɑ n ɛ b ɑ ]_w
[_w tʰ ɑ m ɑ ʃ ɔ ]_w
[_w v i ɾ tʃ i ɑ ]_w
[_w dʒ ɑ ɾ ɛ b d ɑ ]_w
[_w d i d m ɑ ]_w
[_w dz ɔ l i s ]_w
[_w kʰ ɑ ɾ tʰ l ɛ ]_w
[_w tsʼ ɑ m qʼ v ɑ n ɑ ]_w
[_w n i m u ʃ i ɑ ]_w
[_w s ɑ ɾ tʼ qʼ l i s ]_w
[_w ɡ ɑ m ɔ d ɡ ɑ ]_w
[_w ɑ z ɑ x l ʃ i ]_w
[_w v ɑ ɾ d ɛ b ɑ ]_w
[_w s ɑ x v tʰ ɔ ]_w
[_w kʼ ɑ v ʃ i ɾ s ]_w
[_w b ɔ l i v i ɑ ]_w
[_w s ɛ ɡ ɑ n i ]_w
[_w v tʰ kʰ v ɑ ]_w
[_w ɡ ɑ tʃ n d ɑ ]_w
[_w s tsʼ ɾ ɑ pʰ i ]_w
[_w m i i ɣ ɛ b ɑ ]_w
[_w n ɑ kʼ l ɛ b i ]_w
[_w n i kʼ ɔ ]_w
[_w tʼ ɾ ɔ pʼ i kʼ u l ]_w
[_w u n d ɑ ]_w
[_w l i ɡ ɑ ]_w
[_w dʒ i l ɛ s ]_w
[_w m ɛ ɡ ɾ u l i ɑ ]_w
[_w d ɑ b ɑ ]_w
[_w tsʼ ɔ n ɑ ]_w
[_w tsʼ ɛ s ɛ b i ]_w
[_w m qʼ ɔ pʰ ]_w
[_w m ɑ ɾ tʼ ɔ ]_w
[_w m ɑ i s ʃ i ]_w
[_w ɑ ɾ tʃ ɛ u l ]_w
[_w ɑ ɾ i ɑ ]_w
[_w i tʼ ɑ l i n i s ]_w
[_w pʰ ɑ ɾ tʰ ɔ d ]_w
[_w ɡ ɑ ɾ ɛ m ɔ ]_w
[_w i n ɑ ɣ ɛ b ]_w
[_w qʼ ɔ pʰ n ɑ ]_w
[_w s ɑ d ɡ u ɾ i tʰ ]_w
[_w n ɑ pʼ i ɾ ]_w
[_w kʼ ɾ ɛ b i ]_w
[_w s ɾ u l ]_w
[_w ɾ ɔ m ɛ l i ]_w
[_w ɡ v i ɑ n d ɛ l ]_w
[_w ɡ ɑ z ɛ tʰ i ]_w
[_w ɣ ɛ l i ɑ ]_w
[_w b ɑ z ɑ z ɛ ]_w
[_w tʼ ɑ dz ɑ ɾ s ]_w
[_w ɡ v ɛ ɾ d i ]_w
[_w i tsʼ v ɛ v d ɑ ]_w
[_w s ɑ m ]_w
[_w z ɑ d ɡ u ɾ i s ]_w
[_w ɣ ɑ l x i s ]_w
[_w ʃ ɛ n ɑ kʼ i ɑ n ]_w
[_w x ɑ n i s ]_w
[_w ɡ ɑ d ɑ i ɣ ɔ ]_w
[_w s u ɡ d i d i ]_w
[_w i kʰ ts ɑ ]_w
[_w dʒ v ɛ n ]_w
[_w z i tʼ qʼ v ɛ b s ]_w
[_w b ɑ n kʼ ɔ ]_w
[_w tsʼ ɑ ɑ ɡ ɑ v s ]_w
[_w ɑ x ɛ ɾ x d ɑ ]_w
[_w s tʼ i v ]_w
[_w i m ɑ ɾ tʰ ɑ ]_w
[_w v i l h ɛ l m ]_w
[_w ɑ ɣ m ɔ tʃ ɛ n ɑ ]_w
[_w ɑ kʰ ts i ɑ ]_w
[_w pʰ u dz ɛ ]_w
[_w ɛ kʰ i m i ]_w
[_w ɑ ɾ tʃ ɛ n ]_w
[_w ʃ u ɾ n ɑ l ]_w
[_w tʃ v ɛ n tʰ v i s ]_w
[_w v i n ts ]_w
[_w kʼ ɔ m pʼ ɑ n i ɑ ]_w
[_w m ɑ tʰ ]_w
[_w m u s i kʼ i s ]_w
[_w b ɑ x i s ]_w
[_w d ɑ v i tʰ i s ]_w
[_w m ɔ tsʼ m ɔ b s ]_w
[_w s ts ɛ n ɔ ]_w
[_w ɑ kʰ ɑ m d ɛ ]_w
[_w tʰ l i l i ]_w
[_w h kʰ ɔ n d ɛ s ]_w
[_w ɑ ɣ ɑ l i ]_w
[_w d ɑ dz u l i ]_w
[_w ɡ ɛ ɡ m i tʰ ]_w
[_w s i n ɡ l i s ]_w
[_w ɡ ɑ n ɑ x l d ɑ ]_w
[_w s ɔ m i s ]_w
[_w m ɑ m ɑ kʼ ɑ dz i ]_w
[_w ɡ ɑ l ɑ v ɑ dz ]_w
[_w m x ɑ ɾ i b i s ]_w
[_w m ɑ i s i s ]_w
[_w tʼ ɑ x tʼ i s ]_w
[_w ʃ ɾ ɔ m ɑ n ʃ i ]_w
[_w ɣ ʃ i ɾ ɑ d ]_w
[_w i v ɑ n i ]_w
[_w ɑ kʰ v tʰ ]_w
[_w dʒ ɛ i m z ]_w
[_w pʼ ɑ s u x s ]_w
[_w d ɑ ɾ tʼ qʼ m ɑ ]_w
[_w tʃ i n ɛ tʰ ʃ i ]_w
[_w kʼ ɑ ɾ i ɛ ɾ ɑ ]_w
[_w s s ɾ kʼ ʃ i ]_w
[_w qʼ ɛ l i ]_w
[_w ɛ n ɑ z ɛ ]_w
[_w i v n i z ]_w
[_w ɡ ɑ m ɔ d i s ]_w
[_w s ɛ ɾ i ɑ ]_w
[_w ɑ ɾ tʃ ɛ b ɑ ]_w
[_w u tʃʼ i ɾ ɑ ]_w
[_w ɡ ɔ ɾ i s ɑ ɑ ]_w
[_w s ɑ ɣ ɛ ɔ b i s ]_w
[_w m ɑ tʰ i ]_w
[_w pʼ ɾ u s i i s ]_w
[_w s ɾ u l ɑ d ]_w
[_w m ts x ɔ v ɛ l i ]_w
[_w m ɔ x d ɛ b ɑ ]_w
[_w m i l ɑ n i ]_w
[_w s i kʼ v d i l s ]_w
[_w d ɑ d i ɔ n i ]_w
[_w ɾ ɔ m ɛ l m ɑ ts ]_w
[_w d ɑ b ɑ l ]_w
[_w ɣ ɛ ɛ b ʃ i ]_w
[_w ɡ ɑ m ɔ pʰ ɛ n ɑ ]_w
[_w kʰ m ɑ ɾ i ɑ ]_w
[_w ɑ d ɡ i l ɑ z ]_w
[_w m ɛ ts ]_w
[_w tʃ i n ɛ tʰ i ]_w
[_w pʰ ɑ ɾ tʰ ɔ b i tʰ ]_w
[_w n ɑ v tʰ ɔ b i ]_w
[_w ɾ u s ɛ tʰ i v ɛ ]_w
[_w dʒ ɑ tsʼ ɛ ɾ i tʰ ]_w
[_w ɔ ts n ɛ b ɑ ]_w
[_w dz i x i s ]_w
[_w u d ɾ i z ]_w
[_w s u l i s ]_w
[_w h kʰ ɔ n d ɑ tʰ ]_w
[_w z ɑ ɣ l d ɑ ]_w
[_w pʰ ɔ ɾ m u l ɑ ]_w
[_w tsʼ ɑ ɑ ɡ ɔ ]_w
[_w d i d ]_w
[_w tʃ i n ɛ tʰ i s ]_w
[_w d i l i s ]_w
[_w v ɑ z i l i ɑ ]_w
[_w i kʼ v ɛ b i ]_w
[_w ɑ ɾ ɑ n ɑ i ɾ i ]_w
[_w tʰ ɛ ɑ tʼ ɾ i ]_w
[_w ɔ ɾ m ɑ ʃ i ]_w
[_w d ɑ i ɣ u pʼ ɑ ]_w
[_w ɔ kʼ ɛ ɑ n ɛ ʃ i ]_w
[_w tʃ ɛ m tʰ v i s ]_w
[_w dʒ ɛ i m s ]_w
[_w u pʰ ɑ l z ]_w
[_w tʰ i tʰ kʰ m i s ]_w
[_w m tʰ ɛ l z ]_w
[_w n ɑ pʼ i ɾ ɔ b ɑ ]_w
[_w m x ɑ tʼ v ɑ ɾ i ]_w
[_w m ɑ ɾ tʰ l ʃ i ]_w
[_w u pʰ l i s ]_w
[_w ɔ tʰ ɑ ɾ ]_w
[_w m ɑ ɣ ɑ l i ]_w
[_w s i tʼ u ɑ dz i ɑ ]_w
[_w x ɑ s s ]_w
[_w i kʰ n ɑ s ]_w
[_w ɾ ɔ ɡ ɔ ɾ i s ]_w
[_w ts ɑ l i ]_w
[_w ʃ tʼ ɑ tʼ ɛ b i s ]_w
[_w ɾ i qʼ i s ]_w
[_w ɾ tʃ ɛ b ɑ ]_w
[_w ʃ ɛ m ɔ ɾ tʃ ɑ ]_w
[_w ɑ m d ɛ n ɑ d ]_w
[_w x i d i s ]_w
[_w ɾ ɔ m ɛ l ʃ i ]_w
[_w ɾ ɑ i ɔ n u l i ]_w
[_w tʼ ɑ ts ɑ ɾ ʃ i ]_w
[_w ɛ ts x v n ɛ b ɑ ]_w
[_w s u s tʼ ɑ d ]_w
[_w n i v tʰ ɛ b i ]_w
[_w i s ɑ ɑ ]_w
[_w ɣ ɑ ɾ tʰ ]_w
[_w ɡ ɑ ɾ ɛ u l ]_w
[_w ɣ m ɑ z ]_w
[_w d ɑ i x u ɾ ɑ ]_w
[_w ɑ l b ɔ m i ]_w
[_w ɑ d ɡ i l i s ]_w
[_w tʰ i tʰ kʰ ɔ z ]_w
[_w d ɑ ʃ l i s ]_w
[_w tʃ ɑ v ɑ ɾ i ]_w
[_w d i ɑ m ɛ tʼ ɾ i ]_w
[_w m ɑ ɾ tʼ z ]_w
[_w u pʰ ɑ l m ɑ ]_w
[_w ɑ ɾ ɑ s ɛ ]_w
[_w n i kʼ ɑ ]_w
[_w ɛ n i s ]_w
[_w ɑ ʃ ɛ n d ɑ ]_w
[_w ts ɑ l ɑ ]_w
[_w d ɑ ts v i s ]_w
[_w ts ɔ l i s ]_w
[_w m ɔ s v l i s s ]_w
[_w n ɑ n ɑ ]_w
[_w s ɔ m i ɛ ɾ ɑ ]_w
[_w b ɑ tʼ ɔ n i ]_w
[_w ɡ v ɑ ɾ ɑ d ɑ ]_w
[_w ɡ v ɑ ɾ ]_w
[_w m u s i kʼ ɑ ]_w
[_w ʃ tʼ ɑ tʼ ]_w
[_w s ɑ ɛ ɾ tʰ i ]_w
[_w tʼ ɛ ɾ m i n i ]_w
[_w m ɔ i ts ɑ v d ɑ ]_w
[_w m ɛ ʃ v i d ɛ ɔ ]_w
[_w s ɑ x ɛ l ɛ b i ]_w
[_w tʃ ɑ ɑ b ɑ ɾ ɑ ]_w
[_w z ɑ i tʼ i s ]_w
[_w m i d i s ]_w
[_w s ɑ ɣ ɛ ]_w
[_w ɑ m ɑ z ]_w
[_w tsʼ i ɡ n i s ]_w
[_w kʼ ɑ ɾ l ɔ s ]_w
[_w m x ɾ i d ɑ n ]_w
[_w s ɔ m i ɛ ɾ i ]_w
[_w ɣ ɔ l m ɛ ]_w
[_w ɑ ɾ ɣ i s ]_w
[_w ɡ ɛ m i ]_w
[_w m ɑ m ɑ s ]_w
[_w x m ɛ ɾ tʰ z ]_w
[_w d ɛ d ɔ pʰ ɑ l i ]_w
[_w d i s ɑ i n i ]_w
[_w ɑ tʃʼ ɑ ɾ i s ]_w
[_w z ɑ tʰ ɑ u ɾ i ]_w
[_w m ts ɛ n ɑ ɾ i ]_w
[_w ɾ ɔ l i ]_w
[_w kʰ ɑ ɾ tʰ v i s ]_w
[_w tʰ ɑ ɾ i ]_w
[_w m i n d ɔ ɛ tʰ i ]_w
[_w m z ɣ v i s ]_w
[_w i b n ]_w
[_w s ɑ x i ɔ b i ]_w
[_w m ts x ɛ tʰ i s ]_w
[_w pʼ ɑ pʼ i ]_w
[_w ɡ ɑ i tʰ kʰ v ɑ ]_w
[_w kʰ ɛ d s ɛ ]_w
[_w ɑ d v i l ɑ d ]_w
[_w kʰ m ɑ ɾ i ɑ n ]_w
[_w kʰ ɔ n ɛ b i ]_w
[_w i n ɡ l i s i s ]_w
[_w m ɛ ʃ v i d i ]_w
[_w i n ɡ l i z u ɾ ]_w
[_w ɑ n d ɑ ]_w
[_w tʰ ɛ m ʃ i ]_w
[_w s tʰ x ɔ v s ]_w
[_w ɡ ɑ v i d ɑ n ]_w
[_w ɑ m i s ]_w
[_w kʼ v ɑ l i ]_w
[_w z i ɡ ɾ dz ɛ ɑ ]_w
[_w kʼ ɛ d l ɛ b i ]_w
[_w pʰ ɔ n s ɛ ]_w
[_w ɑ kʰ ɑ dz ]_w
[_w ɾ ɑ m ɛ ]_w
[_w dʒ i n ɛ tʰ i ]_w
[_w u m ɑ ɣ l i ]_w
[_w ɡ ɛ n ɛ ɾ ɡ i ɑ ]_w
[_w v i ts i ]_w
[_w tʃ ɛ m pʼ i ɔ n i ]_w
[_w m d ɛ ]_w
[_w n ɑ ɡ ɛ b ɑ ]_w
[_w d ɑ tʰ v i ]_w
[_w ɛ n ɑ z ]_w
[_w tʰ ɛ v s ɛ b i s ]_w
[_w i tʼ ɑ l i ɑ n ]_w
[_w tʃ ɑ tʼ ɑ ɾ ɛ b s ]_w
[_w ɛ ɾ tʰ ɡ v ɑ ɾ i ]_w
[_w z ɾ u l d ɑ ]_w
[_w m ɑ s ɑ l ɛ b s ]_w
[_w m qʼ i n v ɑ ɾ i ]_w
[_w ɑ m i s i ]_w
[_w ɣ ɑ n ]_w
[_w kʼ ɔ d i ]_w
[_w ɑ m ɔ ts ]_w
[_w s ɑ ʃ i n ]_w
[_w tʰ ɛ n ɡ i s ]_w
[_w kʰ s ɛ l i ]_w
[_w pʼ i ɾ ɔ b ɛ b i ]_w
[_w ɑ v s tʼ ɾ i i s ]_w
[_w ɛ b ɾ ɑ ɛ l i s ]_w
[_w kʰ ɑ ɾ tʰ l ɑ ]_w
[_w s i n ɑ tʰ l ɑ d ]_w
[_w m ts ɛ n ɑ ɾ ɛ ]_w
[_w i ɣ i l ɛ tʰ ]_w
[_w i m ɛ ɾ ɛ ]_w
[_w i ɔ ɑ n ɛ s ]_w
[_w x ɑ n ɛ b i ɑ n ]_w
[_w s ɾ u l d ɛ b ɑ ]_w
[_w b ɾ dz ɔ l ɑ d ]_w
[_w s tʼ ɑ d ]_w
[_w ts x ɔ v ɾ ɔ b s ]_w
[_w i kʰ n ɛ b i ]_w
[_w dʒ ɑ d i s ]_w
[_w tsʼ v l i l i ]_w
[_w i ɑ ɾ ɑ x i ]_w
[_w pʼ ɔ l ɔ n i ɑ ]_w
[_w m ɑ ɾ tʼ ʃ i ]_w
[_w tʼ ɔ m ɑ z ]_w
[_w ɾ ɛ v ɑ n ]_w
[_w v i tsʼ ɾ ɔ ]_w
[_w m tʰ ɑ v ɑ ɾ ]_w
[_w pʰ i ɡ u ɾ ɑ ]_w
[_w m pʰ l ɔ b ɛ n ]_w
[_w i s ɾ ɑ ɛ l i ]_w
[_w s ɑ b ɔ l ɔ ɔ ]_w
[_w pʼ i ɛ ɾ ]_w
[_w tʰ ɑ v ɑ d ]_w
[_w u pʼ ɑ s u x i ]_w
[_w kʰ v ɛ qʼ n ɛ b s ]_w
[_w s ɑ pʰ x u l i s ]_w
[_w u kʼ ɑ n ɔ n ɔ ]_w
[_w pʰ ɑ z i ]_w
[_w d ɑ i tsʼ qʼ ɔ ]_w
[_w h kʰ ɔ n d ɛ z ]_w
[_w ɑ ɾ dʒ i ]_w
[_w m i x ɛ b u l i ]_w
[_w ʃ ɛ x v ɛ d ɾ ɑ ]_w
[_w pʰ ɾ ɑ n dz ]_w
[_w v i ts i tʰ ]_w
[_w ɑ ɣ ɛ ɾ ɣ ɑ ]_w
[_w ɑ v s tʼ ɾ i ]_w
[_w tʃ ɑ tsʼ ɛ ɾ ɑ ]_w
[_w m ɑ s s ɛ ]_w
[_w s tʼ ɑ tʼ i i s ]_w
[_w pʼ ɾ ɛ z ɑ ]_w
[_w m tʰ ɑ v ɑ d i tʰ ]_w
[_w b ɛ ɾ dz n u l ]_w
[_w tsʼ i n ]_w
[_w ts ɑ x l i s ]_w
[_w l ɛ kʰ s ɛ b s ]_w
[_w ɑ kʰ tʼ i u ɾ ɑ d ]_w
[_w s ɑ ɣ ɑ v s ]_w
[_w kʼ l ɑ s i s ]_w
[_w ɛ ɾ tʰ ɛ ɾ tʰ i ]_w
[_w s ɑ x l i ]_w
[_w m ɑ n u l i ]_w
[_w s i u ʃ ɛ tʼ i ]_w
[_w pʰ ɛ x s ɛ ]_w
[_w ts v ɛ l i z ]_w
[_w m ɑ n dz i l i ]_w
[_w n i ʃ n ɑ d ]_w
[_w tʼ qʼ ɛ ɛ b ʃ i ]_w
[_w i ɑ n v ɑ ɾ i ]_w
[_w ɡ ɑ v l ɛ n i tʰ ]_w
[_w u dz ɣ ɔ ɛ l i ]_w
[_w pʰ ɾ ɑ n ɡ u l ]_w
[_w m x ɔ l ɔ ]_w
[_w i s tʼ ɔ ɾ i ]_w
[_w kʼ v i ɾ ɑ ]_w
[_w tsʼ qʼ ɑ l z ]_w
[_w v i kʰ tʼ ɔ ɾ i ]_w
[_w d ɑ ts u l i ɑ ]_w
[_w u tsʼ qʼ ɔ b z ]_w
[_w tʼ ɔ n i ]_w
[_w tʃ ɾ d i l i tʰ ]_w
[_w s ɔ ɡ i ɛ ɾ tʰ i ]_w
[_w tʰ v i s ]_w
[_w ɾ ɔ d ɛ s ]_w
[_w i tsʼ qʼ ɛ b ɑ ]_w
[_w i tsʼ qʼ ɛ b s ]_w
[_w m ɛ ɔ tʰ x ɛ ]_w
[_w ɑ v i d ɑ n ]_w
[_w i dz ɔ d ɑ ]_w
[_w s ɑ tʰ ɑ v ɛ ʃ i ]_w
[_w kʰ u tʃ ɑ ]_w
[_w d ɑ ɾ b ɑ s ʃ i ]_w
[_w tʰ v l i tʰ ]_w
[_w kʰ ɛ d z ɛ ]_w
[_w m ɑ ɡ ]_w
[_w ɔ tʰ x i ]_w
[_w ɾ ɛ ɡ i ɔ n s ɛ ]_w
[_w m u kʰ i ]_w
[_w kʰ ɔ n ɛ ]_w
[_w kʰ ɑ n ɛ b ʃ i ]_w
[_w ts ɛ n tʼ ɾ i ɑ ]_w
[_w ɛ ɾ tʰ m ɑ ]_w
[_w d ɑ dz v ɑ ]_w
[_w pʼ ɾ ɛ m i i s ]_w
[_w ɑ v tʼ ɔ ɾ ɔ ]_w
[_w pʰ ɑ ɾ tʰ ɔ b i z ]_w
[_w pʼ ɔ ɛ s i i s ]_w
[_w pʼ i ɾ i s ]_w
[_w n ɑ ɣ v ɑ ]_w
[_w x ɑ ɾ ɔ b s ]_w
[_w kʼ i tʰ x s ]_w
[_w i m ɛ ɾ ɛ tʰ i s ]_w
[_w tʃ ɑ tsʼ ɛ ɾ i tʰ ]_w
[_w ɾ ɑ s m i ]_w
[_w d ɛ v n ɔ ]_w
[_w ɑ n d ɛ b i tʰ i ]_w
[_w n ɑ x ɛ v ɑ ɾ i ]_w
[_w m i z n ɑ d ]_w
[_w ʃ ɛ kʰ m n ɛ b ɑ ]_w
[_w pʰ ɑ kʰ tʼ i u ɾ ]_w
[_w qʼ v i ɾ i l i ]_w
[_w s tʼ ɑ tʼ i ɑ ʃ i ]_w
[_w s ɑ d ɡ u ɾ i s ]_w
[_w d ɑ tsʼ ɛ ɾ i ɑ ]_w
[_w ɡ ɑ i ts n ɔ ]_w
[_w ɑ ɾ dʒ ɛ u l i ]_w
[_w m i s n ɑ d ]_w
[_w ɑ m ɑ n ]_w
[_w x ɔ ɾ dz i ]_w
[_w b ɔ kʰ l ɔ m i ]_w
[_w ɾ ɔ l i s ]_w
[_w ʃ ɛ kʼ i tʰ x v ɑ ]_w
[_w ʃ ɑ v i z i ]_w
[_w d ɑ n ]_w
[_w m ɑ x ɑ l x tʰ ɑ ]_w
[_w ʃ ɛ kʰ m n ɑ ]_w
[_w m ɔ tʰ ɑ m ɑ ɾ ]_w
[_w ʃ ɛ ɛ x ɛ b ɑ ]_w
[_w s ɑ kʼ u tʰ ɑ ɾ i ]_w
[_w ɡ u n d ɛ b i tʰ ]_w
[_w tʰ x ɔ v s ]_w
[_w z ɑ tʃʼ i ɾ ɔ ɑ ]_w
[_w tʼ qʼ ɛ ʒ i ]_w
[_w n i ʃ n ɑ v d ɑ ]_w
[_w tʃ n d ɛ b i ]_w
[_w pʰ ɾ i d ɾ i x ]_w
[_w ɔ d n ɑ v ]_w
[_w tʰ ɑ m ɑ ʃ i ]_w
[_w ʒ ɛ kʰ m n ɑ z ]_w
[_w ɡ ɑ ɡ ɛ b ɑ ]_w
[_w ɑ i ɣ ɔ ]_w
[_w pʰ ɛ s v ɛ b i s ]_w
[_w pʼ ɑ ɾ kʼ ʃ i ]_w
[_w s ɑ s x v ɑ ɔ ]_w
[_w ɾ ɛ v ɑ s ]_w
[_w s ɑ b ɑ n kʼ i ]_w
[_w s ɔ m ɣ u ɾ i ]_w
[_w ʃ v i d i ]_w
[_w u d ɑ b n ɔ s ]_w
[_w v ɛ ɾ ts ]_w
[_w dʒ ɡ u pʰ s ]_w
[_w kʰ m n i d ɑ ]_w
[_w m ɾ ɑ v ]_w
[_w d ɑ m ɣ m ɑ ɾ ɑ ]_w
[_w m ɔ pʼ ɔ v ɛ b s ]_w
[_w ɑ l b ɑ tʰ ɔ b ɑ ]_w
[_w m ɔ i pʼ ɔ v ɑ ]_w
[_w ʃ ɛ v i d ɑ ]_w
[_w tʰ ɑ v s ]_w
[_w m tʃʼ i d ɾ ɔ d ]_w
[_w ɣ m ɑ ]_w
[_w pʰ i n ɛ tʰ i s ]_w
[_w s ɔ pʰ ɛ l ʃ i ]_w
[_w kʼ u n dz u l i s ]_w
[_w s ɑ pʰ x u l i ]_w
[_w i m i tʰ ]_w
[_w m i s ɑ n i ɑ ]_w
[_w b ɑ x ʃ i ]_w
[_w u dz n ɔ b i ɑ ]_w
[_w ɾ i s i ]_w
[_w ɾ i z i ]_w
[_w v ɛ ɾ z i ɑ ]_w
[_w ts ɔ d n i s ]_w
[_w i n ɡ l i ]_w
[_w ɡ ɑ d ɑ ɛ dz ɑ ]_w
[_w m ɛ tʼ i ɑ ]_w
[_w pʰ i l m m ɑ ]_w
[_w i kʰ v ɛ ]_w
[_w kʼ ɛ i s ɾ i s ]_w
[_w ɑ kʼ ɛ tʰ ɛ z i ]_w
[_w tʰ ɑ s z ɛ ]_w
[_w ɛ ɾ tʰ ɛ u l i ]_w
[_w kʰ ɑ l tʰ ɑ s ɛ ]_w
[_w i qʼ ɛ n ɛ b ɛ n ]_w
[_w ɑ kʰ ts i i s ]_w
[_w tʰ z u ]_w
[_w kʼ ɔ m ɛ d i ]_w
[_w tsʼ ɛ ɾ tʼ i ]_w
[_w tʰ ɑ z s ɛ ]_w
[_w pʼ ɑ z u ɣ ɑ ]_w
[_w ʃ ɛ m ɑ v ɑ l i ]_w
[_w z ɑ m x ɾ ɛ ]_w
[_w m qʼ i n v ɑ ɾ s ]_w
[_w m m d ɛ ]_w
[_w dʒ ɛ m ɔ ]_w
[_w ɑ m d ɛ ]_w
[_w d ɑ ɾ b ɑ s i ]_w
[_w s ɑ s x v ɛ b i ]_w
[_w ɑ m ɛ ɾ i kʼ u l ]_w
[_w v i kʰ tʼ ɔ ɾ i ɑ ]_w
[_w ʒ ɛ s tsʼ ɑ v l ɑ ]_w
[_w ɡ z ɑ s ɛ ]_w
[_w kʰ ɑ l ɑ kʰ i ]_w
[_w kʼ ɛ i z ɾ i s ]_w
[_w ʃ ɾ ɔ m i ]_w
[_w s ɔ ɡ dʒ ɛ ɾ ]_w
[_w d ɛ v i d ]_w
[_w d ɑ ts u l i s ]_w
[_w kʰ m n i d ɑ n ]_w
[_w tsʼ ɛ v ɾ ɑ d ]_w
[_w pʰ ɔ n d i ]_w
[_w ɑ l ɑ s n i s ]_w
[_w ɑ z ɛ tʰ ]_w
[_w s i ts ɔ ts x ɑ l ]_w
[_w i u ɾ i ]_w
[_w ts n ɔ b i tʰ ]_w
[_w m d ɛ b ɑ ]_w
[_w s ɛ d m ɛ tʼ i dz ]_w
[_w qʼ ɔ v l i s ]_w
[_w kʼ ɔ m i z i ]_w
[_w pʼ ɔ s i ts i ɑ n ]_w
[_w b ɛ ɾ l i n i ]_w
[_w tʼ ɑ ɾ d ɑ ]_w
[_w i ɾ kʼ v ɑ ]_w
[_w ʃ v ɛ d u ɾ i ]_w
[_w pʼ ɾ ɛ s i s ]_w
[_w ɡ z i s ]_w
[_w ɔ ɾ dʒ ɛ ɾ ]_w
[_w m i n i ]_w
[_w ɑ m ɡ v ɑ ɾ ɑ d ]_w
[_w s ɔ ɡ ɑ d i s ]_w
[_w m ɑ ɾ dʒ v n i v ]_w
[_w m i i x ɔ ]_w
[_w ɾ ɑ s ɛ ]_w
[_w ɑ x d ɡ ɛ n ɑ ]_w
[_w m ɛ s ɔ b ɛ l i ]_w
[_w pʰ ɾ ɑ n ɡ i ]_w
[_w i m ɛ d i ]_w
[_w m i z ɛ s i ]_w
[_w tsʼ i ɡ n ʃ i ]_w
[_w ɛ n ɛ ɾ ɡ i ɑ ]_w
[_w tʰ ɑ ɔ b i s ]_w
[_w s ɔ l ɔ m d ɛ ]_w
[_w u m ɑ ɣ l i tʰ ]_w
[_w ɔ s ɛ tʰ i s ]_w
[_w m ɛ ɔ ɾ ɛ d ]_w
[_w i ɔ z ɛ b ]_w
[_w ɔ ɾ i ]_w
[_w u n ɑ ɾ i s ]_w
[_w u ɑ x l ɛ s i ]_w
[_w i z ɛ tʰ ]_w
[_w u x ɛ ʃ i ]_w
[_w tʰ v l i d ɑ ]_w
[_w m i ɛ n i tʃʼ ɑ ]_w
[_w ɡ ɛ ɾ b i ]_w
[_w d ɛ l ]_w
[_w ɾ i tʰ ɑ dz ]_w
[_w n ɑ pʼ i ɾ ɛ b s ]_w
[_w s ɑ b tʃʼ ɔ tʰ ɑ ]_w
[_w s ɛ l ɑ n d i ɑ ]_w
[_w ʃ v i l ɛ b ɑ z ]_w
[_w v i s ]_w
[_w x ɑ n s ]_w
[_w pʼ ɑ ɾ i s i ]_w
[_w x m ɑ ]_w
[_w pʼ i ɾ ɑ d ]_w
[_w v ɑ s i l ]_w
[_w kʼ ɑ ɾ s ɛ ]_w
[_w s i m x ɛ ɾ ɑ ]_w
[_w d ɾ ɔ ɛ b i tʰ ]_w
[_w u m ts ɾ ɔ s i s ]_w
[_w ʃ ɛ ɛ ts l ɔ ]_w
[_w tʃ v ɑ ɾ s ]_w
[_w m ɛ tʰ ɔ d i ]_w
[_w d ɣ i d ɑ n ]_w
[_w d ɑ i kʼ ɑ v ɛ z ]_w
[_w tʰ kʰ v ɛ n ]_w
[_w ɡ ɑ ɑ u kʰ m ɑ ]_w
[_w ɑ n tʼ i ɑ ]_w
[_w z ɔ m ɣ ɛ tʰ i ]_w
[_w m ɑ z ɑ l ɑ ]_w
[_w s tsʼ ɑ v l ɑ d ]_w
[_w ɡ ɑ d ɑ i ɣ ɛ s ]_w
[_w pʼ ɾ u s i ]_w
[_w pʼ ɛ ɾ u s ]_w
[_w m ɛ s tʼ i i s ]_w
[_w m u s i kʼ ɑ s ]_w
[_w ʃ ɾ ɔ m ɑ ]_w
[_w v ɑ x tʼ ɑ n ɡ ]_w
[_w tʃ ɑ ɾ m ɑ ]_w
[_w b ɾ dz ɔ l ɛ b i ]_w
[_w ʃ ɛ i dz ɑ v d ɑ ]_w
[_w m ɔ tʰ ɑ m ɑ ʃ ɛ ]_w
[_w s i s tʼ ɛ m ɑ s ]_w
[_w m i i ɣ ɛ b i ]_w
[_w qʼ u ɾ i s ]_w
[_w pʰ ɑ ɾ ɡ l ɛ b z ]_w
[_w u m ts ɾ ɔ s i z ]_w
[_w i m pʼ ɛ ɾ i s ]_w
[_w s u pʰ s ɑ ]_w
[_w tʃ ɑ ɾ s ]_w
[_w ɡ ɑ d ɑ s ts ɑ ]_w
[_w m ɑ ɡ ɾ ɑ m ɑ ]_w
[_w ɾ u s tʰ ɑ v i s ]_w
[_w ʃ ɛ i qʼ v ɑ n i ]_w
[_w d ɑ tsʼ ɛ ɾ ɑ l i ]_w
[_w s x v ɑ ɡ ɑ n ]_w
[_w dʒ ɑ ɾ m ɑ ]_w
[_w tʰ ɔ v l i s i z ]_w
[_w z ɑ ɣ ɛ l i ]_w
[_w kʼ ɔ l ɛ dʒ ʃ i ]_w
[_w m i ɣ ɛ b ɛ n ]_w
[_w m ɛ ɡ ɾ u l i ]_w
[_w ɾ dʒ ɛ b ɑ ]_w
[_w tʰ ɛ m ɛ b i z ]_w
[_w d ɑ ɑ x l ]_w
[_w z ɑ kʰ ɑ l ɑ kʰ ]_w
[_w z ɑ s tʼ i kʼ i ]_w
[_w s tʼ ɑ tʼ u z i ]_w
[_w pʼ ɔ s tʼ s ɛ ]_w
[_w x ɑ n d ɑ ɣ ɑ n ]_w
[_w ʃ ɛ i tʼ ɑ n ɛ z ]_w
[_w s z ɾ kʼ i s ]_w
[_w kʼ ɑ s pʼ i s ]_w
[_w ɾ i tʰ ɑ d ]_w
[_w ɑ ɾ ɣ i ]_w
[_w ɾ ɛ pʰ ɔ ɾ m ɑ ]_w
[_w m i s ɑ ]_w
[_w ɾ ɔ m ɛ b i ]_w
[_w s ɑ ɑ tʰ s ɛ ]_w
[_w ɑ ɾ ɑ b u l i ]_w
[_w d ɑ ɾ b ɑ s i s ]_w
[_w s x ɛ u l s ɛ ]_w
[_w kʼ ɑ l tʰ ɛ b s ]_w
[_w b ɛ ɾ ts n u l ]_w
[_w kʼ ɑ l tʰ ɛ b s ɛ ]_w
[_w ɾ ɑ z m i ]_w
[_w tʃ ɑ tʰ v l i tʰ ]_w
[_w ɣ ɛ l ɑ d ]_w
[_w i ɡ i v ɛ ɑ ]_w
[_w kʼ m i tʰ ]_w
[_w pʼ ɾ ɔ b l ɛ m ɑ ]_w
[_w d ɑ d ɛ b s ]_w
[_w m tsʼ ɛ ɾ ɛ b i ]_w
[_w m ɑ ɾ tʼ i ɑ z ]_w
[_w ɛ tʰ n i kʼ u ɾ ]_w
[_w ɡ ɑ ɾ ɛ ɔ ]_w
[_w ɑ m ɑ x l i tʰ ]_w
[_w ɾ ɑ d i ]_w
[_w s ɑ n ]_w
[_w s ɑ m ɣ ɾ ɛ tʰ i ]_w
[_w ɑ x d ɛ b ɑ ]_w
[_w m ɔ tsʼ m ɔ b z ]_w
[_w kʼ v l ɛ v ɑ n ]_w
[_w d ɣ ɛ s ɑ ts ]_w
[_w i ts ɔ d ɑ ]_w
[_w ɾ ɔ d i s ]_w
[_w qʼ v ɑ v i l i ]_w
[_w m i i x ɔ z ]_w
[_w x ɑ n m ɔ kʼ l ɛ ]_w
[_w ɡ u ɾ i s m i ]_w
[_w ɔ dʒ ɑ ɣ i s ]_w
[_w s ɑ s tʼ i ɑ ]_w
[_w ɛ ʃ v ɛ b ɑ ]_w
[_w pʼ ɾ i n dz i pʼ i ]_w
[_w tʃ ɑ ɾ tʼ ʃ i ]_w
[_w u qʼ v ɑ ɾ d ɑ ]_w
[_w m i l i ɔ n i s ]_w
[_w kʼ ɛ n i ɑ ʃ i ]_w
[_w d ɾ ɔ ]_w
[_w tʃ ɑ ɑ tʼ ɑ ɾ ɑ ]_w
[_w i s tʼ ɔ ɾ i ɑ ]_w
[_w m ɑ l ɑ v i s ]_w
[_w m ɔ ɣ ɛ ɾ x d ɑ ]_w
[_w ɛ pʼ ɑ ɾ kʰ i v i ]_w
[_w b ɛ ɾ ts n u l i ]_w
[_w ɑ s l i ]_w
[_w ɡ i ɔ ɾ ɡ i z ]_w
[_w m ɑ tʰ ʃ i ]_w
[_w kʰ ɑ ɾ tʰ u l z ɛ ]_w
[_w ɣ ɾ m ɑ ]_w
[_w ɑ m ɡ v ɑ ɾ i ]_w
[_w m ɛ tʼ ɾ s ]_w
[_w s ɑ x l d ɑ ]_w
[_w kʰ ɑ ɾ tʰ l ɑ ts ]_w
[_w l ɛ kʰ s ɛ b i tʰ ]_w
[_w tsʼ qʼ ɑ ɾ ɔ s ]_w
[_w v ɑ x u ʃ tʼ i ]_w
[_w m ɑ ɾ tʼ i i s ]_w
[_w s ɑ ʃ u ɑ l ɔ ]_w
[_w s i tʼ qʼ v ɛ b s ]_w
[_w s ɑ m ɛ b i z ]_w
[_w s ɑ m ɛ pʰ ɔ z ]_w
[_w z ɔ pʰ ]_w
[_w ɔ m ɛ b i ]_w
[_w s kʼ ɔ l ɑ ]_w
[_w u tʰ x ɾ ɑ ]_w
[_w m ɔ m x ɾ ɛ tʰ i ]_w
[_w tʼ ɛ n i ɑ n ]_w
[_w m ɔ s v l ɑ ]_w
[_w ʃ ɛ z v l ɑ ]_w
[_w s ɾ d i l ɔ ]_w
[_w tʰ ɑ n ɑ d ]_w
[_w m ɑ s tʰ ɑ n ]_w
[_w ɾ ɔ m ɑ n i ɑ ]_w
[_w ɑ s ɾ z ]_w
[_w m i tsʼ ɑ s ɛ ]_w
[_w ɑ tʃʼ ɑ ɾ i s i s ]_w
[_w v ɛ ɾ ts x l i ]_w
[_w b ɑ x i z ]_w
[_w ɑ kʰ tʼ i u ɾ i ]_w
[_w pʰ ɛ ɾ i z ]_w
[_w s ɑ ɛ ɾ ɔ ]_w
[_w tʼ ɔ m i ]_w
[_w pʰ ɛ x i tʰ ]_w
[_w qʼ ɔ v ɛ l ]_w
[_w z i ɑ ʃ i ]_w
[_w s ɑ ɔ pʼ ɛ ɾ ɑ ]_w
[_w m ʃ ɾ ɑ l i ]_w
[_w d ɑ i n ɑ x ɑ ]_w
[_w tsʼ ɛ ɾ i ɑ s ]_w
[_w tʰ ɛ ɔ ɾ i ɑ z ]_w
[_w n ɑ ɡ ɛ b u l i ]_w
[_w i tsʼ qʼ ɛ s ]_w
[_w ɑ s ɑ x l i ]_w
[_w ɑ m ɡ v ɑ ɾ ]_w
[_w m tʼ kʼ v ɾ i s ]_w
[_w s ɑ s x v ɑ ]_w
[_w v ɑ ɾ ʃ i ]_w
[_w m ʃ ɾ ɑ l ]_w
[_w kʼ l u b ]_w
[_w ɡ ɛ ɡ m i s ]_w
[_w b ɑ z ɑ ɾ i ]_w
[_w i n d ɔ ɛ tʰ i s ]_w
[_w u pʼ ɑ s u x i s ]_w
[_w ɑ x i ɑ ɾ ɑ x i ]_w
[_w ʃ ɛ m d ɛ ɡ ]_w
[_w s ɑ ɾ tʰ u l ]_w
[_w ɑ ɣ tsʼ ɛ v s ]_w
[_w m tʰ ɛ l ]_w
[_w tʼ ɾ ɑ ɡ ɛ d i ɑ ]_w
[_w m ɛ ɡ ɔ b ɾ i z ]_w
[_w pʰ u n kʰ ts i ɑ s ]_w
[_w n ɑ pʼ i ɾ ɛ b i ]_w
[_w u kʼ ɾ ɑ v d ɑ tʰ ]_w
[_w tʰ v l i d ɑ n ]_w
[_w ʃ ɛ u dz l i s ]_w
[_w tʃ i l d ɔ ]_w
[_w s x v ɑ s ɛ ]_w
[_w u pʰ ɾ ɔ s i ]_w
[_w ɑ ɾ tʃ ɛ b ɔ d ɑ ]_w
[_w u tsʼ qʼ ɔ b ɑ ]_w
[_w dz i s ]_w
[_w ɡ m i ɾ ɛ b i tʰ ]_w
[_w dʒ n d ɛ b ɑ ]_w
[_w ɛ tʰ i ɔ pʼ i i s ]_w
[_w ɑ m ɑ v ɛ ]_w
[_w b ɾ ɑ s i l i ɑ ]_w
[_w tʼ ɔ v ɛ z ]_w
[_w d ɔ n ɛ s ɛ ]_w
[_w z ɑ u kʼ u n i s ]_w
[_w s tʼ ɑ tʼ u z i tʰ ]_w
[_w ɡ i ɔ ɾ ɡ i ]_w
[_w s ɛ ɾ i ɑ ʃ i ]_w
[_w ɔ s ɛ tʰ i ]_w
[_w ɾ tʰ u l z ɛ ]_w
[_w pʰ i s i kʼ i s ]_w
[_w ɑ n d ɛ l ]_w
[_w u pʰ l ɛ b ɑ tʰ ɑ ]_w
[_w m ɛ ɾ v ɛ ]_w
[_w kʼ ɑ ɾ s ɛ b i tʰ ]_w
[_w kʼ ɛ d l i z ]_w
[_w ɡ ɑ x d ɛ b ɑ ]_w
[_w m ɔ ts ɾ ɑ v i n ]_w
[_w d ɔ n i d ɑ ]_w
[_w kʼ ɑ n ɔ n i s ]_w
[_w s i v ɾ ts i s ]_w
[_w m ɑ ɾ dz ɣ n i v ]_w
[_w n ɑ ɡ ɛ b i ]_w
[_w m ɔ kʼ l ɑ ]_w
[_w kʰ ɑ l tʰ ɑ ]_w
[_w ɡ ɑ i ɑ ɾ ɑ ɣ i ]_w
[_w u kʼ ɾ ɑ i n ɑ ]_w
[_w m i s ts ɑ ]_w
[_w pʼ ɑ ɾ i s x i s ]_w
[_w m i l i ɔ n ]_w
[_w kʼ ɑ n ɑ d ɑ ʃ i ]_w
[_w tʼ u ɾ i z ]_w
[_w x ʃ i ɾ i ɑ ]_w
[_w s i m b ɔ l ɔ s ]_w
[_w qʼ v ɑ ɾ l i s ]_w
[_w dʒ i n u ɾ i ]_w
[_w ɑ v tʼ ɔ ɾ i s ]_w
[_w ʃ ɛ ɾ ɛ u l i ]_w
[_w kʼ ɛ d l ɛ b s ]_w
[_w m u s i kʼ ɑ ʃ i ]_w
[_w kʼ i d ɛ v ]_w
[_w ɑ m b ɔ b s ]_w
[_w ɔ l kʰ i s ]_w
[_w n ɑ dz v l ɑ d ]_w
[_w ʃ v ɛ d ɛ tʰ i s ]_w
[_w ɛ n ɡ u ɾ i ]_w
[_w ɑ z ɑ ɣ l d ɑ ]_w
[_w tʃ i l ɛ ]_w
[_w ɣ u ɑ n ]_w
[_w ɡ z ɑ ]_w
[_w ɾ ɔ m ɑ n ʃ i ]_w
[_w i n ɡ l i s u ɾ ]_w
[_w m i x ɛ b ɑ ]_w
[_w s x d ɔ m ɑ ]_w
[_w ɑ d ɡ i l ɛ b i ]_w
[_w ɡ ɑ ɑ tʃ n d ɑ ]_w
[_w s ɑ tʰ ɑ n ɑ d ɑ ]_w
[_w m ɑ l ɑ v ɑ dz ]_w
[_w ɔ b i ɛ kʰ tʼ i ]_w
[_w n ɑ tʰ kʰ v ɑ z ]_w
[_w s ɑ m ɣ ɛ d ɾ ɔ ]_w
[_w s ɛ ɾ i ɑ s ]_w
[_w ɔ s tʼ ɑ tʼ i ɑ ]_w
[_w ɡ ɑ v i d ɑ ]_w
[_w m ɔ ɛ kʰ ts ɑ ]_w
[_w ʃ ɛ m d ɛ ɡ ɑ ts ]_w
[_w s ɑ n ɑ pʼ i ɾ s ]_w
[_w v i ɾ tʃ i ɛ s ]_w
[_w ɾ ɑ m ɛ d ]_w
[_w qʼ ɔ pʰ n i z ]_w
[_w tsʼ l i z ɑ ]_w
[_w l i ɡ ɑ ʃ i ]_w
[_w s ɑ ɣ ɛ l i tʰ ]_w
[_w ɛ kʰ v s ɛ ]_w
[_w pʼ ɛ ɾ u ʃ i ]_w
[_w s ɑ s ɑ x l d ɑ ]_w
[_w s x v i l ]_w
[_w ɡ ɔ ɾ i ]_w
[_w kʼ ɑ ts i s ]_w
[_w m u ʃ ɑ ɔ b d ɑ ]_w
[_w ɑ ɡ u ɾ i tʰ ]_w
[_w i ɑ pʼ ɔ n u ɾ i ]_w
[_w m ɑ z ɑ l ɛ b i ]_w
[_w ʃ ɛ m ɔ ɾ dʒ ɑ ]_w
[_w i kʰ n ɛ b ]_w
[_w s ɛ d ɑ ]_w
[_w i tʰ v l ɛ b ɑ ]_w
[_w ɑ ts x ɑ d i ɑ ]_w
[_w u d ɛ v s ]_w
[_w m ɔ b i l u ɾ i ]_w
[_w s ts ɑ d ɑ ]_w
[_w kʼ i ɛ v i z ]_w
[_w dz ɣ ɔ v ɾ ɛ b ɑ ]_w
[_w d i n ɑ ɾ ɛ ]_w
[_w pʼ ɛ tʼ ɾ ɛ ]_w
[_w x ɑ l x u ɾ ]_w
[_w s ɑ ɛ ɾ tʰ i s ]_w
[_w m d i d ɑ d ]_w
[_w s ɾ u l d ɑ ]_w
[_w m i m ɑ ɾ tʰ ]_w
[_w tʃ v ɛ n z ]_w
[_w m qʼ ɑ ɾ ɔ ]_w
[_w x d ɛ b ɑ ]_w
[_w z ɣ v ɑ s ɛ ]_w
[_w i m qʼ ɔ pʰ i l ]_w
[_w z ɣ v ɑ ɾ i ]_w
[_w ɾ u s u l i s ]_w
[_w ɾ tʰ u l i ]_w
[_w b l ɔ ɡ i ]_w
[_w ɾ u s ɛ tʰ i s ]_w
[_w s ɑ m ɛ b i s ]_w
[_w ɑ i z ɑ ɾ d ɑ ]_w
[_w ɑ pʼ ɾ i l z ]_w
[_w ɾ ɔ m ɛ l z ɑ dz ]_w
[_w tʰ ɛ l ɑ v i s ]_w
[_w u pʰ l ɛ b ɑ ]_w
[_w x v ɑ l ]_w
[_w n ɛ l n ɛ l ɑ d ]_w
[_w ɡ ɑ ɾ ɛ m ɔ ʃ i ]_w
[_w s kʼ ɔ l ɑ ʃ i ]_w
[_w s ɑ u b ɾ ɔ b z ]_w
[_w x ɑ m ɛ s ]_w
[_w d ɡ ɑ s ]_w
[_w ɡ ɑ x l ɑ v tʰ ]_w
[_w ɑ z i ɑ tʰ i s ]_w
[_w s x ɛ u l i s ]_w
[_w u ɑ ɣ l ɔ s ]_w
[_w ɑ ɾ s ]_w
[_w ts x ɔ v ɛ l i ]_w
[_w m ts x ɛ tʰ ɑ ]_w
[_w d ɑ b l ɔ b s ɛ ]_w
[_w m ɛ kʰ s i kʼ i s ]_w
[_w m i i ɣ ɛ b ɑ z ]_w
[_w ɑ tʼ ɔ m ]_w
[_w u tʃ v ɛ u l i ]_w
[_w ɡ ɑ i u s ]_w
[_w ɑ x l ɔ ]_w
[_w m ɑ n dz i l z ɛ ]_w
[_w tʰ x ɔ v n ɑ ]_w
[_w d ɑ ɑ d ɡ i l z ]_w
[_w kʼ ɛ n i i s ]_w
[_w kʼ ɑ ɾ i b tʃʼ ɛ ]_w
[_w dz ɔ tʼ ɑ ]_w
[_w u tsʼ ɔ d ɛ b ɑ ]_w
[_w ts i v ]_w
[_w pʰ i z i kʼ u ɾ i ]_w
[_w m ɔ ɣ v d ɑ ]_w
[_w ts n ɛ l ɑ ]_w
[_w ʃ i n ɑ ts ]_w
[_w ɑ x n i ʃ n i s ]_w
[_w x ɔ b i z ]_w
[_w d ɑ m ts v ɛ l i ]_w
[_w m i x ɛ b s ]_w
[_w dz ɑ l ɛ b i ]_w
[_w ɑ ɣ ɑ l x i s ]_w
[_w s u l i ]_w
[_w m ɑ s z ɛ ]_w
[_w ɛ x m ɑ ɾ ɑ ]_w
[_w ɑ i ɡ ɔ ]_w
[_w dʒ v ɑ ɾ i ]_w
[_w z ɑ pʰ x u l ʃ i ]_w
[_w ɑ m i s i i s ]_w
[_w s x v ɛ b i ]_w
[_w h ɛ ɾ ɑ kʼ l i ]_w
[_w ʃ ɛ d ɛ ɡ i ɑ ]_w
[_w s ɑ b ɾ ts ɔ l i ]_w
[_w m i i x ɔ s ]_w
[_w i m d ɛ n ɑ d ]_w
[_w ɑ ɣ ɑ l m ɑ ]_w
[_w tʼ b ɑ ʃ i dz ɛ ]_w
[_w ɛ ɾ ɛ kʼ l ɛ s ]_w
[_w ɡ ɑ i ɑ ɾ ɑ ]_w
[_w kʼ v i ɾ ɑ s ]_w
[_w ts n ɛ b i ]_w
[_w d ɛ b i s ]_w
[_w ɑ z ɾ s ]_w
[_w m i v x v d i ]_w
[_w ʃ ɛ m d ɛ ɡ ʃ i ]_w
[_w ɛ kʰ v s ]_w
[_w kʰ ɑ ɾ tʰ v ɑ ]_w
[_w ɡ ɑ s ts ɑ ]_w
[_w ɡ ɑ i m ɑ ɾ tʰ ɑ ]_w
[_w tʰ x ɛ v ɑ d i tʰ ]_w
[_w ɔ s tʼ ɑ tʼ i ]_w
[_w ɡ ɑ ɾ s ]_w
[_w u kʼ ɑ n ]_w
[_w d ɾ ɔ ɛ b i ]_w
[_w s ɑ h ɑ ɛ ɾ ɔ s ]_w
[_w m i d i z ]_w
[_w s ɑ z ɣ v ɛ b i ]_w
[_w kʼ ɑ ɾ i b i ]_w
[_w ts x ɔ v ɾ ɛ b ]_w
[_w i dz ɑ v d ɑ ]_w
[_w ɑ v tʼ ɔ ɾ i ɑ ]_w
[_w m i ɣ m ɑ ]_w
[_w m z ɑ ɣ i s ]_w
[_w pʰ i l m ɛ b i s ]_w
[_w qʼ v i tʰ ]_w
[_w ɛ tʃʼ i ɾ ɑ v s ]_w
[_w ɾ ɔ m ɛ l tʰ ɑ ts ]_w
[_w u ɛ ɾ tʰ d ɛ b ɑ ]_w
[_w ɑ x d ɡ ɔ m i s ]_w
[_w tʃ ɑ ɾ tʰ u l i ]_w
[_w ɡ ɑ d ɑ ts ]_w
[_w v ɑ n i z ]_w
[_w n ɑ pʼ i ɾ i ]_w
[_w m i s ɑ n s ]_w
[_w z v ɑ n ɛ tʰ i ]_w
[_w m z u b u kʰ i ]_w
[_w ʃ ɛ d ɛ ɡ i ]_w
[_w x ɛ l i tʰ ]_w
[_w ɑ d ɾ ɛ u l i ]_w
[_w ɑ d ɾ ɛ u l ]_w
[_w u pʰ l ɛ b ɛ b i ]_w
[_w tʃ v ɛ n ɑ ]_w
[_w m ɛ tʼ ]_w
[_w ɾ u s tʰ ɑ v i ɑ ]_w
[_w d i l i tʰ ]_w
[_w kʰ v ɛ qʼ ɑ n ɑ s ]_w
[_w ts v ɛ l ɛ s ]_w
[_w ɾ ɑ d i ɔ n i ]_w
[_w ɑ ɾ ɑ ]_w
[_w m ɑ x ɑ l i ]_w
[_w z ɣ ɛ u l i ]_w
[_w i s l ɑ m u ɾ i ]_w
[_w ɾ i ɡ i tʰ ]_w
[_w z ɑ tsʼ qʼ i s i ]_w
[_w ʃ ɛ u d ɡ ɑ ]_w
[_w ʃ ɛ ts d ɔ m ɑ s ]_w
[_w tsʼ l i tʰ ]_w
[_w ɑ l b ɔ m s ɛ ]_w
[_w v ɛ ɾ ]_w
[_w v ɾ dz ɛ ]_w
[_w ʃ ɛ d i ɔ d ɑ ]_w
[_w tʼ ɛ ɾ m i n i s ]_w
[_w m ɑ ɾ tʼ i z ]_w
[_w ts ɑ l kʼ ɛ ]_w
[_w ɛ ɾ ɛ b i s ]_w
[_w m i x ɛ b u l ]_w
[_w tʰ s u ]_w
[_w ʃ ɛ n ɔ b i ɑ ]_w
[_w m x ɾ i v ]_w
[_w kʰ v ɛ b i ]_w
[_w ɡ ɑ m ɔ ]_w
[_w s ɑ tʰ ɑ v ɛ z ]_w
[_w d ɑ ɛ u pʰ l ɑ ]_w
[_w dz ɣ ɔ v ɾ ɔ b s ]_w
[_w n ɑ b i tʃ i ]_w
[_w i ɣ ɛ b ɛ n ]_w
[_w h ɑ ɛ ɾ i s ]_w
[_w tʰ ɛ m ɑ z ]_w
[_w z ɛ d m ɛ tʼ i ɑ ]_w
[_w d ɑ m ts v ɛ l ]_w
[_w dz ɛ n tʼ ɾ i ]_w
[_w s ɑ x ɛ l z ]_w
[_w ɡ ɑ ɾ ʃ ɛ m ɔ ]_w
[_w ɔ dʒ ɑ x s ]_w
[_w s tʼ ɑ l i ɑ ]_w
[_w ɡ ɑ kʼ ɛ tʰ ɛ s i ]_w
[_w pʼ ɑ ɾ tʼ i i s ]_w
[_w tsʼ ɛ z ɛ b i ]_w
[_w u dz v ɛ l ɛ s ]_w
[_w i ɑ n v ɑ ɾ ʃ i ]_w
[_w d ɑ tsʼ qʼ d ɑ ]_w
[_w kʼ ɛ d ɛ l z ɛ ]_w
[_w b ɛ ɾ l i z ]_w
[_w tʰ ɛ m ɑ ]_w
[_w m ɛ ɡ ɔ b ɾ i s ]_w
[_w dz i ɾ i tʰ ɑ d ]_w
[_w s ɑ kʰ m ɛ tʰ ɑ ]_w
[_w ɑ l ɑ s ]_w
[_w ɑ n ɑ l i s ]_w
[_w u d i d ɛ s ]_w
[_w i s tʼ ɔ ɾ i i s ]_w
[_w dz i ɾ i tʰ ɑ d i ]_w
[_w z ɾ u l ɑ d ]_w
[_w ɔ tʃ ɑ x i z ]_w
[_w ɛ n ɑ s ]_w
[_w tʰ x ɛ v ɑ ɾ i ]_w
[_w v l ɑ d ]_w
[_w pʼ ɛ ɾ i ɔ d ʃ i ]_w
[_w u pʰ l ɛ b i ]_w
[_w z ɑ u b ɾ ɔ b s ]_w
[_w ɡ ɔ ɾ i s ]_w
[_w ɾ ɑ ts ]_w
[_w i dz ɔ d n ɑ ]_w
[_w s ɑ s x v ɑ tʰ ɑ ]_w
[_w tsʼ ɑ ɑ ɡ ɑ v s i ]_w
[_w qʼ ɔ pʰ i l ɑ ]_w
[_w m ɛ d l ɛ b i ]_w
[_w kʼ ɑ ɣ ɛ tʰ i ]_w
[_w pʰ ɛ ɾ ɑ d i ]_w
[_w i ts i ]_w
[_w l ɔ n d ɔ n i ]_w
[_w m ɑ ɾ i ɑ m ]_w
[_w ɛ v ɾ ɔ pʼ u l i ]_w
[_w ɔ m z ]_w
[_w pʼ ɔ z i dz i ɑ ]_w
[_w v ɑ ʃ tʰ ɑ ]_w
[_w ʃ ɛ tsʼ qʼ d ɑ ]_w
[_w m ɑ ɾ kʼ u z ]_w
[_w m tsʼ ɛ ɾ l i n i ]_w
[_w u n ɡ ɾ ɛ s i ]_w
[_w m ts l ɑ v ɾ i ]_w
[_w s i m ɑ ɣ l ɛ ]_w
[_w m pʰ l ɔ b s ]_w
[_w d ɔ kʰ tʼ ɔ ɾ ]_w
[_w ɡ ɑ d i ]_w
[_w i ts l ɛ v s ]_w
[_w pʼ ɔ ɛ m ɑ ]_w
[_w ɡ i ɑ ]_w
[_w ɑ m ɑ z i z ]_w
[_w tsʼ i l i s ʃ i ]_w
[_w l u i z ]_w
[_w kʼ ɑ l tʰ ɛ b i ]_w
[_w s ts ɛ n ɑ ɾ i s ]_w
[_w z ɑ tʰ ɑ v ɛ ʃ i ]_w
[_w x ʃ i ɾ i s ]_w
[_w ts ɛ ɡ l i ]_w
[_w ɛ tsʼ ɔ d ɛ b ɑ ]_w
[_w kʼ ɛ ɾ ts ɔ ]_w
[_w tʰ v i tʰ ]_w
[_w ɛ m qʼ ɑ ɾ ɔ ]_w
[_w s ɑ tʰ ɑ v ɛ ʒ i ]_w
[_w u m ɛ tʼ ɛ s ]_w
[_w m u z i kʼ ɑ ʃ i ]_w
[_w tʃ ɑ i tsʼ ɛ ɾ ɑ ]_w
[_w ɾ ɑ i ɔ n ɑ d ]_w
[_w u ɑ x l ɔ ɛ s ]_w
[_w n ɑ kʼ ɾ ɛ b i ]_w
[_w ɑ x ɑ ɾ ]_w
[_w tʃ i n u ɾ i ]_w
[_w tʼ kʼ b i l i ]_w
[_w u kʼ ɛ tʰ ɛ b ɑ ]_w
[_w ɑ ɡ ɛ b i ]_w
[_w tsʼ l i u ɾ ]_w
[_w ɡ ɑ ɑ tʃ n i ɑ ]_w
[_w i tʰ v l ɛ b ɑ s ]_w
[_w m ɔ ɑ ɣ tsʼ i ɑ ]_w
[_w qʼ ɔ pʰ i ]_w
[_w ɛ ʃ v ɛ b s ]_w
[_w m qʼ ɑ ɾ i ]_w
[_w tʰ ɑ v ɑ ɾ i ]_w
[_w i kʰ n ɛ b ɑ ʃ i ]_w
[_w ɑ ɾ m i ɑ ʃ i ]_w
[_w s ɔ ɡ ]_w
[_w ɡ v ɛ ɾ d s ɛ ]_w
[_w ts ɑ l z ɛ ]_w
[_w ɣ ɑ n i ]_w
[_w m ɑ l ɑ v i s i ]_w
[_w s ɔ pʰ ɛ l ]_w
[_w ɣ v i n i s ]_w
[_w m u d ɑ m ]_w
[_w s ɑ pʰ x u l ʃ i ]_w
[_w pʰ ɑ s i ]_w
[_w ʃ v i l ɛ b i ]_w
[_w ts ɔ tʼ ɑ ]_w
[_w kʼ ɑ ɾ l ]_w
[_w pʼ i ɾ v ɛ l ]_w
[_w ɡ ɑ d i ɔ d ɑ ]_w
[_w qʼ u ɾ ɛ ʒ i ]_w
[_w tsʼ l ɛ b i s ]_w
[_w m ɛ ɾ ɑ b ]_w
[_w kʰ ɑ l i s ]_w
[_w m i tsʼ ɑ s ]_w
[_w pʼ ɔ s i ts i ɑ ]_w
[_w l i tʼ v i z ]_w
[_w m ɔ d ɛ l i ]_w
[_w u ɛ ɾ tʰ d ɑ ]_w
[_w ɡ u ɾ i i s ]_w
[_w dʒ v ɾ i s ]_w
[_w m ɔ ɑ kʰ v z ]_w
[_w ts i ɣ ɛ ʃ i ]_w
[_w u kʼ ɾ ɑ v z ]_w
[_w ɡ ɑ l ɑ v ɑ ts ]_w
[_w kʼ ɔ l ɔ s ]_w
[_w m x ɑ ɾ i b i ]_w
[_w tʃ i l ɛ ʃ i ]_w
[_w m ɑ ɡ i v ɾ ɑ d ]_w
[_w tsʼ l i d ɑ n ]_w
[_w dz l i ɛ ɾ i ]_w
[_w m qʼ ɔ pʰ ɛ b ɑ ]_w
[_w tʼ b ɑ ʒ i ]_w
[_w z ɑ m tʰ ɾ i s ]_w
[_w m i z ɛ s i tʰ ]_w
[_w ɾ ɔ l z ]_w
[_w ɾ u z ɛ b i ]_w
[_w ɑ d ɑ m i ɑ n s ]_w
[_w x ɑ l x i s ]_w
[_w tsʼ ɛ ɾ z ]_w
[_w tʼ u ɾ i s ]_w
[_w ts n ɔ b i ɑ ]_w
[_w ʃ ɛ n ɑ ]_w
[_w i ɑ ɾ ɑ x i s ]_w
[_w pʼ ɾ ɔ dz ɛ s ʃ i ]_w
[_w m ɑ ɾ tʰ ɛ b ɑ ]_w
[_w s ɑ kʼ i tʰ x s ]_w
[_w ɡ ɑ ɑ dʒ n i ɑ tʰ ]_w
[_w m ɣ ɑ ɾ ɛ s ]_w
[_w kʼ ɔ n ɡ ɾ ɛ tʰ i ]_w
[_w tsʼ l i s tʰ v i s ]_w
[_w m ɔ dz ɾ ɑ ɔ b ɑ ]_w
[_w s ɑ m tʰ ɑ ɾ i ]_w
[_w ʃ ɛ i ts i n ɑ ]_w
[_w d ɑ pʰ ɑ ɾ u l i ]_w
[_w ɡ ɑ d ɑ d ɡ ɑ n ]_w
[_w i m d ɛ n i ]_w
[_w n ɑ kʼ l ɛ b i tʰ ]_w
[_w m x ɑ ɾ ɛ s ɛ ]_w
[_w ɑ ɾ ɑ ɛ ɾ tʰ ɔ ]_w
[_w ɡ ɑ i tʼ ɑ n i ]_w
[_w ɑ x m ɛ tʼ i ]_w
[_w ɡ ɑ x d ɛ n z ]_w
[_w b ɑ v ʃ v ɔ b ɑ ]_w
[_w m s ɡ ɑ v s ]_w
[_w ɣ ɑ n z ]_w
[_w pʼ ɾ ɔ ts ɛ s z ]_w
[_w ʃ ɛ dz l ɔ tʰ ]_w
[_w ts ɛ ɡ l ɛ b s ]_w
[_w u ɑ m ɾ ɑ v l ɑ ]_w
[_w ɡ ɑ d ɑ d i s ]_w
[_w z ɑ ɡ ɑ n i ]_w
[_w m ɑ ʃ i n ]_w
[_w ʒ ɛ x v ɛ d ɾ ɑ ]_w
[_w ts ɑ l i s i ]_w
[_w ts ɛ ɡ l ɛ b i ]_w
[_w tsʼ l i u ɾ i ]_w
[_w n i n ɔ ]_w
[_w kʰ ɑ l ɛ b s ]_w
[_w ɡ ɑ ɡ ɛ b u l i ]_w
[_w m tʰ ɑ v ɾ ɔ b s ]_w
[_w m kʰ ɔ n d ɛ s ]_w
[_w u tsʼ ɔ d ɑ ]_w
[_w x ɑ ʃ u ɾ i s ]_w
[_w ɡ u l i s ]_w
[_w m x ɑ ɾ i b tʃʼ ɛ ]_w
[_w kʼ ɑ x ɛ tʰ i ]_w
[_w ɑ ɾ ɑ v i ]_w
[_w kʼ ɑ ɾ ɡ i ]_w
[_w s ɑ b ɔ l ɔ ɑ ]_w
[_w pʰ u ts ɛ ]_w
[_w tʰ u m ts ɑ ]_w
[_w ɔ b i ɛ kʰ tʼ i s ]_w
[_w u d i d ɛ b i tʰ ]_w
[_w m i tʰ x ɾ ɑ ]_w
[_w ɣ ɑ n ɛ b ʃ i ]_w
[_w s ɔ pʰ ]_w
[_w ɡ u n d i s ]_w
[_w pʰ ɑ kʰ tʼ s ]_w
[_w ts ɛ kʼ v ɑ ]_w
[_w ɡ m i ɾ i ]_w
[_w ɡ ɑ ɑ u kʰ m d ɑ ]_w
[_w tʰ ɑ n ɣ ɑ ]_w
[_w ɑ ɾ tʃ i l ]_w
[_w n ɔ ɛ m b ɾ i s ]_w
[_w ɔ n i s ]_w
[_w s ɛ ɾ i i s ]_w
[_w ɡ ɔ ɡ ɔ n ɑ z ]_w
[_w tʃ ɛ kʼ ]_w
[_w pʼ ɾ ɔ ɡ ɾ ɑ m ɑ ]_w
[_w ɑ ɑ ʃ ɛ n d ɑ ]_w
[_w s ɾ u l i ]_w
[_w m ɑ ʃ ]_w
[_w x ɑ z i s ]_w
[_w dz ɑ l ɛ b i s ]_w
[_w ɔ ts n ɛ b ɑ ʃ i ]_w
[_w kʼ u tʰ x i tʰ ]_w
[_w m qʼ ɔ pʰ i ]_w
[_w ɑ ɾ i ɑ n ]_w
[_w ts ɛ n tʼ ɾ s ]_w
[_w s x v ]_w
[_w m ɑ ʃ i n ɛ l i ]_w
[_w u pʰ l i z ]_w
[_w ɣ u tʰ i ]_w
[_w ɑ x m ɔ dʒ n d ɑ ]_w
[_w ɑ kʰ tʼ i u ɾ ]_w
[_w ʃ ɛ d ɛ ɡ ɛ b s ]_w
[_w dʒ ɑ i tsʼ ɛ ɾ ɑ ]_w
[_w pʼ ɔ ɛ s i ɑ m ]_w
[_w i s ɛ tʰ i ]_w
[_w ɔ ɾ ɡ ɑ n ɔ ]_w
[_w i qʼ ɛ n ɛ b i s ]_w
[_w m ɾ ɡ v ɑ l i s ]_w
[_w tsʼ i l i ]_w
[_w s ɑ i d ɑ n ]_w
[_w pʼ ɾ i n ts i pʼ i ]_w
[_w s i n ɑ tʰ ]_w
[_w ɑ s i ɑ ʃ i ]_w
[_w ɔ tʃ ɑ x i s ]_w
[_w n ɑ tʰ ɛ l i ]_w
[_w z u ɾ ɑ b ]_w
[_w pʰ ɾ i n v ɛ ]_w
[_w z i s tʼ ɛ s ]_w
[_w d ɑ ɛ dz ɑ ]_w
[_w ɑ ɣ ɛ b i ]_w
[_w tsʼ ɛ v ɾ i ɑ ]_w
[_w ɣ ɑ z z ]_w
[_w m ɛ x u tʰ ɛ ]_w
[_w pʰ i n ɑ l i ]_w
[_w s ɑ x ɛ l ɑ d ]_w
[_w ʃ ɛ ɑ d ɡ i n ɑ ]_w
[_w pʼ ɑ ɾ kʼ s ]_w
[_w tʼ ɑ x tʼ i ]_w
[_w s i kʼ v d i l i ]_w
[_w d ɑ i ɣ ɛ z ]_w
[_w b ɔ l ɔ ɑ ]_w
[_w m x ɑ ɾ i s ʃ i ]_w
[_w s ɛ ɾ i ɑ l i ]_w
[_w i qʼ ɛ n ɛ b i ]_w
[_w x v d ɛ b i tʰ ]_w
[_w m ɑ l ɛ v ɛ ]_w
[_w i tʼ ɑ l i u ɾ i ]_w
[_w m ɔ ɛ d n i s ]_w
[_w d ɛ v n ɑ ]_w
[_w m u dz l i ɑ ]_w
[_w m qʼ ɔ pʰ i l ɑ ]_w
[_w ɑ pʰ ɾ i kʼ i s ]_w
[_w ɑ x ɑ l i ]_w
[_w m i s ts ɛ s ]_w
[_w ɛ n ɛ ɾ ɑ l tʰ ɑ ]_w
[_w b ɾ ts ɔ l ɔ ]_w
[_w tsʼ ɛ ɾ ɛ b i s ]_w
[_w ɑ ʃ ʃ i ]_w
[_w m i x ɛ b ɛ n ]_w
[_w d ɑ i kʼ ɑ ɾ ɡ ɑ ]_w
[_w m ɔ ɡ ɛ b u l i ]_w
[_w ɛ ɾ tʰ i ɑ n i z ]_w
[_w ɑ m ɛ ɾ i kʼ i s ]_w
