[_w e s k a l ]_w
[_w k a m a ɾ a ]_w
[_w ɡ u b ɾ e m i o ]_w
[_w m a ʝ o ɾ ]_w
[_w a ɾ t̪ e s ]_w
[_w p a s a ɾ o n ]_w
[_w p i n o s ]_w
[_w l i b e ]_w
[_w p u d̪ e ]_w
[_w k o n k u ɾ s o ]_w
[_w s u e l o ]_w
[_w k u e n t̪ e ]_w
[_w s e k i t̪ o ]_w
[_w a u m e n ]_w
[_w f i s i k o ]_w
[_w e s p e k t̪ o ɾ ]_w
[_w k o m e n a θ a ]_w
[_w p i t̪ e n ]_w
[_w d̪ ɾ a b a x o ]_w
[_w k o n d̪ ɾ o ]_w
[_w u s o ]_w
[_w m a ɾ k a ]_w
[_w tʃ e n ]_w
[_w e d̪ i t̪ o ɾ e s ]_w
[_w p e i n d̪ a ]_w
[_w s a l a ɾ i o ]_w
[_w t̪ o m a ]_w
[_w n o b e l ]_w
[_w e l s ]_w
[_w a ɲ o ]_w
[_w d̪ i θ e s ]_w
[_w a ɾ a p e s ]_w
[_w ɡ a l i t̪ a d̪ ]_w
[_w e s k u d̪ o ]_w
[_w r e i n a ]_w
[_w d̪ ɾ o p a b l e ]_w
[_w m e n u t̪ o ]_w
[_w ɡ e ɾ e ɾ ]_w
[_w ɡ ɾ e a ɾ ]_w
[_w d̪ e k l a ɾ a ]_w
[_w k u b i e ɾ o n ]_w
[_w b e d̪ ɾ o s ]_w
[_w p a ɾ o n ]_w
[_w k a b a θ ]_w
[_w p a l a b ɾ a ]_w
[_w θ e l e b ɾ o ]_w
[_w f a k t̪ o ɾ ]_w
[_w a l i a n o ]_w
[_w p a ɾ e θ e ]_w
[_w r o s t̪ ɾ e ]_w
[_w f i ɾ m o ]_w
[_w l o ɡ ɾ a m a ]_w
[_w f o ɾ ]_w
[_w p e ɾ l i n ]_w
[_w k e t̪ a s ]_w
[_w s k s ]_w
[_w e s t̪ a m o s a ]_w
[_w s a n ]_w
[_w k a t̪ e n a s ]_w
[_w k ɾ i s t̪ a s ]_w
[_w p a b e l ]_w
[_w e ɡ s t̪ o ]_w
[_w f i e s t̪ a s ]_w
[_w p a l a θ i o s ]_w
[_w m e n t̪ a ]_w
[_w ɡ o m p a ]_w
[_w k o ɾ t̪ a d̪ ]_w
[_w p o l e s ]_w
[_w n u k l e o ]_w
[_w e ɡ s i s t̪ e ]_w
[_w p ɾ o ʝ e k t̪ a ]_w
[_w p u t̪ i e r e ]_w
[_w i t̪ e a s ]_w
[_w k ɾ a θ i a ]_w
[_w a k u e ɾ t̪ a t̪ ]_w
[_w a k ɾ i ɡ o ]_w
[_w r o b e ɾ d̪ e ]_w
[_w r o k k ]_w
[_w d̪ a m b o k o ]_w
[_w a k t̪ u a l ]_w
[_w t̪ i o s ]_w
[_w t̪ o l a ɾ ]_w
[_w n i n k u n a ]_w
[_w p ɾ o f u n t̪ o ]_w
[_w k ɾ a d̪ o ]_w
[_w k a s i ]_w
[_w e s t̪ a p a ]_w
[_w i x o s ]_w
[_w a d̪ o m o s ]_w
[_w b i e n e n ]_w
[_w a k t̪ i k a ]_w
[_w i k a d̪ o ]_w
[_w m o b i l ]_w
[_w t̪ i s p o n e ]_w
[_w e t̪ a ]_w
[_w n a θ i ]_w
[_w a l k a l t̪ e ]_w
[_w e s t̪ a d̪ u s ]_w
[_w f o ɾ m a ]_w
[_w p o t̪ ɾ i a ]_w
[_w t̪ o ʝ ]_w
[_w a p ɾ i o ]_w
[_w r e t̪ ɾ a ]_w
[_w k l u b e s ]_w
[_w u n i ɡ a ]_w
[_w s e n θ i ʎ o ]_w
[_w k i e ɾ e s a s ]_w
[_w m i e l ]_w
[_w n e k o θ i o ]_w
[_w a l k u n a ]_w
[_w b a r i o ]_w
[_w e f i k a θ ]_w
[_w e n b i a ɾ ]_w
[_w m o s k u ]_w
[_w m u s u l m a n ]_w
[_w a p a n θ e ]_w
[_w n a θ i o n ]_w
[_w e n t̪ o ]_w
[_w b i b e n ]_w
[_w b o θ e s o ]_w
[_w b a s e o ]_w
[_w e n t̪ ɾ o ]_w
[_w t̪ e r e m o d̪ o ]_w
[_w x u s t̪ i θ i a ]_w
[_w b o ɡ i d̪ o ]_w
[_w p i k o ]_w
[_w r e b i s t̪ a s ]_w
[_w f u e n d̪ e s ]_w
[_w o θ e a n o ]_w
[_w p a d̪ a ʎ a ]_w
[_w s u e k o s ]_w
[_w p a ɾ a ]_w
[_w b i e x o s ]_w
[_w e n e ɾ ]_w
[_w p a p a ]_w
[_w p e s o ]_w
[_w b e ɡ e ɲ o s ]_w
[_w l a d̪ i n ]_w
[_w s o n ]_w
[_w s u e n a ]_w
[_w k o r e o ]_w
[_w b e k e ɲ a s ]_w
[_w a n t̪ e ]_w
[_w b o s ]_w
[_w r o s a s ]_w
[_w a m p l e a ]_w
[_w p i s i t̪ a d̪ ]_w
[_w r e d̪ u θ i ɾ ]_w
[_w r e θ i e s ]_w
[_w s e ɾ i a ]_w
[_w d̪ o m a n ]_w
[_w r e u n i o ]_w
[_w p ɾ o b l e ]_w
[_w x u k a t̪ o ]_w
[_w s i d̪ u o s ]_w
[_w p l a n k o s ]_w
[_w e s a ]_w
[_w a b a n ]_w
[_w m e s a ]_w
[_w m i e n ]_w
[_w k l a s ]_w
[_w e s θ e n a ]_w
[_w n o ɾ m e ]_w
[_w s a l t̪ o ]_w
[_w u ɾ u ɡ u a ʝ a ]_w
[_w n i b e l e s ]_w
[_w l e k t̪ o ɾ ]_w
[_w d̪ i ɡ a ]_w
[_w k ɾ e a ]_w
[_w d̪ o ɾ m i ɾ ]_w
[_w p ɾ o w n ]_w
[_w ɡ ɾ a n a ]_w
[_w u b i k a d̪ a l ]_w
[_w a i d̪ i ]_w
[_w s i n ]_w
[_w k e ɾ e m o s ]_w
[_w t̪ o r e ]_w
[_w k u ɾ i o ]_w
[_w m i s m o ]_w
[_w b ɾ o b a p l e ]_w
[_w b a ɾ e θ e ]_w
[_w o s k u ]_w
[_w ɡ o n s e n s o ]_w
[_w s a l i ɾ ]_w
[_w t̪ e r o ɾ ]_w
[_w b i b l i a ]_w
[_w k a ɾ a s ]_w
[_w t̪ e f i θ i a s ]_w
[_w e n e m i k o ]_w
[_w f i ɾ m a ɾ ]_w
[_w m u ɲ o θ ]_w
[_w θ i b i ɾ ]_w
[_w e m p i e n ]_w
[_w k o m p l e ]_w
[_w s o l o ]_w
[_w f o n t̪ o s ]_w
[_w u n i d̪ o s ]_w
[_w t̪ a s ]_w
[_w e s p e ɾ a ]_w
[_w o k a s i o n ]_w
[_w b o n e ɾ ]_w
[_w a m b l e d̪ a ]_w
[_w x u n d̪ o s ]_w
[_w f o ɾ m a s ]_w
[_w e s t̪ o s ]_w
[_w r e f l e x a ]_w
[_w k o r e ]_w
[_w s i s t̪ i n t̪ a ]_w
[_w a ɾ a ]_w
[_w a b i a ]_w
[_w d̪ e n e ɾ ]_w
[_w e u ɾ o b e o s ]_w
[_w s p i ]_w
[_w p o s e e ]_w
[_w s o l ]_w
[_w m a ʝ o ɾ i a ]_w
[_w l u n e s ]_w
[_w ʎ e b a p a ]_w
[_w t̪ a m i e n ]_w
[_w d̪ u ɾ a ]_w
[_w k o n s i s t̪ e ]_w
[_w i m p o l o ]_w
[_w i n k l u s o ]_w
[_w m i l e s ]_w
[_w u b i e ɾ t̪ a ]_w
[_w m e θ k l a ]_w
[_w s e b i ʎ a ]_w
[_w b ɾ o θ e d̪ e ]_w
[_w u n i t̪ o s ]_w
[_w m u e ɾ d̪ a ]_w
[_w k i n t̪ a ]_w
[_w f i n ]_w
[_w b o n ]_w
[_w k i m i ɡ o ]_w
[_w p e s e ]_w
[_w n e k ɾ o s ]_w
[_w k u a n t̪ o ]_w
[_w p a n t̪ o ]_w
[_w e s k u e l a ]_w
[_w n i n k u l o s ]_w
[_w r o m a ]_w
[_w k ɾ e a ɾ ]_w
[_w m u e ɾ e ]_w
[_w k ɾ u θ a ɾ ]_w
[_w d̪ o t̪ a l ]_w
[_w p u t̪ i e r a ]_w
[_w r e s t̪ ɾ a ]_w
[_w e s p a θ i o n ]_w
[_w b a r o k i a ]_w
[_w m e ɾ ɡ a d̪ o ]_w
[_w d̪ e t̪ o s ]_w
[_w a b ɾ i ɾ ]_w
[_w t̪ a n t̪ e ]_w
[_w d̪ a p a ]_w
[_w s e ɾ a ]_w
[_w p a d̪ ɾ e ]_w
[_w e ɾ m o ]_w
[_w t̪ o b a ]_w
[_w i i i ]_w
[_w f o ɾ m e ]_w
[_w p a k t̪ o ɾ ]_w
[_w s e m a n a s ]_w
[_w b u ɾ a ]_w
[_w x o ɾ n a d̪ a ]_w
[_w t̪ i x o ]_w
[_w r u i d̪ o ]_w
[_w k ɾ i s ]_w
[_w n o ɾ m e s ]_w
[_w k ɾ i d̪ o ]_w
[_w b o ɾ ]_w
[_w b e l k a ]_w
[_w n a d̪ i b a l ]_w
[_w o m p ɾ a ]_w
[_w o ɾ k ]_w
[_w e d̪ i t̪ a ]_w
[_w n u e b e s ]_w
[_w u ɾ s s ]_w
[_w n o s ]_w
[_w k a i ɾ o ]_w
[_w b i e ɾ d̪ o ]_w
[_w k a ɾ a k o n ]_w
[_w m o t̪ o ]_w
[_w b i k t̪ o ɾ ]_w
[_w n o s o ]_w
[_w u p i e ɾ a ]_w
[_w i ɡ l e s i a ]_w
[_w ɡ a m b o k o ]_w
[_w k a u t̪ a l ]_w
[_w x u a n ]_w
[_w t̪ w i t̪ t̪ e ɾ ]_w
[_w r e θ i b e ]_w
[_w d̪ a n ]_w
[_w k ɾ e e s ]_w
[_w b ɾ i ʎ a s ]_w
[_w a n ɡ o ]_w
[_w l i t̪ e ɾ e tʃ o ]_w
[_w p a x a n ]_w
[_w o d̪ ɾ o s ]_w
[_w s e k u ɾ s o ]_w
[_w u n i o n ]_w
[_w k o ɾ t̪ a ]_w
[_w x u e k o ]_w
[_w l i p e ]_w
[_w d̪ e m o s ]_w
[_w t̪ i b u x o s ]_w
[_w m u tʃ o s ]_w
[_w k i n d̪ o ]_w
[_w r u s o ]_w
[_w b i e l ]_w
[_w r i n k o ]_w
[_w b u e ɾ t̪ e ]_w
[_w b e ɾ m i d̪ e s ]_w
[_w t̪ e s e o ]_w
[_w t̪ e s t̪ a ɾ ]_w
[_w k u s t̪ e d̪ ]_w
[_w p u e ɾ t̪ o ]_w
[_w o i ɾ ]_w
[_w t̪ a s a ]_w
[_w e ʎ a s ]_w
[_w b i b a ]_w
[_w e n ɾ i k e ]_w
[_w a ʝ u t̪ a ɾ ]_w
[_w a p ɾ o b i o s ]_w
[_w e l e k t̪ o s ]_w
[_w d̪ o m o ]_w
[_w ʝ e s o ]_w
[_w e s k ɾ i t̪ o s ]_w
[_w k u e n d̪ e s ]_w
[_w p o e m a ]_w
[_w e n d̪ o ]_w
[_w e s t̪ ɾ e n a ]_w
[_w p i s i d̪ a ]_w
[_w i b a ]_w
[_w p o θ ]_w
[_w e s k u tʃ a ɾ ]_w
[_w i ɡ n a θ i o ]_w
[_w b e ɾ d̪ i t̪ o ]_w
[_w a u n ]_w
[_w d̪ e n s i o n ]_w
[_w b u e n ]_w
[_w p i e d̪ o ]_w
[_w a r o ʝ o ]_w
[_w s u ʝ o ]_w
[_w e s t̪ a k a ɾ ]_w
[_w t̪ o θ e ]_w
[_w p o k o ]_w
[_w n o ɾ m a n a ]_w
[_w e s p e ɾ a ɾ ]_w
[_w d̪ ɾ i k o ]_w
[_w b o k a ]_w
[_w ɡ o b i e t̪ o ]_w
[_w t̪ i e n d̪ e ɾ ]_w
[_w a t̪ a k e s ]_w
[_w f e t̪ e ɾ ]_w
[_w d̪ o ʝ ]_w
[_w m o n t̪ a n ]_w
[_w t̪ i ɾ i x i o ]_w
[_w r e θ i e ]_w
[_w p e ɾ m i s o ]_w
[_w p a n ɡ a s ]_w
[_w a k e ʎ a s ]_w
[_w p l a ʝ a ]_w
[_w e u ɾ o p e a ]_w
[_w o x a s ]_w
[_w m a ɲ a n a ]_w
[_w a k e l ]_w
[_w u n i t̪ o ]_w
[_w b i ʎ a ]_w
[_w m e d̪ i a ]_w
[_w l a ɾ k a d̪ o ]_w
[_w p ɾ e b a ɾ o ]_w
[_w m a ʝ o ]_w
[_w e u ɾ o b e a ]_w
[_w ɡ a ɾ a n ]_w
[_w x e o ɾ x e ]_w
[_w d̪ i a θ ]_w
[_w f o t̪ o s ]_w
[_w d̪ ɾ a s ]_w
[_w n i ɲ a ]_w
[_w t̪ i k a t̪ a ]_w
[_w s u m a ]_w
[_w i n i θ i o n ]_w
[_w m a n t̪ o ]_w
[_w a f ɾ o n d̪ e ]_w
[_w b a d̪ a s ]_w
[_w o ɾ ɡ e ]_w
[_w d̪ e θ i a ]_w
[_w d̪ e b e ɾ ]_w
[_w s u ʝ a s ]_w
[_w u s a n a ]_w
[_w p a s e ]_w
[_w k a n a ɾ i a s ]_w
[_w a ɾ e a s ]_w
[_w t̪ e ɾ e s ]_w
[_w l i s t̪ a s ]_w
[_w k ɾ e e ɾ ]_w
[_w r i k e θ ]_w
[_w m a e s t̪ ɾ o ]_w
[_w n i ɲ o ]_w
[_w θ i u t̪ a t̪ ]_w
[_w a l ɡ u n o ]_w
[_w r a u l ]_w
[_w a k t̪ u a ɾ t̪ a ]_w
[_w a f i ɾ m a d̪ o ]_w
[_w n a b i t̪ o s ]_w
[_w m a u ɾ i θ i o ]_w
[_w k a n θ a ɾ ]_w
[_w e s t̪ ]_w
[_w e s t̪ a d̪ i o ]_w
[_w a o ɾ a ]_w
[_w k o l a ]_w
[_w e b o k a s ]_w
[_w r e i n o ]_w
[_w s i n o ]_w
[_w ɡ a r e ɾ a ]_w
[_w k a b o ]_w
[_w k a ɾ l o s ]_w
[_w s u p e ɾ a n o ]_w
[_w i n f i e ɾ e ]_w
[_w θ i e ɾ o ]_w
[_w f u n t̪ a ]_w
[_w k i e ɾ a ]_w
[_w p a x o s ]_w
[_w k a n θ o ]_w
[_w d̪ a n t̪ a d̪ o ]_w
[_w m i s ]_w
[_w ɡ o ɾ e a ]_w
[_w ʎ a m a n e x o ]_w
[_w l u tʃ a ]_w
[_w k o n t̪ ɾ o ]_w
[_w r e k l a ɾ a ]_w
[_w e n e ɾ i f e ]_w
[_w p u e p l o s ]_w
[_w e b o k a ]_w
[_w f i n e ]_w
[_w k o l e x i ɾ ]_w
[_w p i ɾ t̪ u a l ]_w
[_w ɡ u b ɾ e ]_w
[_w k u a ɾ e n a ]_w
[_w d̪ e s a r o ʎ o ]_w
[_w θ i m a ]_w
[_w n e k o ]_w
[_w a p i a ]_w
[_w k u s t̪ a ]_w
[_w a θ e n ]_w
[_w r u d̪ a ]_w
[_w b a l a θ i o ]_w
[_w b a i s a x e ]_w
[_w p u e s t̪ ɾ e ]_w
[_w a n x e l ]_w
[_w o f e n s i b a ]_w
[_w a k θ e s o ]_w
[_w i n d̪ e ɾ i a s ]_w
[_w k a ɾ θ e l ]_w
[_w b a θ i o n ]_w
[_w b e ɾ d̪ o s ]_w
[_w m u e ɾ e n ]_w
[_w s o n ɾ i s a ]_w
[_w m a d̪ ɾ e s ]_w
[_w k a b i t̪ a ]_w
[_w d̪ i b i k o s ]_w
[_w s o l u d̪ a ]_w
[_w d̪ o s ]_w
[_w a p i s a ɾ ]_w
[_w e d̪ i k o ]_w
[_w p ɾ o b i e d̪ o ]_w
[_w m u ɾ i o ]_w
[_w d̪ i f u s i o n ]_w
[_w k o n ]_w
[_w a s u m i ɾ ]_w
[_w i d̪ e a ]_w
[_w k o n ɡ u ɾ s o ]_w
[_w m a θ e d̪ a ]_w
[_w u t̪ i l e s ]_w
[_w o m e n t̪ a ]_w
[_w r i o x a ]_w
[_w i d̪ e a s ]_w
[_w u s a n ]_w
[_w m i ɾ a n t̪ e s ]_w
[_w t̪ e ɾ e tʃ o s ]_w
[_w p e n ]_w
[_w n i s p e ɾ o ]_w
[_w ɡ a ɾ d̪ a ]_w
[_w p a s o ]_w
[_w m e s ]_w
[_w i s l a ]_w
[_w o d̪ ɾ a ]_w
[_w s i e n t̪ o θ a ]_w
[_w m a ɾ i a ]_w
[_w e s t̪ o ]_w
[_w a ɾ i a s ]_w
[_w x u e k o s ]_w
[_w b i b i a ]_w
[_w k a b a ʎ o ]_w
[_w f u d̪ u ɾ o ]_w
[_w θ e n s o ]_w
[_w p l o k ]_w
[_w k o l o ɾ ]_w
[_w s a p e m o s ]_w
[_w d̪ a l ]_w
[_w d̪ i b i d̪ o ]_w
[_w r o k a s ]_w
[_w n e k a t̪ i b a ]_w
[_w a b a x a ɾ ]_w
[_w e l n ]_w
[_w e s t̪ a ]_w
[_w n o ɾ m a t̪ a ]_w
[_w r e a k θ i o n ]_w
[_w ɡ ɾ u θ a ɾ ]_w
[_w u n i d̪ o ]_w
[_w m a t̪ ɾ e ]_w
[_w m a m a ]_w
[_w l u ɡ a ɾ ]_w
[_w p u s k a l ]_w
[_w w e b ]_w
[_w d̪ o n t̪ e ɾ ]_w
[_w f e s t̪ i k o ]_w
[_w θ i u t̪ a t̪ e s ]_w
[_w b o s t̪ ɾ e ]_w
[_w t̪ e ɡ a d̪ a ]_w
[_w k u e p a ]_w
[_w f u e ɾ θ a ]_w
[_w a l e m a n a ]_w
[_w t̪ e θ i a ]_w
[_w k a ɾ a k t̪ e ɾ ]_w
[_w a ʝ u d̪ a ɾ ]_w
[_w p u b l i k a ]_w
[_w d̪ e n i e n t̪ e ]_w
[_w r e a l ]_w
[_w b o d̪ i a n o ]_w
[_w l o b e θ ]_w
[_w p o s o t̪ ɾ o s ]_w
[_w d̪ i tʃ o s ]_w
[_w t̪ e n ɡ a ]_w
[_w p a u l ]_w
[_w x a b i ]_w
[_w k a p l e ]_w
[_w o ɾ i x e n o ]_w
[_w k u a d̪ o ɾ ]_w
[_w o b l i k a n o ]_w
[_w f u e ɾ θ o ]_w
[_w i m p u e s ]_w
[_w f a n ]_w
[_w u l t̪ i m o ]_w
[_w l a d̪ o ]_w
[_w d̪ e n e ɾ i f e ]_w
[_w ʎ a m a t̪ a ]_w
[_w m o n t̪ a ɲ a s ]_w
[_w f o ɾ o ]_w
[_w k o m e θ ]_w
[_w p i b l i k a ]_w
[_w m i ʎ o n e s ]_w
[_w r e ɡ ɾ e s o ]_w
[_w d̪ o m a n o s ]_w
[_w m e ɾ k o s ]_w
[_w b a s a ]_w
[_w b u e d̪ a ]_w
[_w a d̪ o b t̪ a ɾ ]_w
[_w a n t̪ a ɾ ]_w
[_w b o l b o ]_w
[_w a θ u ɡ a ɾ ]_w
[_w θ i e n t̪ o ]_w
[_w θ i n e ]_w
[_w e s p e ɾ o ]_w
[_w k u l b a b l o ]_w
[_w x o a k i n ]_w
[_w l e k t̪ o ]_w
[_w f ɾ u d̪ a ]_w
[_w e s t̪ a θ i o n ]_w
[_w f i e l ]_w
[_w n a θ i o n e s ]_w
[_w θ o n a ]_w
[_w f e s t̪ i b a ]_w
[_w p i s i o n ]_w
[_w m a s ]_w
[_w s o f t̪ w a ɾ e ]_w
[_w tʃ i k a ]_w
[_w e ɾ n a s ]_w
[_w p e ɾ s o s ]_w
[_w n o t̪ i θ i n a ]_w
[_w b l a n t̪ o ]_w
[_w l a n θ a ]_w
[_w p i t̪ e ]_w
[_w s e ɲ a l a ]_w
[_w t̪ e ɡ n i ɡ a ]_w
[_w e n d̪ e ]_w
[_w s p e a ɾ s ]_w
[_w m a ɾ tʃ a ]_w
[_w p o ɾ t̪ u ɡ e s ]_w
[_w ɡ o n s e x o ]_w
[_w i n t̪ e n d̪ o ]_w
[_w p e l ]_w
[_w f a b ɾ i o ]_w
[_w i ɡ s o ]_w
[_w x p ɡ ]_w
[_w a l b e ɾ t̪ e s ]_w
[_w b u e ɾ t̪ a d̪ ]_w
[_w a n t̪ e s ]_w
[_w a θ e ]_w
[_w a b ɾ a s ]_w
[_w b u n d̪ o s ]_w
[_w θ e ɾ b e θ a ]_w
[_w u n i t̪ a d̪ o ]_w
[_w n a p a l ]_w
[_w e n t̪ e ]_w
[_w θ e l u l a ]_w
[_w i s l a s ]_w
[_w s e m a n a ]_w
[_w e s θ e n a s ]_w
[_w b i a x a ɾ ]_w
[_w o f e ɾ d̪ a ]_w
[_w x i x o n ]_w
[_w p ɾ e k u n t̪ o ]_w
[_w r i o ]_w
[_w b e l o ]_w
[_w a l ɡ a n θ a ]_w
[_w r e a l e s ]_w
[_w k e t̪ e ]_w
[_w e ɡ o n o θ e n ]_w
[_w e s t̪ a b a ]_w
[_w b a n t̪ a n ]_w
[_w o l a ]_w
[_w r e a l i θ a ]_w
[_w a f i ɾ m o ]_w
[_w f o m e n t̪ o s ]_w
[_w a b u e l a ]_w
[_w s e ɾ a n ]_w
[_w b a ɾ e d̪ ]_w
[_w u d̪ i l i θ o ]_w
[_w o t̪ e l ]_w
[_w a ɾ t̪ i s t̪ a ]_w
[_w e ɾ n a n d̪ o ]_w
[_w a d̪ e m i a ]_w
[_w b u e t̪ e s ]_w
[_w a b u e l o ]_w
[_w a ʝ a ]_w
[_w k o n o θ e ]_w
[_w f ɾ e s k o ]_w
[_w k u e b a ]_w
[_w f e tʃ a s ]_w
[_w u n k ɾ i a ]_w
[_w b u s ]_w
[_w f u e ]_w
[_w s e s i o n ]_w
[_w x a b i e ɾ t̪ o ]_w
[_w n i e k a ]_w
[_w r e d̪ ]_w
[_w d̪ i e n e ]_w
[_w m u e b e ]_w
[_w d̪ e k ɾ e d̪ o ]_w
[_w t̪ e k l a ɾ i o ]_w
[_w k a p a ]_w
[_w d̪ e d̪ a ʎ e ɾ ]_w
[_w b o s e e n ]_w
[_w m a r u e k o ]_w
[_w a l ɡ u n a s ]_w
[_w u n a s ]_w
[_w a ɾ n ]_w
[_w p e i ɡ u l o ]_w
[_w e s t̪ o ʝ ]_w
[_w l a k u n a ]_w
[_w b u e n o ]_w
[_w m i s m o s ]_w
[_w k u m b l e ]_w
[_w θ e r a d̪ o ]_w
[_w d̪ o n t̪ e ]_w
[_w l i k a s ]_w
[_w s i e n t̪ e ]_w
[_w p e ɾ o ]_w
[_w o ɾ i x e ]_w
[_w a s p e k t̪ o ]_w
[_w a l t̪ o s ]_w
[_w m e d̪ i k a ]_w
[_w a m a d̪ a ]_w
[_w b e ɾ ]_w
[_w a s i a ]_w
[_w m a ɾ k o ]_w
[_w p e l ɡ a ]_w
[_w l a ɾ k a ]_w
[_w ɡ a n a t̪ a s ]_w
[_w e s k u a d̪ o ɾ ]_w
[_w a b i s a ɾ ]_w
[_w a n a l ]_w
[_w ɡ ɾ i d̪ o s ]_w
[_w f u e ɾ θ a s ]_w
[_w s e n t̪ e ]_w
[_w s p ɡ ]_w
[_w p o ɾ ]_w
[_w b a ɾ e θ i a ]_w
[_w d̪ o n d̪ a ɾ ]_w
[_w d̪ e b o ɾ t̪ a ɾ ]_w
[_w l a b o ɾ a l ]_w
[_w s u s ]_w
[_w d̪ e ɾ m i n a ɾ ]_w
[_w u t̪ i l i θ o ]_w
[_w p a ɾ t̪ a ]_w
[_w k ɾ a n d̪ e s ]_w
[_w m u s e o ]_w
[_w t̪ i ɾ i x i d̪ a ]_w
[_w n a θ i d̪ o ]_w
[_w i s t̪ o ]_w
[_w n o ɾ e s ]_w
[_w l e n d̪ o ]_w
[_w k o m i s i o n ]_w
[_w e ʎ o ]_w
[_w s e ɲ a l ]_w
[_w d̪ u b i e ɾ d̪ o ]_w
[_w a d̪ a k e s ]_w
[_w p o s i t̪ i o ]_w
[_w ʎ a m a ]_w
[_w s e m i ʎ a ]_w
[_w s o m o s ]_w
[_w m e t̪ o t̪ o ]_w
[_w s i n t̪ e n t̪ e ]_w
[_w b u p l i ɡ a ]_w
[_w θ e n t̪ e ]_w
[_w r e k u ɾ a s ]_w
[_w f o ɾ m u l a ]_w
[_w ʎ u b i a s ]_w
[_w s e n d̪ i e n e ]_w
[_w ɡ a ɾ a ]_w
[_w ɡ u a ɾ e θ e n ]_w
[_w t̪ a ɲ o s ]_w
[_w m a ɾ ɡ a s ]_w
[_w s e ɾ p i ɾ ]_w
[_w a s i ]_w
[_w t̪ u s ]_w
[_w b u e s t̪ ɾ e ]_w
[_w k o m ]_w
[_w t̪ e ɾ m i s o ]_w
[_w r o x o ]_w
[_w t̪ a n i e l ]_w
[_w b i l a ɾ ]_w
[_w a n u n θ i o n ]_w
[_w f a m i l i a s ]_w
[_w d̪ e p i a ]_w
[_w a f ɾ i k a ]_w
[_w s i ɾ b e n ]_w
[_w s o θ i a l ]_w
[_w o b s e ɾ b i ɾ ]_w
[_w a k a b o ]_w
[_w b ɾ o k ɾ a m a ]_w
[_w i ɾ l a n d̪ a ]_w
[_w d̪ i k a s ]_w
[_w m o n d̪ a k t̪ o ]_w
[_w k o n o θ i d̪ a ]_w
[_w s u p o n ɡ o s ]_w
[_w l o ɾ e s ]_w
[_w k a m b i o ]_w
[_w k a m i n o ]_w
[_w ɡ l a s i ɡ a ]_w
[_w r i b e ɾ a ɾ ]_w
[_w e s e n t̪ i ɾ ]_w
[_w a u m e n d̪ a ]_w
[_w m i s i s ]_w
[_w p e ɾ d̪ ]_w
[_w b e d̪ i t̪ o ]_w
[_w s e u ]_w
[_w p a s a d̪ a ]_w
[_w ʎ e p a n t̪ a ]_w
[_w x o n ]_w
[_w m i s i o n ]_w
[_w d̪ i o s ]_w
[_w k a s ]_w
[_w n u e b a s ]_w
[_w x u t̪ i θ i a ]_w
[_w a b l a d̪ a ]_w
[_w e l e b ɾ e ɾ o ]_w
[_w p a d̪ ɾ i a ]_w
[_w a t̪ ɾ a ]_w
[_w d̪ i b o ]_w
[_w s o l u θ i o n ]_w
[_w x a ɾ t̪ i ]_w
[_w a d̪ e n a s ]_w
[_w a m p i e n t̪ e ]_w
[_w p u e l o ]_w
[_w a l m i t̪ o n ]_w
[_w p ɾ i n θ e ]_w
[_w d̪ i θ e ]_w
[_w r e tʃ a θ o ]_w
[_w d̪ e s t̪ a ɾ i a ]_w
[_w x u e ɡ o s ]_w
[_w f ɾ o n t̪ e ]_w
[_w d̪ e s e o s ]_w
[_w o ɾ k a n i θ a ]_w
[_w f e ɾ n a ɾ ]_w
[_w θ i k l o s ]_w
[_w k o ɾ t̪ e ]_w
[_w d̪ e ɾ m i d̪ e s ]_w
[_w m a s a s ]_w
[_w s e ɲ a ]_w
[_w e n b i o ]_w
[_w b a s i ɡ o ]_w
[_w m e d̪ a ]_w
[_w a ɾ s e n a l ]_w
[_w n e k a d̪ a ]_w
[_w k u a d̪ a ]_w
[_w f e ɾ n a ]_w
[_w n u ɲ e θ ]_w
[_w b e ɲ a ]_w
[_w k a s t̪ i ʎ o ]_w
[_w θ e l u l a ɾ ]_w
[_w a m b l i o ]_w
[_w n a t̪ a ]_w
[_w b ɾ o b o ɡ o ]_w
[_w i n i θ i o ]_w
[_w n o t̪ i θ i o ]_w
[_w e x e m p l e a ]_w
[_w ɡ i e ɾ e ]_w
[_w i n f o ɾ m a s ]_w
[_w a n o s ]_w
[_w s e n a l ]_w
[_w m i l ]_w
[_w a ɾ e a ]_w
[_w e m b ɾ e ]_w
[_w m o d̪ i p o ]_w
[_w p e n s a ɾ ]_w
[_w ʎ a m a d̪ o ]_w
[_w p u ɡ e s ]_w
[_w d̪ i d̪ u d̪ ]_w
[_w f i x a ]_w
[_w b a ɾ a n a ]_w
[_w a p e n a ]_w
[_w f i ɾ m a ]_w
[_w p i e d̪ ɾ a ]_w
[_w r o s a ɾ i f ]_w
[_w x o ɾ n a d̪ a s ]_w
[_w a b a ɾ e θ i o ]_w
[_w b u b l i k o ]_w
[_w k o n m i k o ]_w
[_w p l a n ɡ o ]_w
[_w s a l a ]_w
[_w p ɾ i n θ i b e ]_w
[_w k u a n ]_w
[_w b i e n t̪ o ]_w
[_w a i t̪ i ]_w
[_w u n i b e l e s ]_w
[_w f l o d̪ a ]_w
[_w l a ɾ k a s ]_w
[_w p u e n t̪ e ]_w
[_w k a ɾ n a b a l ]_w
[_w ɡ ɾ e e ]_w
[_w s i ɡ i o ]_w
[_w s a l t̪ o s ]_w
[_w k o r i d̪ o ]_w
[_w s e ʎ o ]_w
[_w p a i s ]_w
[_w d̪ i s k o ]_w
[_w k a ʝ o ]_w
[_w r a u e ]_w
[_w k i θ a ]_w
[_w t̪ i a ɾ i o ]_w
[_w e s p a ɲ o ]_w
[_w a u t̪ o ɾ a ]_w
[_w k a m b i a ɾ ]_w
[_w b o s k e ]_w
[_w t̪ e b e ɾ a ]_w
[_w a n t̪ i k u a ]_w
[_w d̪ u k e ]_w
[_w f a k t̪ o ]_w
[_w d̪ e p e n t̪ o ]_w
[_w a ɾ s e ]_w
[_w t̪ ɾ a x o ]_w
[_w m a ɾ i n a ]_w
[_w k u b a ]_w
[_w p a l b o a ]_w
[_w b ɾ o f e s o ɾ ]_w
[_w s u p o n ɡ o ]_w
[_w k a s o ]_w
[_w r a m o n ]_w
[_w b a ɾ a m o ]_w
[_w ɡ a n a ɾ ]_w
[_w e ɾ m a n ]_w
[_w k ɾ e o ]_w
[_w r e θ i b e n ]_w
[_w b o d̪ e m o ɾ ]_w
[_w m a θ e t̪ a ]_w
[_w a θ e ɾ ɡ a n o ]_w
[_w t̪ a n t̪ o ]_w
[_w e l e m e n i o ]_w
[_w k u m p ɾ e s ]_w
[_w f u n d̪ o ]_w
[_w f i e s t̪ a ]_w
[_w p a ɾ k a s ]_w
[_w i s t̪ o ɾ i a ]_w
[_w s u a b e ]_w
[_w d̪ e ɾ e s ]_w
[_w a m o ɾ a ]_w
[_w f ɾ e n t̪ a ɾ ]_w
[_w e k i b o s ]_w
[_w b u e s t̪ o s ]_w
[_w b e ɾ s o n a s ]_w
[_w e s k l a b e ]_w
[_w p u e ɾ d̪ o ]_w
[_w l i k a ]_w
[_w t̪ o n ]_w
[_w w o ɾ l t̪ ]_w
[_w m e n s a ]_w
[_w ɡ u l t̪ u ɾ a s ]_w
[_w e m p l e d̪ a ]_w
[_w d̪ i a s ]_w
[_w d̪ ɾ o ɡ a s ]_w
[_w t̪ e ɾ m i n o s ]_w
[_w p o t̪ i d̪ o ɾ ]_w
[_w k a m p a d̪ e ]_w
[_w p u s o ]_w
[_w p e θ ]_w
[_w ʎ a m a b a ]_w
[_w p e d̪ e ɾ a ]_w
[_w a ɾ d̪ ]_w
[_w b u n d̪ a ]_w
[_w d̪ e b i l ]_w
[_w b a s a n ]_w
[_w k a ʎ o s a ]_w
[_w b e ɾ s o n a ]_w
[_w r e ʝ ]_w
[_w k e ɾ e m o ]_w
[_w u n i ɡ o s ]_w
[_w k a n a s ]_w
[_w p l a n k a ]_w
[_w e s t̪ u t̪ i o s ]_w
[_w d̪ ɾ i n a ]_w
[_w a ɾ a k o θ a ]_w
[_w t̪ a p l e ]_w
[_w a r o θ ]_w
[_w e n ɾ i ɡ e ]_w
[_w p e d̪ i θ i o s ]_w
[_w t̪ u ɾ i s m o ]_w
[_w f o d̪ o ]_w
[_w a t̪ e k u a d̪ a ]_w
[_w k a s i o n e s ]_w
[_w b e l i ɡ ɾ o ]_w
[_w m a ɾ θ o ]_w
[_w m a ɾ ]_w
[_w a k o ɾ a ]_w
[_w k o n t̪ ɾ a ]_w
[_w f ɾ a ɡ a s o s ]_w
[_w d̪ o d̪ a s ]_w
[_w a u m e n t̪ o ]_w
[_w s o m b ɾ a ]_w
[_w a l b a t̪ o ]_w
[_w e s k o θ i o s ]_w
[_w k i e n t̪ o ]_w
[_w a b i e ɾ ]_w
[_w a ɾ tʃ i b o ]_w
[_w l e tʃ e ]_w
[_w k o n θ e ]_w
[_w n o m a ]_w
[_w d̪ o θ e ]_w
[_w e r e ɾ a ]_w
[_w t̪ e m a ]_w
[_w l e ʝ e n t̪ a n ]_w
[_w i x a ]_w
[_w d̪ e x a ɾ ]_w
[_w t̪ u ɾ o ]_w
[_w r e a l i θ o ]_w
[_w b e i n t̪ a ]_w
[_w b e ɾ o ]_w
[_w f u n t̪ o ]_w
[_w f i n a l ]_w
[_w x u ɡ a t̪ o ]_w
[_w e n l a θ e ɾ ]_w
[_w e n e m o s ]_w
[_w p e b e ɾ i o ɾ ]_w
[_w k a r e ɾ a ]_w
[_w f l a k ]_w
[_w f a u n a ]_w
[_w m u e ɾ t̪ o n ]_w
[_w p i b ]_w
[_w k a d̪ a ]_w
[_w θ o n a s ]_w
[_w p ɾ o θ e s o s ]_w
[_w s i ɡ l o ]_w
[_w e s k a s a ]_w
[_w k u ɾ s o s ]_w
[_w ɡ a d̪ a l a n ]_w
[_w n o d̪ a p l e ]_w
[_w f a s e ]_w
[_w p i e n t̪ o ]_w
[_w o ɾ i ʎ a n t̪ e ]_w
[_w r u s i a ]_w
[_w b o t̪ ɾ a s ]_w
[_w p e ɾ s e ]_w
[_w n a θ i o s ]_w
[_w a b i e ɾ a ]_w
[_w k u l t̪ a ]_w
[_w u s a t̪ o ]_w
[_w a b ɾ i k a ]_w
[_w k ɾ i e k o ]_w
[_w l e k a l ]_w
[_w t̪ e k n i ɡ o ]_w
[_w ɡ u ʝ a ]_w
[_w p ɾ i b a d̪ o ]_w
[_w b u d̪ o ]_w
[_w k a m b a ɲ a ]_w
[_w b a i s ]_w
[_w e s k ɾ i d̪ o ]_w
[_w ɡ u p a t̪ o ]_w
[_w d̪ e θ e n ]_w
[_w r e ɡ e ɾ i a l ]_w
[_w m e t̪ i a d̪ o ]_w
[_w a b l o ]_w
[_w f l o ɾ i a ]_w
[_w b a ɾ d̪ e ]_w
[_w d̪ i θ e n t̪ ɾ o ]_w
[_w b e d̪ e ɾ a ]_w
[_w m a b a ]_w
[_w b a ɾ i a ]_w
[_w p e s ]_w
[_w b i a x e ]_w
[_w a x e n ]_w
[_w d̪ ɾ a p a x o ]_w
[_w k i e ɾ e n ]_w
[_w r e s i t̪ a s ]_w
[_w a s u n t̪ o s ]_w
[_w p a i a ]_w
[_w m i ʎ o n ]_w
[_w s u b i ɾ ]_w
[_w p ɾ i b a d̪ a s ]_w
[_w m e ɾ k a d̪ o ]_w
[_w o ɾ a s ]_w
[_w b u e n o s ]_w
[_w ɡ u l p a ]_w
[_w ɡ ɾ e e s ]_w
[_w p u s k e t̪ a ɾ ]_w
[_w k a e ]_w
[_w e s t̪ a n ]_w
[_w i ɡ u a l e s ]_w
[_w p ɾ i m e ɾ ]_w
[_w p a s a p a ]_w
[_w n i b e l ]_w
[_w o b t̪ u p o ]_w
[_w a k θ i o n ]_w
[_w a l k i e n ]_w
[_w e n t̪ ɾ i a ]_w
[_w s u ʝ a ]_w
[_w e s p e ɾ a l ]_w
[_w u n e ]_w
[_w x o s e ]_w
[_w f i ɾ m a d̪ a ]_w
[_w t̪ i ɡ n i d̪ a t̪ ]_w
[_w ʝ e ɾ a ]_w
[_w f e b ɾ e ɾ o ]_w
[_w e s o ]_w
[_w n o tʃ e s ]_w
[_w b i s t̪ a d̪ u s ]_w
[_w i n t̪ e ɾ i ɡ a ]_w
[_w a s t̪ a n ]_w
[_w r e i n o s ]_w
[_w p i e n d̪ o ]_w
[_w p u ɾ o ]_w
[_w m o ɾ e n θ o ]_w
[_w b o θ ]_w
[_w b e d̪ i d̪ o ]_w
[_w p i n t̪ u ɾ a ]_w
[_w p a i l e ]_w
[_w b a l a θ i o n ]_w
[_w p a ɾ t̪ e ]_w
[_w ɡ a i ɾ o ]_w
[_w o f i θ i a ]_w
[_w l i m a ]_w
[_w u n o ]_w
[_w n a t̪ i e ]_w
[_w i ɡ u a l ]_w
[_w k a d̪ o ]_w
[_w ɡ o n θ a l e θ ]_w
[_w b a ɾ o ]_w
[_w k l a ɾ o ]_w
[_w s u e ɡ o s ]_w
[_w m u e ɾ t̪ a d̪ ]_w
[_w n o ɾ m a ]_w
[_w k o n o θ i a l ]_w
[_w b u e s ]_w
[_w e s k ɾ i b i o ]_w
[_w t̪ e p e ɾ a n ]_w
[_w p ɾ e b a ɾ a ]_w
[_w l i b ɾ o s ]_w
[_w e n ɡ a ]_w
[_w o t̪ ɾ o s ]_w
[_w ɡ ɾ a f i ɡ o ]_w
[_w p i i ]_w
[_w e m o θ i o n ]_w
[_w tʃ i k o s ]_w
[_w s i ɡ a ]_w
[_w r u i θ ]_w
[_w m e d̪ ɾ o l e o ]_w
[_w o ɾ k a ]_w
[_w e n t̪ o s ]_w
[_w b e b i t̪ o ]_w
[_w k a x a s ]_w
[_w x o ɾ n a t̪ a s ]_w
[_w u ɾ b a n a ]_w
[_w a l i a t̪ o s ]_w
[_w k a l i d̪ a ɾ ]_w
[_w a p l a n o ]_w
[_w p e b i d̪ o ]_w
[_w d̪ ɾ a d̪ a ]_w
[_w a ʝ e ɾ ]_w
[_w k o m p ɾ a ɾ ]_w
[_w a n o ]_w
[_w b i e ɾ n o ]_w
[_w p a ɾ ɡ e ]_w
[_w l e e ]_w
[_w l a ɾ ɡ a s ]_w
[_w d̪ e s t̪ i d̪ o ]_w
[_w e u ɾ o b e o ]_w
[_w θ i e l o ]_w
[_w k ɾ u b o ]_w
[_w t̪ e l i t̪ o ]_w
[_w t̪ i b i t̪ o s ]_w
[_w a b i a n ]_w
[_w p ɾ o t̪ u x o ]_w
[_w k o m m o n s ]_w
[_w a l b e ɾ d̪ ]_w
[_w a θ e p o o k ]_w
[_w k o b i e ɾ n o ]_w
[_w p e ɾ a ɾ ]_w
[_w d̪ a n d̪ a s ]_w
[_w p e ʎ a ]_w
[_w m u tʃ a ]_w
[_w e n θ i a ]_w
[_w s a b a ]_w
[_w a b i o n e s ]_w
[_w l o p o ]_w
[_w f e l i θ ]_w
[_w a l b e ɾ k a ]_w
[_w u n e n ]_w
[_w m i s m a ]_w
[_w m o t̪ e l ]_w
[_w p o ɾ d̪ u k a l ]_w
[_w r e s u m e n ]_w
[_w k u l t̪ u ɾ a ]_w
[_w k a u s o ]_w
[_w i n k l e s a ]_w
[_w f i k u ɾ a ]_w
[_w t̪ ɾ a t̪ a s ]_w
[_w b e n s a x e ]_w
[_w a x e n θ i a l ]_w
[_w t̪ e r o t̪ a ]_w
[_w b u e n a ]_w
[_w m a n d̪ u ]_w
[_w m o i t̪ o ]_w
[_w a ɾ m e n ]_w
[_w i n a u ɡ u ɾ a ]_w
[_w n a d̪ i e ]_w
[_w u b i e ɾ t̪ o ]_w
[_w d̪ e s a r o ʎ a ]_w
[_w f ɾ a n ɡ i l o ]_w
[_w k ɾ a f i k o ]_w
[_w p a x a ɾ ]_w
[_w e n e ɾ a s ]_w
[_w ɡ o n k u ɾ s o ]_w
[_w p a s i k o ]_w
[_w e s t̪ e ]_w
[_w t̪ a l ]_w
[_w a k a b a ]_w
[_w b u k e s ]_w
[_w k o l f o ]_w
[_w a t̪ e n t̪ a ]_w
[_w p a ɾ e θ i a ]_w
[_w m i n u t̪ o ]_w
[_w e m p e θ o ]_w
[_w a l d̪ i d̪ u t̪ ]_w
[_w i n ɡ l u s o ]_w
[_w m a l a s ]_w
[_w f e tʃ a ]_w
[_w b i ɾ x i n i a ]_w
[_w e b a ]_w
[_w p u n d̪ a d̪ a ]_w
[_w i n t̪ e ɾ o s ]_w
[_w r e ɡ o x i t̪ a ]_w
[_w e k t̪ a ]_w
[_w r i o s ]_w
[_w m a i s ]_w
[_w t̪ i t̪ u l a ɾ ]_w
[_w ʎ e p a ɾ ]_w
[_w a f ɾ o n t̪ a ɾ ]_w
[_w l u i s ]_w
[_w m u l t̪ i m o s ]_w
[_w b e d̪ ɾ o ]_w
[_w θ e r a t̪ o ]_w
[_w s a l e ]_w
[_w a p a x o s ]_w
[_w t̪ i e n d̪ a ]_w
[_w m a n ]_w
[_w b o l a k o ]_w
[_w o k u b a n o ]_w
[_w e t̪ i d̪ a ]_w
[_w k o s t̪ e ]_w
[_w b ɾ i m e ɾ a s ]_w
[_w k l i e n t̪ o ]_w
[_w a ɾ a k u a ]_w
[_w x a b i e ɾ a ]_w
[_w e r o ɾ ]_w
[_w b u e b l o s ]_w
[_w k o n s e k i ɾ ]_w
[_w k o n x u n t̪ o ]_w
[_w d̪ e p a t̪ o ]_w
[_w t̪ e r e n o ]_w
[_w l e k t̪ u ɾ a s ]_w
[_w p e ɾ i o ]_w
[_w d̪ ɾ a n ]_w
[_w f e r e ]_w
[_w s o θ i a ]_w
[_w e ɡ s k u s a ]_w
[_w m a l o s ]_w
[_w p u t̪ o ]_w
[_w a m b i o ]_w
[_w n i ɲ o s ]_w
[_w n e ɡ ɾ o s ]_w
[_w b a ɾ e θ ]_w
[_w p a s t̪ a ]_w
[_w e s t̪ e ɾ o ]_w
[_w k o s t̪ o ]_w
[_w s e ɡ i ɾ ]_w
[_w k u a l ɡ i e n ]_w
[_w p o d̪ e ɾ ]_w
[_w r e l a d̪ o ]_w
[_w a n i m o ]_w
[_w o b ɾ a ]_w
[_w a s t̪ a ]_w
[_w f ɾ u d̪ o ]_w
[_w t̪ ɾ a d̪ a b a ]_w
[_w s a ɡ a ɾ ]_w
[_w a p a n θ a ]_w
[_w a ɾ m a t̪ o ]_w
[_w e s t̪ a t̪ o ]_w
[_w p ɾ u e b a s ]_w
[_w p ɾ o t̪ u θ e ]_w
[_w x i ɾ a ]_w
[_w a m e n a x e ]_w
[_w d̪ e n t̪ a l ]_w
[_w f ɾ a n ɡ o ]_w
[_w l e e ɾ ]_w
[_w e s k ɾ i b e ]_w
[_w i d̪ o ]_w
[_w s a l b o a ]_w
[_w a ʝ u t̪ a s ]_w
[_w e n t̪ ɾ a s ]_w
[_w p a x o ]_w
[_w p e n t̪ a ]_w
[_w r i tʃ a ɾ t̪ ]_w
[_w b l a d̪ o ]_w
[_w a f i ɾ ]_w
[_w f e m e n i o ]_w
[_w k u ɾ s o ]_w
[_w ɡ a ɾ l o s ]_w
[_w e n k a n ]_w
[_w ɡ e t̪ a n t̪ a ɾ ]_w
[_w p s o e ]_w
[_w o t̪ i o ]_w
[_w b a n d̪ a ]_w
[_w n a b a l ]_w
[_w s e a n ]_w
[_w k ɾ e θ e ɾ ]_w
[_w p e ɾ o n ]_w
[_w m a ɾ k a t̪ o ]_w
[_w m i ɾ a ]_w
[_w p i e t̪ ɾ a ]_w
[_w n u e s t̪ ɾ e ]_w
[_w m a s a ]_w
[_w e d̪ u a ɾ ]_w
[_w d̪ a b l e ]_w
[_w e n t̪ ɾ a ]_w
[_w m i l i o ]_w
[_w e f e k t̪ i b a ]_w
[_w b i e n ]_w
[_w ɡ e r a s ]_w
[_w s e ɡ u ɾ s o ]_w
[_w b o p l a d̪ a ]_w
[_w k ɾ i s t̪ o ]_w
[_w e m b ɾ e s a ]_w
[_w r e k o x e ɾ ]_w
[_w a u t̪ o ɾ ]_w
[_w l e i t̪ o ]_w
[_w n a θ i t̪ o ]_w
[_w r e l a θ i o ]_w
[_w b o e s i a s ]_w
[_w p i e n ]_w
[_w a u n k e ]_w
[_w i ɡ a t̪ a l a n ]_w
[_w d̪ o l a ɾ ]_w
[_w e ɡ o n o θ k o ]_w
[_w b a r a f o ]_w
[_w a s e k u n t̪ a ]_w
[_w p ɾ o d̪ u k t̪ o ]_w
[_w o p l i k a ]_w
[_w s u ɾ ]_w
[_w θ i n e a s t̪ a ]_w
[_w r e x i o s ]_w
[_w m o n t̪ e ]_w
[_w k l a ɾ a ]_w
[_w e ɾ o e ]_w
[_w a k a s o ]_w
[_w t̪ u ɾ i a s ]_w
[_w i n t̪ e ɾ ]_w
[_w a l i k a ]_w
[_w p e n t̪ a n d̪ e ]_w
[_w b e s k a s o ]_w
[_w x u n d̪ a ]_w
[_w ɡ o n s u m o ]_w
[_w k o r e ɾ ]_w
[_w p a d̪ i o ]_w
[_w f a p ɾ i e l ]_w
[_w k u e n d̪ a ]_w
[_w p i a x a ɾ ]_w
[_w m e ɾ e θ ]_w
[_w d̪ e ɾ θ e ɾ a ]_w
[_w t̪ o m o s ]_w
[_w b ɾ e θ i o ]_w
[_w k l u p e s ]_w
[_w r a i θ e s ]_w
[_w i b a n ]_w
[_w i a n ]_w
[_w a ɲ a d̪ e ]_w
[_w e m p l o ]_w
[_w p u ɾ ɡ o ]_w
[_w k o m o ]_w
[_w u n o s ]_w
[_w k u e n t̪ a ]_w
[_w o f i θ i l ]_w
[_w t̪ e ɾ m i n o ]_w
[_w p i b e ]_w
[_w u b i e ɾ a ]_w
[_w b ɾ e m i o ]_w
[_w t̪ e n i a ]_w
[_w θ e ɾ ɡ a ]_w
[_w m a ɾ x e n ]_w
[_w p a s k o ]_w
[_w n u m e ɾ o s ]_w
[_w u t̪ i l i θ a n ]_w
[_w f ɾ a s ]_w
[_w m o s t̪ ɾ o ]_w
[_w s o l d̪ a d̪ ]_w
[_w i n b i e ɾ n a ]_w
[_w a θ i t̪ o ]_w
[_w e tʃ o ]_w
[_w s u f ɾ e ]_w
[_w r e ʝ e s ]_w
[_w n e ɡ o θ i a l ]_w
[_w p u e s ]_w
[_w b a ɾ d̪ i t̪ a ]_w
[_w e s k o ]_w
[_w l o s ]_w
[_w b e k e ɲ o s ]_w
[_w r e s p e ɾ o ]_w
[_w u m a n o ]_w
[_w s e ɾ ]_w
[_w a ɾ t̪ i n ]_w
[_w s e k i ɾ ]_w
[_w a θ e s ]_w
[_w k o n o θ i d̪ o ]_w
[_w k u e ɾ d̪ e s ]_w
[_w s e n θ i a ]_w
[_w p l a d̪ o ]_w
[_w d̪ e s t̪ i m a s ]_w
[_w k i e ɾ e s ]_w
[_w k o o ɡ l e ]_w
[_w k u a ɾ t̪ o ]_w
[_w d̪ ɾ i u n f o ]_w
[_w θ e ɾ b e θ a s ]_w
[_w p ɾ o b u s o ]_w
[_w k u s t̪ a ɾ i a ]_w
[_w a d̪ e k u a t̪ o ]_w
[_w p l o k e ]_w
[_w e s p i ɾ i d̪ u ]_w
[_w n a b e s ]_w
[_w k u ʝ o ]_w
[_w b l o ɡ ]_w
[_w e n s a ɾ ]_w
[_w ɡ a m b i o ]_w
[_w f o ɾ m o ]_w
[_w m u s i ɡ a ]_w
[_w r e s t̪ o s ]_w
[_w r e t̪ i ɾ ]_w
[_w p ɾ o p i a s ]_w
[_w i n t̪ e ɾ a ]_w
[_w p i e l ]_w
[_w f ɾ u t̪ o ]_w
[_w d̪ i a p l o ]_w
[_w b a ɾ e θ e ɾ ]_w
[_w e u ɾ o s ]_w
[_w k u l t̪ u ɾ a s ]_w
[_w x o a n ]_w
[_w e s t̪ e n ]_w
[_w s i d̪ u a l e s ]_w
[_w e s k a s o ]_w
[_w n e k a t̪ a ]_w
[_w b i i i ]_w
[_w i n t̪ e ]_w
[_w s i l e n o ]_w
[_w d̪ a m b i o s ]_w
[_w k i ʎ e ɾ m o ]_w
[_w m o n d̪ a ɲ a ]_w
[_w b a p a ]_w
[_w e s t̪ a t̪ i o ]_w
[_w b e r o ]_w
[_w p o θ e s ]_w
[_w t̪ e m a s ]_w
[_w i n f o ɾ m o ]_w
[_w p o ɡ i t̪ o ]_w
[_w p e ɾ i a ]_w
[_w b o ɡ o t̪ a ]_w
[_w d̪ u ɾ n o ]_w
[_w k a b i t̪ o ]_w
[_w m a n t̪ a d̪ ]_w
[_w b a m o s ]_w
[_w k a m b i a d̪ o ]_w
[_w k a n o s ]_w
[_w s e ɾ i e ]_w
[_w t̪ e s t̪ e ]_w
[_w e s t̪ a d̪ u d̪ o ]_w
[_w a b l a ɾ ]_w
[_w f i s k a l ]_w
[_w f o ɾ u m ]_w
[_w m e t̪ i d̪ o ]_w
[_w t̪ e n e ɾ ]_w
[_w o i t̪ o ]_w
[_w ɡ u l o ]_w
[_w a ʝ u d̪ a ]_w
[_w t̪ a ɾ ]_w
[_w n u e b e ]_w
[_w s u b o ]_w
[_w b a l o ɾ ]_w
[_w b a ɾ k a t̪ o ]_w
[_w p i b o ]_w
[_w p e ɾ e θ ]_w
[_w k o n s e n s o ]_w
[_w l e k t̪ o s ]_w
[_w s i k l o ]_w
[_w t̪ e s t̪ a d̪ o ]_w
[_w a ɾ a b e s ]_w
[_w b u n t̪ o ]_w
[_w k o n s e x o ]_w
[_w a n d̪ e a ]_w
[_w m a ɾ t̪ i n e θ ]_w
[_w o t̪ ɾ o ]_w
[_w u p o ]_w
[_w k i a ]_w
[_w a k t̪ o ]_w
[_w x u n t̪ a ]_w
[_w i n i θ i a l ]_w
[_w k a b l e ]_w
[_w a f e k t̪ o ]_w
[_w e s t̪ a s ]_w
[_w p e ɾ s o n a s ]_w
[_w b u d̪ e ]_w
[_w p e ɾ a ]_w
[_w a u d̪ o ɾ ]_w
[_w a k e ʎ o s ]_w
[_w n a b o l e s ]_w
[_w ʎ e b a ɾ a ]_w
[_w n u e b o ]_w
[_w b o t̪ e i n a ]_w
[_w k o m e n t̪ o s ]_w
[_w o ɾ ɡ ]_w
[_w d̪ o m a ]_w
[_w x u n t̪ o ]_w
[_w k ɾ e t̪ o ]_w
[_w x a b o n e ɾ ]_w
[_w r e s p e ɾ a ]_w
[_w ɡ a s o ]_w
[_w t̪ i x i d̪ a ]_w
[_w m u i d̪ o ]_w
[_w u d̪ i l ]_w
[_w b i e n e s ]_w
[_w m e d̪ i a d̪ o s ]_w
[_w p e s o s ]_w
[_w d̪ e ɾ m i n o s ]_w
[_w t̪ i tʃ o ]_w
[_w e d̪ a ]_w
[_w l i p ɾ o ]_w
[_w e s t̪ a ɾ i a ]_w
[_w e m p l e a ]_w
[_w p e k e ɲ a ]_w
[_w a n u a l e s ]_w
[_w r o l ]_w
[_w r e k o ɾ t̪ o ]_w
[_w b i b i o ]_w
[_w i x a s ]_w
[_w θ a ɾ a ɡ o θ a ]_w
[_w u ɾ u k u a ʝ ]_w
[_w a s u n t̪ o ]_w
[_w i t̪ o ]_w
[_w e s t̪ a ɾ ]_w
[_w o x o ]_w
[_w m a n o s ]_w
[_w d̪ i b i s i o n ]_w
[_w i s t̪ e ]_w
[_w e k o n o θ e n ]_w
[_w p e l o t̪ a ]_w
[_w d̪ e x a n d̪ o ]_w
[_w θ i d̪ a ]_w
[_w p o t̪ a θ i o n ]_w
[_w m i ɲ a ]_w
[_w p u n t̪ a ]_w
[_w p o s t̪ ]_w
[_w t̪ e θ i t̪ o ]_w
[_w i n θ e s ]_w
[_w i n b i d̪ a d̪ o ]_w
[_w a l d̪ a ]_w
[_w m u s i k a ]_w
[_w θ e ɾ b e θ a ɾ ]_w
[_w θ i n k o ]_w
[_w a k u a ʝ o ]_w
[_w s i t̪ i b a l ]_w
[_w a b a ɾ e t̪ ]_w
[_w l o k ɾ a m a ]_w
[_w e n ɡ o ]_w
[_w b o s i d̪ i p o ]_w
[_w t̪ i d̪ u l o s ]_w
[_w r a d̪ i b e ]_w
[_w k o ɾ o n a ]_w
[_w d̪ e b e ɾ a ]_w
[_w a ɾ t̪ i n e ɾ o ]_w
[_w a f i ɾ m a ɾ ]_w
[_w f a m i l i a ]_w
[_w s e ɾ e s ]_w
[_w k o l a ɾ e s ]_w
[_w p a ɡ o s t̪ a s ]_w
[_w t̪ ɾ e n ]_w
[_w s i k e ]_w
[_w b ɾ i m a ɾ i a ]_w
[_w p i s t̪ o ]_w
[_w e s o s ]_w
[_w x e n e ɾ x i o ]_w
[_w s e d̪ e ]_w
[_w s e ɲ a l e s ]_w
[_w l i b ɾ e ]_w
[_w e n s e ɲ a l a ]_w
[_w p u s k a l a ]_w
[_w i n d̪ e ɾ n o ]_w
[_w f u e n d̪ o s ]_w
[_w a p u e l b e n ]_w
[_w t̪ e b i t̪ o ]_w
[_w ɡ e t̪ a ɾ ]_w
[_w a n t̪ i l ]_w
[_w p ɾ o ]_w
[_w m i ʎ o ɾ ]_w
[_w p u e b l o s ]_w
[_w l u e k o s ]_w
[_w p a ɾ t̪ i n ]_w
[_w p a n t̪ a s ]_w
[_w p ɾ e θ i o ]_w
[_w u m a n ]_w
[_w a θ i e n t̪ o ]_w
[_w s u e k o ]_w
[_w k a n a l e s ]_w
[_w r a p i t̪ a n ]_w
[_w d̪ a m e n a x e ]_w
[_w i t̪ e a ]_w
[_w s u e ɡ o ]_w
[_w d̪ e m p o s ]_w
[_w e s t̪ ɾ e n ]_w
[_w u n a ]_w
[_w a ɾ m a t̪ a ]_w
[_w t̪ e s k a s o ]_w
[_w b a n t̪ a ]_w
[_w t̪ i b i t̪ o ]_w
[_w t̪ e d̪ a ʎ e ɾ ]_w
[_w t̪ e θ i t̪ i ɾ ]_w
[_w d̪ i a b l o ]_w
[_w k a m p i a ]_w
[_w n o m b ɾ a d̪ o ]_w
[_w e s p a ɲ o l a ]_w
[_w a p o ʝ a ɾ ]_w
[_w o ɾ i ʎ a ]_w
[_w k o ɾ o n e l ]_w
[_w m o n d̪ a ]_w
[_w e s k ɾ i b i ɾ ]_w
[_w p i e n e ]_w
[_w r e d̪ u θ e ]_w
[_w m a n o ]_w
[_w θ i n ɡ o ]_w
[_w m e m o ɾ i a s ]_w
[_w ʎ e n a ]_w
[_w t̪ i s t̪ i a ]_w
[_w k a b a ]_w
[_w ɡ u ɾ s o ]_w
[_w a θ e i t̪ e ]_w
[_w tʃ a k o ]_w
[_w o d̪ o ɲ o ]_w
[_w u b i k a t̪ o ]_w
[_w a l k u n o ]_w
[_w d̪ e n i t̪ o ]_w
[_w b e i n d̪ a ]_w
[_w s u b e ɾ i o ɾ ]_w
[_w b a n k o ]_w
[_w e l i m i t̪ e ]_w
[_w e s t̪ a m o s ]_w
[_w d̪ e x o ]_w
[_w r e b i s t̪ a ]_w
[_w ɡ a d̪ e d̪ ɾ a s ]_w
[_w d̪ i ɾ i x i d̪ a ]_w
[_w b a t̪ i k a s ]_w
[_w f a m a ]_w
[_w ʎ e b a ]_w
[_w s o θ i e d̪ a d̪ ]_w
[_w t̪ i x i d̪ o ]_w
[_w e s k ɾ i t̪ o ]_w
[_w a b ɾ u e b a ]_w
[_w b a n ɡ o ]_w
[_w s u p e ɾ i a l ]_w
[_w r a ɾ o ]_w
[_w k o m p l e a ]_w
[_w ɡ a p i l d̪ o ]_w
[_w p a i s e s ]_w
[_w t̪ i a ]_w
[_w p u e d̪ e s ]_w
[_w a ʎ i ]_w
[_w l i b i a ]_w
[_w e l e x i d̪ o ]_w
[_w k ɾ i s t̪ e ]_w
[_w x a b o n ]_w
[_w p i d̪ e ]_w
[_w p i d̪ a d̪ ]_w
[_w i n f a n θ i a ]_w
[_w p i d̪ a ɾ ]_w
[_w a l i ɡ a ]_w
[_w p a l o ɾ ]_w
[_w n o m b ɾ e ]_w
[_w a m p i t̪ o ]_w
[_w a ɾ m a t̪ a s ]_w
[_w o x o s ]_w
[_w a n u n θ i o ]_w
[_w m a ɾ k o s ]_w
[_w r e x i o n ]_w
[_w m o d̪ i b o ]_w
[_w o ɡ u r i t̪ o ]_w
[_w b o k a s ]_w
[_w n i k o s ]_w
[_w θ i e n d̪ o ]_w
[_w m o ɾ a l ]_w
[_w t̪ e n i d̪ o s ]_w
[_w s u p e ɾ a n ]_w
[_w p a ɾ d̪ e ]_w
[_w k u l b a ]_w
[_w i m a x e n t̪ e ]_w
[_w b i t̪ e n t̪ e ]_w
[_w ɡ a s t̪ i ʎ o ]_w
[_w d̪ e n i a m o s ]_w
[_w a n t̪ e θ ]_w
[_w r e b e n d̪ e ]_w
[_w b o t̪ ɾ a n ]_w
[_w ɡ a l i θ a n ]_w
[_w a θ i a s ]_w
[_w m e t̪ i o ]_w
[_w b a ɾ a ]_w
[_w b a ɾ i o ]_w
[_w l a s ]_w
[_w p e l o ]_w
[_w b e n d̪ e ]_w
[_w n i n k u n o ]_w
[_w l i n e a s t̪ a ]_w
[_w a θ i a n ]_w
[_w e s t̪ i m a ]_w
[_w m a e s t̪ ɾ a ]_w
[_w u n i d̪ a t̪ ]_w
[_w x u e θ ]_w
[_w b a n a m a ]_w
[_w d̪ e t̪ a ʎ e s ]_w
[_w o p i n i o ]_w
[_w l a p i o s ]_w
[_w x a b i e ɾ ]_w
[_w m i t̪ a ]_w
[_w k u e n t̪ a s ]_w
[_w d̪ e ɾ m i t̪ e ]_w
[_w ɡ u ʝ o ]_w
[_w d̪ a ʎ e ɾ ]_w
[_w t̪ e ɡ ɾ e s o s ]_w
[_w t̪ a m p i o ]_w
[_w e s e n d̪ a ]_w
[_w s e ɡ o ]_w
[_w k ɾ e a d̪ i b a ]_w
[_w b ɾ o b i a ]_w
[_w b a s i o n ]_w
[_w a l t̪ a ]_w
[_w d̪ o d̪ a ]_w
[_w k ɾ i t̪ o s ]_w
[_w k ɾ e a t̪ o ɾ ]_w
[_w p ɾ e s a s ]_w
[_w e s f u e ɾ a ]_w
[_w a d̪ ɾ a s ]_w
[_w k ɾ e a d̪ a ]_w
[_w s e k s u a l ]_w
[_w p l a d̪ a ]_w
[_w k e t̪ a ɾ ]_w
[_w i n t̪ i x e n ]_w
[_w t̪ e ɾ θ e ɾ ]_w
[_w k o r i e n t̪ o ]_w
[_w p o s k e ]_w
[_w s a k a ɾ ]_w
[_w k u e n k a ]_w
[_w d̪ i ɾ e k t̪ o ]_w
[_w k ɾ i m a ɾ i a ]_w
[_w m u x e ɾ e s ]_w
[_w n o b e l a s ]_w
[_w b o d̪ e ɾ e tʃ o ]_w
[_w ʎ e b a ɾ o n ]_w
[_w p e s e d̪ a s ]_w
[_w e m p l o s ]_w
[_w m e t̪ ɾ o ]_w
[_w b e s t̪ i l o ]_w
[_w o t̪ ɾ a n ]_w
[_w r e x i o n e s ]_w
[_w p ɾ o ɡ l a m a ]_w
[_w x e n e ɾ a l ]_w
[_w l i m i d̪ e ]_w
[_w k a s t̪ i k o s ]_w
[_w b e ʎ a ]_w
[_w i d̪ a l i a n a ]_w
[_w o ɾ t̪ e ]_w
[_w k a l θ i o ]_w
[_w k ɾ e a ɾ o n ]_w
[_w t̪ e n ɡ o ]_w
[_w k o ɾ t̪ o b a ]_w
[_w k u m p l e d̪ o ]_w
[_w e k u a t̪ ɾ o ]_w
[_w p a s u ɾ a ]_w
[_w m a l ]_w
[_w e ɡ i b o ]_w
[_w m a ɾ i ʎ o ]_w
[_w d̪ i p i s i d̪ a ]_w
[_w d̪ e s ]_w
[_w x a ɾ t̪ i k a l ]_w
[_w o k u r i d̪ o ]_w
[_w t̪ e b i a n ]_w
[_w t̪ o m a ɾ ]_w
[_w t̪ a m o s ]_w
[_w s e ɾ b i θ i o ]_w
[_w p ɾ e m i o ]_w
[_w f i k θ i o n ]_w
[_w e k s k u s a ]_w
[_w p a s a t̪ o ]_w
[_w t̪ e b a d̪ o ]_w
[_w m a t̪ e s ]_w
[_w b o l b e ]_w
[_w b ɾ i n θ i b e ]_w
[_w p e d̪ e ɾ ]_w
[_w k a s t̪ ɾ o ]_w
[_w k l a s i k o ]_w
[_w k a ɾ t̪ o ]_w
[_w l o ɡ ɾ a d̪ o ]_w
[_w k l a b o s ]_w
[_w b e θ e s i d̪ a ]_w
[_w e s p e x o ]_w
[_w e s k u tʃ a ]_w
[_w r e θ i p e ]_w
[_w m a n t̪ e ]_w
[_w a l f ɾ e d̪ o ]_w
[_w s a n tʃ e θ ]_w
[_w b a i a ]_w
[_w s i k i e ɾ e ]_w
[_w k a m b i e n ]_w
[_w e tʃ a ɾ ]_w
[_w ɡ ɾ a θ i o ]_w
[_w o ɡ a ɾ e s ]_w
[_w k o ɾ d̪ a ]_w
[_w a ʝ a n ]_w
[_w k o n s e ɡ i ɾ ]_w
[_w s o ɾ b ɾ e s ]_w
[_w s a b e l e s ]_w
[_w r a i θ ]_w
[_w k u l t̪ o ]_w
[_w i ɡ l e s e s ]_w
[_w d̪ i a ]_w
[_w m a k s i m a ]_w
[_w k o n s u m o ]_w
[_w b ɾ i m e ɾ a ]_w
[_w b e θ i a ]_w
[_w θ e n s u ɾ a ]_w
[_w d̪ e d̪ o s ]_w
[_w m e ɾ e θ e ]_w
[_w b e ɾ t̪ e ]_w
[_w a l ɡ u n a ]_w
[_w i n k l e s i a ]_w
[_w b u e t̪ e ]_w
[_w m a d̪ a ɾ ]_w
[_w p l a n e t̪ a ]_w
[_w b a x a n ]_w
[_w θ e n t̪ ɾ a ]_w
[_w a l e m a n ]_w
[_w d̪ a m i e n ]_w
[_w l e s ]_w
[_w ɡ o m p l e ]_w
[_w p ɾ o u ]_w
[_w s i d̪ i o s ]_w
[_w k o a ]_w
[_w n e ɡ ɾ a ]_w
[_w f o ɾ m a d̪ a ]_w
[_w p e r o ]_w
[_w x u d̪ i o s ]_w
[_w e n e m i k o s ]_w
[_w k u a l ]_w
[_w f ɾ e n t̪ e ɾ a ]_w
[_w k a n a ɾ ]_w
[_w d̪ i e n t̪ a ]_w
[_w d̪ i n e θ ]_w
[_w t̪ o n t̪ e ]_w
[_w θ e n t̪ ɾ a s ]_w
[_w t̪ o s ]_w
[_w t̪ i k k ]_w
[_w p u e t̪ o ]_w
[_w p o s ]_w
[_w s i k l o s ]_w
[_w n u n ɡ a ]_w
[_w e k u a d̪ ɾ a ]_w
[_w k ɾ u p o s ]_w
[_w m o n t̪ a ]_w
[_w s e ɾ b a ]_w
[_w b ɾ e s ]_w
[_w f i s i k a ]_w
[_w s e b a ɾ a ɾ ]_w
[_w u ɾ a n t̪ o s ]_w
[_w p e a t̪ ɾ o ]_w
[_w n o d̪ i θ i o s ]_w
[_w r a d̪ i o ]_w
[_w d̪ e θ i ɾ ]_w
[_w p o n e ]_w
[_w b ɾ i m e ɾ o ]_w
[_w b o l o ]_w
[_w a m p o s ]_w
[_w e s p i ɾ i t̪ u ]_w
[_w p a ɾ a ɾ ]_w
[_w p u e l t̪ a ]_w
[_w l o k ɾ o ]_w
[_w o n u ]_w
[_w r e t̪ ]_w
[_w ʎ a m a ɾ ]_w
[_w k a l i t̪ a ]_w
[_w ɡ ɾ i t̪ o s ]_w
[_w r e k o r e o ]_w
[_w p ɾ o n t̪ a ]_w
[_w p i ɾ t̪ u t̪ ]_w
[_w r a d̪ i ɡ a s ]_w
[_w n e w ]_w
[_w a b e ɾ ]_w
[_w e k s p l i ɡ a ]_w
[_w i d̪ a l ]_w
[_w k a e ɾ ]_w
[_w e u ɾ o p e o ]_w
[_w o ɾ d̪ e ]_w
[_w i m a x e n ]_w
[_w m e n o ɾ ]_w
[_w k ɾ e a t̪ a ]_w
[_w u d̪ i l e s ]_w
[_w d̪ o n t̪ a ɲ a ]_w
[_w p e s t̪ i l o ]_w
[_w m e ɾ ɡ a n o ]_w
[_w l a ɡ u n a s ]_w
[_w p u s k a ɾ ]_w
[_w e d̪ a d̪ ]_w
[_w p u e l t̪ a s ]_w
[_w a b o ʝ a t̪ o ]_w
[_w s u b ɾ e ]_w
[_w s e m p ɾ o s ]_w
[_w b o p ɾ e ]_w
[_w b o d̪ e ɾ n o ]_w
[_w m u e ɾ t̪ e ]_w
[_w a d̪ u l t̪ o ]_w
[_w t̪ e d̪ o s ]_w
[_w l e t̪ ɾ a ]_w
[_w k a ɾ b o l e o ]_w
[_w u ɾ b a n a m a ]_w
[_w i m b i e n e n ]_w
[_w s u e ɲ o ]_w
[_w m a ʝ o ɾ e s ]_w
[_w d̪ i a l ]_w
[_w b l a n e d̪ a ]_w
[_w k a m p i e n ]_w
[_w a k u e ɾ b o ]_w
[_w p u e t̪ e n i a ]_w
[_w p o l o n i a l ]_w
[_w t̪ i e k o ]_w
[_w b ɾ o t̪ e i s ]_w
[_w s o ʝ ]_w
[_w k o l o n i a l ]_w
[_w p a s a n t̪ o ]_w
[_w θ e r o ]_w
[_w o e s t̪ e ]_w
[_w r e l a θ i o n ]_w
[_w p e n d̪ e ]_w
[_w s p i i i ]_w
[_w a b l a p a ʎ e ]_w
[_w u s a ]_w
[_w m e t̪ i d̪ a s ]_w
[_w t̪ i e n e ]_w
[_w n o s o t̪ ɾ o s ]_w
[_w p e i k u l a ]_w
[_w p o l b e ɾ t̪ a ]_w
[_w o ɾ i θ o n t̪ e ]_w
[_w s e ɲ o ɾ ]_w
[_w k o n d̪ a b a ]_w
[_w a θ e m o s ]_w
[_w a s p e k t̪ o s ]_w
[_w s i s t̪ e n ]_w
[_w l a n θ a ɾ ]_w
[_w b ɾ e b i o ]_w
[_w r e k u ɾ o ]_w
[_w m e s m o ]_w
[_w p a s k o s ]_w
[_w a θ i d̪ o ]_w
[_w k a n θ a ]_w
[_w e s k a s e θ ]_w
[_w m o n e t̪ a ]_w
[_w l o ɡ ɾ o ]_w
[_w p e o ]_w
[_w x a m e s ]_w
[_w d̪ e s t̪ a b a ]_w
[_w m a n t̪ i ɡ a s ]_w
[_w θ a p a d̪ o ]_w
[_w b l a n d̪ e ]_w
[_w p u e t̪ e s ]_w
[_w n i k o ]_w
[_w b i e x a ]_w
[_w t̪ a ɾ a n t̪ e ]_w
[_w p o k a s ]_w
[_w s e m p ɾ o ]_w
[_w k o n s i ɡ o ]_w
[_w l e ʝ e n t̪ a ]_w
[_w p i s i o n e s ]_w
[_w s a l b o ]_w
[_w p l a θ e s ]_w
[_w x e n e ɾ x i a ]_w
[_w l e n k u a x e ]_w
[_w k u s t̪ e ]_w
[_w t̪ ɾ a s ]_w
[_w k a n o ]_w
[_w b e ɾ m i d̪ i o ]_w
[_w f u e ɾ a ]_w
[_w u b o ]_w
[_w b u e n d̪ o ]_w
[_w n a θ i o ]_w
[_w e s t̪ o ɾ i k a ]_w
[_w e d̪ a t̪ ]_w
[_w o ɾ i x i n a ]_w
[_w o t̪ o m a n ]_w
[_w t̪ o m i n a ɾ ]_w
[_w f e ɾ ]_w
[_w θ i b i l ]_w
[_w n o m b ɾ e s a ]_w
[_w a b e ɾ s i o n ]_w
[_w r e k u ɾ s o ]_w
[_w p e d̪ i t̪ o ]_w
[_w a l o n s o ]_w
[_w i m p e ɾ i o ]_w
[_w k a m p i d̪ o ]_w
[_w b e ɾ s a s ]_w
[_w p u e s t̪ i o n ]_w
[_w i k l e s i a ]_w
[_w a θ u k a ɾ ]_w
[_w n a p e s ]_w
[_w d̪ e r e s t̪ o ʝ ]_w
[_w p a θ k e θ ]_w
[_w a ɡ u a ]_w
[_w f ɾ a s e ]_w
[_w p l a n ]_w
[_w s u b u e s ]_w
[_w p o l b o ]_w
[_w m a k s i m o ]_w
[_w ɡ o n t̪ a ɲ a ]_w
[_w e s e ]_w
[_w f o ɾ m a t̪ a ɾ ]_w
[_w s u e l e n ]_w
[_w ɡ u l d̪ o ]_w
[_w b o d̪ a ]_w
[_w s a n t̪ i l ]_w
[_w o k u b a ɾ ]_w
[_w r e f i e ɾ n o ]_w
[_w p o t̪ ɾ i ɡ o ]_w
[_w p a ɾ t̪ i t̪ o ]_w
[_w u n i b e ɾ a n ]_w
[_w k i e n ]_w
[_w a l ɡ u n o s ]_w
[_w k ɾ i s t̪ i n o ]_w
[_w p a ɾ e θ ]_w
[_w ɡ a n a d̪ o ]_w
[_w k u s t̪ e t̪ e s ]_w
[_w k ɾ u ʝ f f ]_w
[_w s a n t̪ o ]_w
[_w r u ɾ a l e s ]_w
[_w t̪ e s a r o ʎ o ]_w
[_w i k u a l ]_w
[_w o n o ɾ ]_w
[_w p i s u a l ]_w
[_w n o n ]_w
[_w b a n t̪ o ]_w
[_w t̪ i ɾ e k t̪ a ]_w
[_w a b ɾ e n s a ]_w
[_w k o m e ɾ ]_w
[_w l i m p i t̪ o s ]_w
[_w a u l a s ]_w
[_w p o s i b l e ]_w
[_w x u b e n i a ]_w
[_w k ɾ i s i s ]_w
[_w m i d̪ ɾ e ]_w
[_w m i a ]_w
[_w r i s a ]_w
[_w b a x i n a ]_w
[_w x e n e s ]_w
[_w a l m a ]_w
[_w t̪ ɾ i s t̪ e ]_w
[_w k o n t̪ ɾ e ]_w
[_w m a n e x o ]_w
[_w x a b i e ɾ d̪ o ]_w
[_w r o m a n o ]_w
[_w θ i ɾ k u i d̪ o ]_w
[_w r o s a ]_w
[_w e n e ɾ a l ]_w
[_w o ɾ a θ o s ]_w
[_w e s t̪ u b o ]_w
[_w k u e ɾ t̪ o ]_w
[_w d̪ a d̪ o ]_w
[_w n u p e s ]_w
[_w p a s ]_w
[_w p o l i θ i a s ]_w
[_w e d̪ i ɡ a ]_w
[_w b e s e d̪ a s ]_w
[_w e s k ɾ i d̪ o s ]_w
[_w p u n t̪ o ]_w
[_w p o t̪ i a n d̪ e ]_w
[_w m o m e n t̪ o ]_w
[_w b o t̪ e ɾ ]_w
[_w t̪ e n e s ]_w
[_w t̪ e r i b l e ]_w
[_w t̪ e t̪ o s ]_w
[_w p a l a p ɾ a ]_w
[_w tʃ i l e ]_w
[_w f i s i ɡ o ]_w
[_w o k s i m o ]_w
[_w k l o ɾ i t̪ a ]_w
[_w m e t̪ i a n ]_w
[_w u s a n t̪ o ]_w
[_w t̪ e ɡ ɾ e t̪ o ]_w
[_w f o m e n t̪ o ]_w
[_w r e k o ɾ d̪ a ]_w
[_w t̪ o m o ]_w
[_w p a n d̪ a s ]_w
[_w f a s θ i s m o ]_w
[_w p e n s a ]_w
[_w s a b a t̪ o ]_w
[_w θ i ɾ k u l a ]_w
[_w k ɾ a f i ɡ o ]_w
[_w l u n a ]_w
[_w r u s a ]_w
[_w b e s e ]_w
[_w p u e d̪ e n t̪ e ]_w
[_w b ɾ o d̪ u k t̪ a ]_w
[_w r e k u l a ɾ ]_w
[_w a b s o l u d̪ a ]_w
[_w d̪ i a ɾ i o s o ]_w
[_w a l t̪ a s ]_w
[_w a n t̪ ]_w
[_w d̪ o m a ɾ k a s ]_w
[_w d̪ o d̪ ]_w
[_w k a d̪ a l u ɲ a ]_w
[_w d̪ i e r a ]_w
[_w e n θ i o ]_w
[_w b i s i d̪ a ]_w
[_w k a l e s ]_w
[_w m a d̪ ɾ e ]_w
[_w d̪ e d̪ i ɡ a l ]_w
[_w p e ɾ n a n d̪ o ]_w
[_w f o ɾ m a l ]_w
[_w b a r a ]_w
[_w i θ e ]_w
[_w e s f u e ɾ θ o ]_w
[_w n o ɾ d̪ e n ]_w
[_w a ɾ a b e ]_w
[_w p o l e o n ]_w
[_w a s t̪ u ɾ a l ]_w
[_w t̪ e d̪ ɾ a s ]_w
[_w a ɲ o s ]_w
[_w i m p l e ]_w
[_w θ i b i t̪ e ]_w
[_w p ɾ e s o ]_w
[_w p e ɾ i o ɾ ]_w
[_w d̪ i b i t̪ o ]_w
[_w p a r i o s ]_w
[_w a θ n a ɾ ]_w
[_w a i ɾ e s ]_w
[_w k a ɾ i ɲ o ]_w
[_w tʃ i k o ]_w
[_w b ɾ o t̪ u θ e ]_w
[_w t̪ a b i d̪ ]_w
[_w p a s i o n ]_w
[_w p i ɾ u s ]_w
[_w p i e x o ]_w
[_w a k u e ɾ t̪ e ]_w
[_w a θ u l ]_w
[_w o i ɡ x i n s ]_w
[_w x u n d̪ o ]_w
[_w b a i s e s ]_w
[_w i d̪ i o ]_w
[_w r e p i s t̪ o ]_w
[_w i e l o ]_w
[_w b u b l i k a ]_w
[_w r a b i t̪ a ]_w
[_w b ɾ o u ]_w
[_w p e t̪ ɾ o s ]_w
[_w a m i k a ]_w
[_w e m o s ]_w
[_w p i s t̪ a ]_w
[_w s e k s t̪ ɾ e ]_w
[_w l i n u ɡ s ]_w
[_w b l o ɡ e ]_w
[_w t̪ o t̪ a s ]_w
[_w a ʎ a ]_w
[_w e k i b o ]_w
[_w m a n e θ e ɾ ]_w
[_w o b x e d̪ o ]_w
[_w p i k t̪ o ɾ e s ]_w
[_w r e s u l t̪ a ]_w
[_w p e k e ɲ o s ]_w
[_w d̪ ɾ a d̪ a d̪ o s ]_w
[_w o b i n i o n ]_w
[_w p u d̪ i e ɾ a n ]_w
[_w m o m e n o s ]_w
[_w p u t̪ e ]_w
[_w m u ʝ ]_w
[_w p a r o ]_w
[_w b u e l d̪ a ]_w
[_w m a ɾ i d̪ o s ]_w
[_w f l o ɾ ]_w
[_w θ i n ɡ ]_w
[_w r a d̪ i p a l ]_w
[_w d̪ i b i ɡ o s ]_w
[_w a s u m e ]_w
[_w a l k u n a s ]_w
[_w b a k i s t̪ a s ]_w
[_w k a s t̪ i ʎ a ]_w
[_w θ e n d̪ ɾ o ]_w
[_w p u e t̪ e ]_w
[_w x a b o n e ]_w
[_w a k a p a ʎ o s ]_w
[_w ɡ u a n t̪ a s ]_w
[_w b e a t̪ ɾ o ]_w
[_w t̪ i x e ]_w
[_w d̪ e x i t̪ o ]_w
[_w i n ɡ l u ʝ e ]_w
[_w e ɾ a n ]_w
[_w p e ɾ t̪ a ]_w
[_w d̪ e r o t̪ a ]_w
[_w k a ɾ b o l ]_w
[_w a m o ɾ ]_w
[_w s u i θ a ]_w
[_w t̪ e n d̪ ɾ e ]_w
[_w f ɾ a n θ e ]_w
[_w l a k o ]_w
[_w o ɾ i e n t̪ e ]_w
[_w b u b l i ɡ a ]_w
[_w e m i s i o n ]_w
[_w p ɾ i m e ɾ a ]_w
[_w b i n t̪ o ɾ n o ]_w
[_w t̪ i s e ɲ o ]_w
[_w e l e b ɾ a ]_w
[_w ɡ a u s o ]_w
[_w e k s d̪ o ]_w
[_w b l o k ]_w
[_w k e r a s ]_w
[_w e t̪ u a ɾ t̪ a ]_w
[_w d̪ e t̪ e s ]_w
[_w o p a m a ]_w
[_w k a m p a ɲ a s ]_w
[_w l i b ɾ o ]_w
[_w s i ɡ i e n t̪ o ]_w
[_w f ɾ a s e s ]_w
[_w t̪ ɾ i u n f o ]_w
[_w b e θ ]_w
[_w l u θ ]_w
[_w s a l o n ]_w
[_w p a ʝ a ]_w
[_w l e d̪ ɾ a d̪ a ɾ ]_w
[_w e ɾ a ]_w
[_w p a m o s ]_w
[_w d̪ a ɾ l e s ]_w
[_w a θ i e n ]_w
[_w b ɾ a k t̪ i k a ]_w
[_w b e ɾ t̪ a ]_w
[_w r e θ i e n θ o ]_w
[_w p u e ɾ t̪ e ]_w
[_w p i e n t̪ e s ]_w
[_w s i s t̪ e ]_w
[_w b e n ]_w
[_w i l u s i o n ]_w
[_w m a n u e l ]_w
[_w o ɾ i e n d̪ o ]_w
[_w l a d̪ o s ]_w
[_w k o ɾ t̪ o ]_w
[_w e s t̪ a t̪ ]_w
[_w p e θ i a ]_w
[_w r a s k o s ]_w
[_w n o tʃ e ]_w
[_w r e k ɾ e s o ]_w
[_w b a ɾ t̪ e ]_w
[_w ɡ o n s e x o s ]_w
[_w d̪ u l θ e ]_w
[_w b a s a t̪ a ]_w
[_w i θ i e ɾ t̪ a ]_w
[_w n u e b a ]_w
[_w ɡ u a d̪ a ]_w
[_w n o ɾ d̪ e ]_w
[_w t̪ a n ]_w
[_w k o l o n i a ]_w
[_w p e p e ɾ a n ]_w
[_w p a b e l e s ]_w
[_w s i e m p o s ]_w
[_w p e a d̪ ɾ o ]_w
[_w p i e x o s ]_w
[_w d̪ e f i n e ]_w
[_w ʎ a m o ]_w
[_w θ i e ɾ t̪ o ]_w
[_w p i e θ a n ]_w
[_w s o b ɾ e ]_w
[_w d̪ ɾ a d̪ o ]_w
[_w ʎ e p o ]_w
[_w k ɾ e e ]_w
[_w p ɾ e k u n ]_w
[_w t̪ ɾ a d̪ a ɾ ]_w
[_w i n d̪ e s ]_w
[_w m a ɾ i n ]_w
[_w d̪ ɾ i b l e s ]_w
[_w i l e k a l o ]_w
[_w m i e n t̪ o ]_w
[_w p a s a d̪ o ]_w
[_w a d̪ ɾ a ]_w
[_w l i θ e s ]_w
[_w o l a s ]_w
[_w a p l i ɡ o ]_w
[_w d̪ o k a ]_w
[_w n u n ]_w
[_w p i b i e n ]_w
[_w i n t̪ e n e i s ]_w
[_w x a m a s ]_w
[_w m e d̪ i o ]_w
[_w t̪ ɾ o n o ]_w
[_w m a n d̪ e ɾ n o ]_w
[_w k a i t̪ a ]_w
[_w p a b l e ]_w
[_w o f i θ i n a ]_w
[_w m i o ]_w
[_w k ɾ a θ i o n ]_w
[_w θ a m p i e θ a ]_w
[_w f i l o s ]_w
[_w m o t̪ a ]_w
[_w b a x o ]_w
[_w k a m p i t̪ o s ]_w
[_w t̪ i d̪ u l o ]_w
[_w m a ɾ i a n ]_w
[_w i n k l u i d̪ o ]_w
[_w i s ɾ a e l ]_w
[_w p e p e ɾ i a ]_w
[_w o k a ɾ ]_w
[_w i θ o ]_w
[_w u n i t̪ a d̪ ]_w
[_w u ɾ b a n o ]_w
[_w θ i f ɾ a s ]_w
[_w b u e s t̪ o ]_w
[_w ɡ l i e n t̪ o s ]_w
[_w x e n e ɾ o ]_w
[_w s i e n t̪ o ]_w
[_w b o l a ]_w
[_w x e a n ]_w
[_w ɡ i m i k o s ]_w
[_w p ɾ e s ]_w
[_w e s t̪ u d̪ i a ɾ ]_w
[_w k i m i k a ]_w
[_w u b a ]_w
[_w d̪ i a ɾ i o ]_w
[_w a b ɾ i o ]_w
[_w d̪ o k a ɾ ]_w
[_w s u a p e ]_w
[_w s i k o ]_w
[_w b e s k a s a s ]_w
[_w k u l t̪ u ɾ a l ]_w
[_w k a b e θ ]_w
[_w p o t̪ ɾ i a n ]_w
[_w t̪ e f i θ i d̪ ]_w
[_w k u a n d̪ a s ]_w
[_w t̪ o k a ɾ ]_w
[_w x u t̪ i o ]_w
[_w i ɾ a k ]_w
[_w e ɾ m a n o ]_w
[_w k o l o n o s ]_w
[_w d̪ ɾ a p a x o s ]_w
[_w a l i a d̪ o ]_w
[_w f u n t̪ o s ]_w
[_w e m b e θ o ]_w
[_w b e s e t̪ a s ]_w
[_w a b ɾ i e l ]_w
[_w s i e m p o ]_w
[_w θ i u d̪ a d̪ ]_w
[_w b e k e ɲ o ]_w
[_w b e n s a b a ]_w
[_w k u a d̪ ɾ o ]_w
[_w d̪ e ɡ a d̪ a l ]_w
[_w f o n t̪ o ]_w
[_w m e t̪ i a ]_w
[_w f u e ɾ o n ]_w
[_w f ɾ e n t̪ a ]_w
[_w a d̪ e ɡ u a d̪ a ]_w
[_w f a b o ɾ a ɾ ]_w
[_w f i s i o n ]_w
[_w d̪ e s p u e s ]_w
[_w a b i t̪ u a l ]_w
[_w n i s p e ɾ a ]_w
[_w e n k a n d̪ o ]_w
[_w s o θ i a l e s ]_w
[_w n i s p e ɾ a n ]_w
[_w p a ɾ e θ i o ]_w
[_w p ɾ o t̪ e x e ɾ ]_w
[_w k o t̪ i ɡ o ]_w
[_w a l e m a n t̪ o ]_w
[_w b i s t̪ a ]_w
[_w p e ɾ s e ʝ ]_w
[_w i k s a ]_w
[_w b ɾ e s a ]_w
[_w ɡ o l o n i a ]_w
[_w r o d̪ ɾ i k o ]_w
[_w s a n d̪ i l ]_w
[_w f o m e n a θ a ]_w
[_w k o l o n ]_w
[_w f a l d̪ a s ]_w
[_w b e m o s ]_w
[_w e m i l i a ɾ ]_w
[_w b ɾ o b a s ]_w
[_w d̪ i x o ]_w
[_w e k s i s t̪ i a ]_w
[_w k e d̪ a ɾ o n ]_w
[_w a ɡ a n ]_w
[_w e l e x i t̪ o ]_w
[_w a l k o o l ]_w
[_w f a b o ɾ a l ]_w
[_w e ɾ i t̪ a ]_w
[_w e k s p l i ɡ o ]_w
[_w k e d̪ a n ]_w
[_w k ɾ e a θ i o ]_w
[_w k o n d̪ i e n e ]_w
[_w r e l i x i o ]_w
[_w b e a d̪ ɾ o ]_w
[_w k o n o θ e n ]_w
[_w p ɾ i n θ e s ]_w
[_w d̪ e θ i t̪ i t̪ o ]_w
[_w b e ɾ f i l ]_w
[_w k i e ɾ o n ]_w
[_w ɡ l o ɾ i d̪ a ]_w
[_w k o n s i ɡ e ]_w
[_w ʎ e k a n ]_w
[_w p l a n ɡ a ]_w
[_w d̪ i a l o ɡ o ]_w
[_w p e ɾ ]_w
[_w b o e m a s ]_w
[_w d̪ a n t̪ e ɾ ]_w
[_w m u l t̪ i m a s ]_w
[_w b a ɾ e θ i o s ]_w
[_w a m a n ]_w
[_w a k a b a t̪ o s ]_w
[_w p i i i ]_w
[_w d̪ e k n i ɡ a ]_w
[_w t̪ e b a x o s ]_w
[_w r e d̪ i ɾ ]_w
[_w t̪ ɾ a f i k o ]_w
[_w p ɾ e s a ɾ ]_w
[_w f i l o s o f o ]_w
[_w p i e ɾ ]_w
[_w k a b i t̪ a ɾ ]_w
[_w d̪ e o ɾ i a ]_w
[_w t̪ o i ]_w
[_w k o n d̪ a ɲ a ]_w
[_w m a d̪ e o ]_w
[_w o ɾ i b e ]_w
[_w u l t̪ i d̪ u l o ]_w
[_w a k o s t̪ o ]_w
[_w l e ɡ a l ]_w
[_w p o l a ]_w
[_w t̪ i d̪ u d̪ ]_w
[_w f o t̪ o ]_w
[_w i e r o ]_w
[_w a k u a ]_w
[_w n u m e ɾ o ]_w
[_w k o m b a t̪ e ]_w
[_w a ɾ t̪ e ]_w
[_w t̪ e r e n o s ]_w
[_w s i k a ]_w
[_w a x e n θ i a ]_w
[_w m e s m a ]_w
[_w i n f e ɾ i a n ]_w
[_w ʎ e k a ɾ ]_w
[_w e m p ɾ o s ]_w
[_w b o m b a ɲ a ]_w
[_w t̪ a d̪ o ]_w
[_w l a ɡ u n a ]_w
[_w a l t̪ o ]_w
[_w e x e ɾ θ i d̪ o ]_w
[_w d̪ i o ]_w
[_w i n f i e ɾ n o ]_w
[_w n i ɲ a s ]_w
[_w p ɾ a k t̪ i b a ]_w
[_w k a s a ]_w
[_w ɡ a ɾ k o ]_w
[_w p o b u l a ɾ ]_w
[_w o d̪ ɾ o ]_w
[_w n a p e ]_w
[_w f e l i ɡ ɾ o ]_w
[_w k a m p o ɡ o ]_w
[_w s e ɾ i e s ]_w
[_w p l a d̪ o s ]_w
[_w e s t̪ i b a ]_w
[_w u d̪ i l i θ a ]_w
[_w b a l e n ]_w
[_w p e o ɾ ]_w
[_w s o l a ]_w
[_w a k u a s ]_w
[_w k u s t̪ o ]_w
[_w r e d̪ ɾ a ]_w
[_w p a ɾ d̪ a ]_w
[_w d̪ ɾ i b u n a l ]_w
[_w e d̪ a b a n θ e ]_w
[_w m o i ]_w
[_w t̪ e tʃ o ]_w
[_w d̪ e d̪ ɾ a d̪ o ]_w
[_w l i b e ɾ t̪ a d̪ ]_w
[_w ɡ u ɾ i o s ]_w
[_w a b u e l t̪ o ]_w
[_w k e ɾ i a ]_w
[_w k ɾ e a n ]_w
[_w e n l a θ e s ]_w
[_w p a ɾ e x a ]_w
[_w k a ɾ o ]_w
[_w k ɾ a t̪ o s ]_w
[_w k o n o θ k o ]_w
[_w p a t̪ a ]_w
[_w k a m b i a ]_w
[_w e ɡ s t̪ ɾ a s ]_w
[_w e b o ɡ a ]_w
[_w ɡ a m p i d̪ o ]_w
[_w u l t̪ i m o s ]_w
[_w e ɡ s ɡ u s a ]_w
[_w l o ɡ a d̪ o ]_w
[_w k ɾ a θ i a n ]_w
[_w θ a m o ɾ a l ]_w
[_w k o m i e n ]_w
[_w p ɾ e m o s ]_w
[_w m u ɾ i o s ]_w
[_w e ɾ n a ]_w
[_w k i m i ɡ a ]_w
[_w p i k o s ]_w
[_w s a b e ɾ ]_w
[_w p e n d̪ o s ]_w
[_w b o k i t̪ o ]_w
[_w s i e n d̪ e ]_w
[_w r e b e n t̪ o ]_w
[_w d̪ e r o ɾ e s ]_w
[_w e s p o s a ]_w
[_w f u e ɾ t̪ e s ]_w
[_w d̪ i ɾ i x i o ]_w
[_w a ɡ ɾ i k o ]_w
[_w d̪ a ɾ t̪ e ]_w
[_w r e d̪ o n t̪ e ]_w
[_w l o k a d̪ i b a ]_w
[_w a l ɡ a n θ o ]_w
[_w n u b e s ]_w
[_w s u e l e ]_w
[_w θ i ɡ l o s ]_w
[_w l u tʃ a ɾ ]_w
[_w k a m b o ]_w
[_w d̪ e t̪ a ʎ e ɾ ]_w
[_w b a ɾ t̪ i d̪ a ]_w
[_w t̪ o d̪ a s ]_w
[_w θ a m p i o s ]_w
[_w p i a x e s ]_w
[_w a p ɾ i e l ]_w
[_w m e d̪ i o s ]_w
[_w a l ɡ a n θ e s ]_w
[_w a k o ɾ a θ i a ]_w
[_w b u e ɾ t̪ a s ]_w
[_w b ɾ e b i a ]_w
[_w t̪ a ɲ o ]_w
[_w b i d̪ e ]_w
[_w p i e x a ]_w
[_w l u e k o ]_w
[_w k ɾ a n d̪ o ]_w
[_w m u s i k o ]_w
[_w b e s o s ]_w
[_w k a p i l t̪ o ]_w
[_w l o ɡ a d̪ i ]_w
[_w m u n t̪ i a ]_w
[_w d̪ e ɡ l a ]_w
[_w ʎ e ɡ a t̪ a ]_w
[_w k ɾ o n i ɡ a s ]_w
[_w k i θ a s ]_w
[_w b l o k e o ]_w
[_w k u l b a b l e ]_w
[_w b e n s a ]_w
[_w m e x o ɾ e s ]_w
[_w t̪ i e n d̪ o s ]_w
[_w s a l i o ]_w
[_w t̪ i ʝ a ]_w
[_w a n n a ]_w
[_w p l a θ a ]_w
[_w k o m a ɾ ]_w
[_w p a t̪ a ʎ a ]_w
[_w e s t̪ e ɾ n e s ]_w
[_w b u ɡ e s ]_w
[_w a m p l e a d̪ o ]_w
[_w t̪ o m i n k o ]_w
[_w a s a m p l i a ]_w
[_w p i t̪ e o s ]_w
[_w i n k l u i ɾ ]_w
[_w m e d̪ a l ]_w
[_w o ɾ i x e n a ]_w
[_w l u k a ɾ ]_w
[_w x u l i a n a ]_w
[_w b l a θ o ]_w
[_w ɡ u a l e s ]_w
[_w n o s o d̪ ɾ o s ]_w
[_w a θ e ɾ ]_w
[_w k a b i l d̪ o ]_w
[_w k a r e ɾ a s ]_w
[_w b ɾ o t̪ e i n a ]_w
[_w a k e ʎ a ]_w
[_w b o s t̪ ɾ o s ]_w
[_w k u d̪ i e ɾ o n ]_w
[_w n o m p ɾ a ]_w
[_w k u ʝ a ]_w
[_w a ɡ o s ]_w
[_w k i e ɾ o ]_w
[_w d̪ ɾ a t̪ o ]_w
[_w a k o s t̪ a s ]_w
[_w i m b i d̪ e n ]_w
[_w d̪ e tʃ o ]_w
[_w r e k ɾ e t̪ o ]_w
[_w s u f ɾ i o ]_w
[_w p e ɾ m i d̪ e s ]_w
[_w b e l i o n ]_w
[_w a θ i a ]_w
[_w d̪ e l a n d̪ e s ]_w
[_w k u s t̪ a d̪ o ]_w
[_w m i n i s t̪ ɾ o ]_w
[_w d̪ e r o ɾ ]_w
[_w p u e n a s ]_w
[_w t̪ e n s a p a ]_w
[_w s a b o ɾ a l ]_w
[_w a n a l i θ a ɾ ]_w
[_w x u t̪ i o s ]_w
[_w a x e n θ i a s ]_w
[_w o k u r i o ]_w
[_w i n t̪ i θ e s ]_w
[_w m a n t̪ u b o ]_w
[_w n o ɾ m a s ]_w
[_w f u n θ i o n ]_w
[_w a n tʃ o ]_w
[_w a b a x o ]_w
[_w θ i f ɾ a ]_w
[_w k o n s i ɡ e n ]_w
[_w a ɡ a b o ]_w
[_w s e m i ʎ a s ]_w
[_w k o tʃ e s ]_w
[_w l e o n ]_w
[_w i t̪ ɾ o x e n o ]_w
[_w a m p i e θ a ]_w
[_w k u m p ɾ e ]_w
[_w k a m a ɾ a s ]_w
[_w b i i ]_w
[_w d̪ a m b o ]_w
[_w t̪ o n d̪ e ]_w
[_w p ɾ i b a d̪ o ɾ ]_w
[_w d̪ e x i d̪ o ]_w
[_w p ɾ o θ e t̪ e ]_w
[_w o s p i d̪ a ]_w
[_w s e i s ]_w
[_w s a l i d̪ o ]_w
[_w p ɾ o b i a s ]_w
[_w i n k ɾ e ]_w
[_w b e ɾ m i n a ]_w
[_w t̪ o m i n ɡ o ]_w
[_w s e n d̪ i ɾ ]_w
[_w a l f o n s o ]_w
[_w u k o ]_w
[_w p ɾ e b i o ]_w
[_w e d̪ i d̪ o ɾ ]_w
[_w e n s a b a ]_w
[_w p a l a θ i o n ]_w
[_w s a n d̪ o ]_w
[_w b ɾ i b a d̪ o ]_w
[_w f u n d̪ o s ]_w
[_w n a d̪ u ɾ a ]_w
[_w b e d̪ i θ i a ]_w
[_w s e n t̪ i ɾ ]_w
[_w d̪ ɾ a n k i l o ]_w
[_w a u n ɡ e ]_w
[_w l o n x i t̪ u t̪ ]_w
[_w p i e ɾ n o ]_w
[_w t̪ ɾ a d̪ a ]_w
[_w o d̪ ɾ a s ]_w
[_w o m e n t̪ o ]_w
[_w p u s k a ]_w
[_w a l ɡ i e ɾ e ]_w
[_w d̪ e n t̪ ɾ a ]_w
[_w s i t̪ u a t̪ a ]_w
[_w d̪ i e n d̪ a ]_w
[_w u e b o s ]_w
[_w k i ɾ tʃ n e ɾ ]_w
[_w t̪ ɾ i s t̪ e θ a ]_w
[_w u n i b e l ]_w
[_w o p s e ɾ p a ]_w
[_w e n θ i ʎ o ]_w
[_w x e n e ɾ o s ]_w
[_w t̪ a ɾ t̪ e s ]_w
[_w t̪ e x a d̪ o ]_w
[_w t̪ e u d̪ a s ]_w
[_w k a ɾ b o n o ]_w
[_w b n b ]_w
[_w o k u b a ]_w
[_w a u t̪ o n o ]_w
[_w ɡ a s a ]_w
[_w a b a n θ e s a ]_w
[_w i n f e ɾ i a ]_w
[_w k a n a n d̪ o ]_w
[_w k o n ɡ i s t̪ a ]_w
[_w b ɾ o b i a s ]_w
[_w d̪ e s θ e n a ]_w
[_w a l ɡ a l t̪ e ]_w
[_w f ɾ a n k i l o ]_w
[_w s i ɡ o s ]_w
[_w k a l i e n d̪ e ]_w
[_w r e l a t̪ o ]_w
[_w d̪ e k n i k a ]_w
[_w d̪ e s t̪ a d̪ u s ]_w
[_w t̪ e r o ɾ e s ]_w
[_w p u e n t̪ o s ]_w
[_w s e ɾ i a s ]_w
[_w b a ɾ a n a t̪ a ]_w
[_w k o l o m p i a ]_w
[_w t̪ e n ɡ a ɾ o n ]_w
[_w a b u e l d̪ o ]_w
[_w p ɾ o b a ]_w
[_w p i e ɾ o ]_w
[_w e s p e θ i e ]_w
[_w p a ɾ k o s ]_w
[_w t̪ o l o ɾ ]_w
[_w a t̪ e l a n t̪ e ]_w
[_w i n f a n t̪ a s ]_w
[_w t̪ i θ e s ]_w
[_w u m o ɾ ]_w
[_w t̪ e l ]_w
[_w m e m o ɾ ]_w
[_w ʎ e k a ɾ o ]_w
[_w a p l i k a ]_w
[_w e m p ɾ e ]_w
[_w o m b ɾ e ]_w
[_w u s u a ɾ i o ]_w
[_w d̪ e s t̪ i n t̪ a ]_w
[_w a p e ɾ t̪ e s ]_w
[_w f e m e n t̪ a ]_w
[_w p u b l i ɡ a s ]_w
[_w k ɾ e a d̪ o ]_w
[_w p i t̪ a ]_w
[_w x e f e ]_w
[_w tʃ a ɾ l e ]_w
[_w d̪ o l a ɾ e s ]_w
[_w r i n ɡ o ]_w
[_w f e l i ɡ s ]_w
[_w b u p l i k o ]_w
[_w x e n ]_w
[_w p e l k a ]_w
[_w d̪ a l e s ]_w
[_w p o ɾ d̪ a l ]_w
[_w a ɡ i ]_w
[_w u ɾ ɡ i θ a ]_w
[_w a d̪ o m o ]_w
[_w k u a n d̪ o ]_w
[_w p o ɾ k e ]_w
[_w d̪ e ɾ m i d̪ e ]_w
[_w d̪ e l a n t̪ e s ]_w
[_w n o m p ɾ e s ]_w
[_w m e t̪ a l ]_w
[_w e s t̪ ɾ e n e s ]_w
[_w r e l i x i o n ]_w
[_w p i t̪ a l ]_w
[_w a k u e ɾ t̪ o s ]_w
[_w s o l a ɾ ]_w
[_w m e d̪ o t̪ o ]_w
[_w m e u ]_w
[_w l e i d̪ o ]_w
[_w a b ɾ a ]_w
[_w l u k a s ]_w
[_w s i d̪ i b a ]_w
[_w r e θ i p i d̪ o ]_w
[_w o p θ i o n ]_w
[_w r a d̪ o ]_w
[_w d̪ u b e ]_w
[_w d̪ e m p o ɾ a l ]_w
[_w k a ɾ d̪ e s ]_w
[_w k o d̪ i k o s ]_w
[_w a θ e ɾ l o ]_w
[_w t̪ e n k o ]_w
[_w b i e x o ]_w
[_w s u b o n ɡ o s ]_w
[_w i n d̪ e ɾ ]_w
[_w r e u n i o n ]_w
[_w k a ɾ l o t̪ a ]_w
[_w k a ɾ i b e ]_w
[_w t̪ u n ]_w
[_w b i n o s ]_w
[_w e l i m i n a ]_w
[_w w i ʎ i a m ]_w
[_w e n e m i ɡ a ]_w
[_w n a d̪ i b a ]_w
[_w r u i n a s ]_w
[_w p a s a n ]_w
[_w k a f e ]_w
[_w f o ɾ m e n ]_w
[_w o d̪ i o ]_w
[_w k a b i l t̪ o ]_w
[_w f e t̪ e ɾ a ]_w
[_w d̪ a n t̪ o ]_w
[_w i n k l u ʝ e n ]_w
[_w d̪ e a t̪ ɾ o ]_w
[_w o ɾ a ]_w
[_w n o p e l a s ]_w
[_w d̪ u b o ]_w
[_w d̪ i s k o s ]_w
[_w e k s p l i k o ]_w
[_w b a x a s ]_w
[_w d̪ e r e n o ]_w
[_w t̪ i θ e ]_w
[_w m e d̪ i t̪ o ɾ ]_w
[_w d̪ e ɾ m i t̪ i o ]_w
[_w r e a l i θ a n ]_w
[_w u b i k a d̪ a ]_w
[_w x a ɾ t̪ i n ]_w
[_w s a l u t̪ ]_w
[_w i n t̪ e ɾ o ]_w
[_w a θ i e n θ i a ]_w
[_w s o l t̪ a t̪ o s ]_w
[_w i n b i d̪ a ]_w
[_w e n t̪ e ɾ n o ]_w
[_w t̪ a d̪ a l ]_w
[_w ʎ a m a d̪ e ɾ a ]_w
[_w k o l o m b i a ]_w
[_w u t̪ i l i θ a ]_w
[_w s e ɲ o ɾ e s ]_w
[_w t̪ o ɾ m i ɾ ]_w
[_w a l u m n o s ]_w
[_w t̪ a m b i e θ a ]_w
[_w f ɾ u t̪ a ]_w
[_w m a d̪ e ɾ i o ]_w
[_w ɡ a p a ]_w
[_w a d̪ e m a s ]_w
[_w l o ɡ ɾ a ɾ o n ]_w
[_w p o ʝ ]_w
[_w m u s i k o s ]_w
[_w s i ɾ i a ]_w
[_w n o m b ɾ e s ]_w
[_w e k s p l i k a ]_w
[_w a r i b a ]_w
[_w b e n t̪ a ]_w
[_w p o l i d̪ i ɡ a ]_w
[_w f u n t̪ a t̪ o s ]_w
[_w b a s i k o s ]_w
[_w x e n e ɾ a s ]_w
[_w ʎ e ɡ e ]_w
[_w i m a x i n a l ]_w
[_w e n e m i k a ]_w
[_w f e d̪ e ɾ i ɡ a ]_w
[_w t̪ e b e n t̪ a ]_w
[_w m e x o ɾ ]_w
[_w ʝ o ɾ ɡ ]_w
[_w e k s p ɾ e s ]_w
[_w m o t̪ i b o s ]_w
[_w r e b e n d̪ o s ]_w
[_w s e k o ]_w
[_w n a p i d̪ a ]_w
[_w x e n e ɾ a ɾ ]_w
[_w a n a ]_w
[_w p o t̪ ɾ a n ]_w
[_w m u e s t̪ ɾ a ]_w
[_w k o n s t̪ a ]_w
[_w d̪ o t̪ a s ]_w
[_w p e t̪ i θ i a l ]_w
[_w t̪ i a θ ]_w
[_w d̪ i b e t̪ ]_w
[_w m i t̪ ɾ e ]_w
[_w d̪ u ɾ k o s ]_w
[_w p a ɾ k a ]_w
[_w m i l i a s ]_w
[_w o p i s p o ]_w
[_w ɡ o m i s i o n ]_w
[_w e s p a ɲ a s ]_w
[_w t̪ e ɡ n i k a ]_w
[_w k a r e d̪ e s ]_w
[_w o k u p a d̪ o ]_w
[_w a m b o s ]_w
[_w e e u u ]_w
[_w ʎ e k a ɾ o n ]_w
[_w o b t̪ e n i a n ]_w
[_w s e k i d̪ o ]_w
[_w d̪ i b e ɾ a n ]_w
[_w p ɾ e d̪ a ɲ a ]_w
[_w s e ɡ a ]_w
[_w b e o ɾ ]_w
[_w f i ɡ u ɾ a s ]_w
[_w l e n k u a s ]_w
[_w p i l o t̪ o ]_w
[_w k a m p i t̪ e ]_w
[_w b a ɾ ɡ e ]_w
[_w n o m b ɾ a ]_w
[_w θ e n t̪ ɾ e s ]_w
[_w t̪ i s p o n e ɾ ]_w
[_w l e ʝ e n t̪ o ]_w
[_w p i ɾ x e n ]_w
[_w x u i θ i o n ]_w
[_w k ɾ o m a ɲ o ]_w
[_w t̪ a n t̪ e s ]_w
[_w a b a n θ a ]_w
[_w p a ɾ t̪ e l ]_w
[_w r i k e θ a ]_w
[_w k a ʎ e k o ]_w
[_w f o ɾ m e s ]_w
[_w r e n u n θ i o ]_w
[_w e k s t̪ e ɾ n o ]_w
[_w p u d̪ o ]_w
[_w t̪ i a l o k o ]_w
[_w k a n t̪ a ɾ ]_w
[_w ɡ o n o θ i a ]_w
[_w b a n d̪ a s ]_w
[_w t̪ i b u x o ]_w
[_w ɡ i θ a ]_w
[_w s e a ]_w
[_w i n θ e ]_w
[_w p e a s e ]_w
[_w b i e n d̪ o ]_w
[_w p e ɡ a ]_w
[_w r i b e ɾ a ]_w
[_w ɡ a n t̪ e ]_w
[_w m o s t̪ ɾ e ʎ a ]_w
[_w p a t̪ i k a ]_w
[_w a ɾ d̪ i s t̪ a ]_w
[_w m o m e n d̪ i ɾ ]_w
[_w o s p i t̪ a l ]_w
[_w t̪ o d̪ a l ]_w
[_w s i k i e ɾ ]_w
[_w t̪ ɾ i b u n a l ]_w
[_w d̪ e x a t̪ o ]_w
[_w n e k ɾ o ]_w
[_w e p o k a ɾ ]_w
[_w p i n t̪ o ]_w
[_w p o ɾ t̪ u ɡ a l ]_w
[_w i n i θ i a ]_w
[_w e s t̪ u p o ]_w
[_w e k u a t̪ a ]_w
[_w f i e l e s ]_w
[_w p e r o s ]_w
[_w p u s k e t̪ a s ]_w
[_w d̪ o t̪ o s ]_w
[_w r a θ o n ]_w
[_w m a ɾ t̪ i k a ]_w
[_w l i d̪ e ɾ ]_w
[_w e s t̪ a t̪ u s ]_w
[_w b a s e s ]_w
[_w b i d̪ a ]_w
[_w p e ɾ t̪ o s ]_w
[_w u p a s ]_w
[_w x u b e n d̪ e s ]_w
[_w k ɾ a n a ]_w
[_w d̪ i e n e n ]_w
[_w s e k a ]_w
[_w k o l a ɾ ]_w
[_w ɡ o l o ɾ ]_w
[_w d̪ o d̪ o s ]_w
[_w k o ɾ u ɲ a ]_w
[_w ʎ e b a t̪ e ]_w
[_w b l e n a ]_w
[_w i n ɡ l e s ]_w
[_w k a m p i e θ a ]_w
[_w k e ɾ i t̪ a ]_w
[_w k o n t̪ a ɲ a ]_w
[_w p o d̪ a ɾ ]_w
[_w f l a ɡ ]_w
[_w n o t̪ i θ i o n ]_w
[_w d̪ u n a ]_w
[_w e m p i e n e n ]_w
[_w b ɾ o m e t̪ i a ]_w
[_w a s u m i o ]_w
[_w b ɾ e m i o s ]_w
[_w i t̪ a l ]_w
[_w a t̪ a ɡ e ]_w
[_w m u e ɾ t̪ o ]_w
[_w f a m i l i a ɾ ]_w
[_w e s t̪ a k a ]_w
[_w r e x i o n a l ]_w
[_w b u b l i k a s ]_w
[_w e n e ɾ x i a ]_w
[_w p i e d̪ ɾ a s ]_w
[_w p i d̪ e o s ]_w
[_w a n t̪ i k o ]_w
[_w l e t̪ ɾ a s ]_w
[_w m o i s e s ]_w
[_w d̪ e ɾ e tʃ o ]_w
[_w n o p e l a ]_w
[_w k u a ɾ t̪ a ]_w
[_w p a ɾ i s ]_w
[_w b e ɡ a ]_w
[_w e t̪ i f i θ i l ]_w
[_w a b o k a s ]_w
[_w s e ɡ u ɾ a ]_w
[_w d̪ a ɾ e a s ]_w
[_w tʃ i n a ]_w
[_w p i d̪ e o ]_w
[_w b a ɾ e d̪ e n ]_w
[_w k o n d̪ e n d̪ a ]_w
[_w k a n a n t̪ e ]_w
[_w s i m p l e a ]_w
[_w k o t̪ i k o ]_w
[_w l i s t̪ a ]_w
[_w e ɾ m a n a s ]_w
[_w o k t̪ u b ɾ e ]_w
[_w d̪ i e n e s ]_w
[_w t̪ i e ɾ o n ]_w
[_w n a p a r a f o ]_w
[_w p o s e e n ]_w
[_w d̪ ɾ e n e s ]_w
[_w a k a b a θ e s ]_w
[_w p ɾ i m e n ]_w
[_w a b i s o ]_w
[_w s e n t̪ e ɾ o ]_w
[_w p o p l a t̪ o ]_w
[_w p l o ɡ s ]_w
[_w s i s t̪ i a ]_w
[_w d̪ i k ]_w
[_w k o n ɡ ɾ e s o ]_w
[_w a m a n e x o ]_w
[_w a b o k a ]_w
[_w k o n d̪ ɾ a l ]_w
[_w s a l u d̪ ]_w
[_w d̪ a b l a ]_w
[_w e k s ]_w
[_w m o t̪ e ɾ n e s ]_w
[_w e s t̪ i t̪ o ]_w
[_w t̪ o t̪ a l ]_w
[_w t̪ u k e ]_w
[_w k o l e x i o ]_w
[_w t̪ a b l a ]_w
[_w f a n d̪ a s ]_w
[_w f a θ e b o o k ]_w
[_w f e d̪ e ɾ a l ]_w
[_w p a ɾ e θ e ɾ ]_w
[_w f ɾ u t̪ a s ]_w
[_w k u i t̪ a ]_w
[_w p e tʃ o ]_w
[_w t̪ a ɾ e a s ]_w
[_w o t̪ o m a ɾ o n ]_w
[_w a s i n a s ]_w
[_w t̪ i x i t̪ o ]_w
[_w ɡ o ɾ a ]_w
[_w s i e n t̪ o s ]_w
[_w k o m e ɾ θ i o ]_w
[_w n o t̪ a s ]_w
[_w r o d̪ ɾ i ɡ o ]_w
[_w b s o e ]_w
[_w ʎ a m a ɾ a ]_w
[_w f u e k o ]_w
[_w k i e ɾ t̪ o s ]_w
[_w t̪ e n t̪ e s i s ]_w
[_w t̪ i e r a s ]_w
[_w s u ɾ x e ]_w
[_w d̪ e n t̪ ɾ e s ]_w
[_w a n d̪ e ]_w
[_w k a ɾ k o ]_w
[_w r e k u ɾ a ɾ ]_w
[_w k a b a ʎ o s a ]_w
[_w a p l a n t̪ a s ]_w
[_w s u θ e t̪ i o ]_w
[_w b o l s a ]_w
[_w b a x i n a l ]_w
[_w s e n a t̪ o ɾ ]_w
[_w u s t̪ e ]_w
[_w s i e m b o ]_w
[_w t̪ e d̪ i ɡ a l ]_w
[_w b l a n ɡ a s ]_w
[_w d̪ ɾ i b l e ]_w
[_w p o e s i a ]_w
[_w d̪ e d̪ i k o ]_w
[_w x e s t̪ i l o ]_w
[_w d̪ e s k u e l a ]_w
[_w n e θ e s ]_w
[_w n u e s t̪ a ɡ a ]_w
[_w b i e s ]_w
[_w tʃ e l s e a ]_w
[_w x a b i e ɾ n o ]_w
[_w b a s a ɾ o n ]_w
[_w m a ɾ d̪ i n e θ ]_w
[_w n i s p e ɾ a ɾ ]_w
[_w o f i θ i a l ]_w
[_w a t̪ e n a ]_w
[_w r e ɡ o ɾ t̪ a l ]_w
[_w p a r o k i a ]_w
[_w d̪ i t̪ u t̪ ]_w
[_w s o l e d̪ a ]_w
[_w e u s k a ]_w
[_w k a t̪ e n a ]_w
[_w m a ɾ ɡ o ]_w
[_w i s a b e s ]_w
[_w a k a ]_w
[_w r a θ a ]_w
[_w u p i e ɾ ]_w
[_w p o l a k o ]_w
[_w e m p i e n t̪ o ]_w
[_w e t̪ i θ i a s ]_w
[_w b o s e s i o n ]_w
[_w b a x o s ]_w
[_w b ɾ o p o n e ɾ ]_w
[_w a ʝ u d̪ a s ]_w
[_w l e b a n d̪ a ]_w
[_w p e t̪ ɾ o ]_w
[_w k a b i d̪ ]_w
[_w p i b i e n t̪ o ]_w
[_w b e n i a m o s ]_w
[_w t̪ e x a ]_w
[_w p a t̪ ɾ i t̪ o s ]_w
[_w ɡ a n a d̪ a ]_w
[_w d̪ o ɾ m e ]_w
[_w a b i e ɾ n e d̪ ]_w
[_w r e k ɾ e d̪ o ]_w
[_w s o m b ɾ e s a ]_w
[_w r e x i s t̪ ɾ o ]_w
[_w a l a s ]_w
[_w u ɾ a n d̪ o ]_w
[_w e n θ i a s ]_w
[_w k i n t̪ o ]_w
[_w k a l ]_w
[_w u e l k a ]_w
[_w b i l p a o ]_w
[_w p o n e n ]_w
[_w t̪ e s a r o ʎ a ]_w
[_w d̪ e u t̪ a ]_w
[_w t̪ u d̪ a s ]_w
[_w t̪ i e r a ]_w
[_w e s p e k t̪ o ]_w
[_w r a b i d̪ a l ]_w
[_w θ i e r e θ ]_w
[_w a l d̪ a s ]_w
[_w l e k t̪ u ɾ a ]_w
[_w s i ɾ b e ]_w
[_w d̪ u ɾ k o ]_w
[_w θ i e r e ]_w
[_w x a b i e ɾ t̪ a ]_w
[_w d̪ i b e ɾ a l ]_w
[_w p a ɾ θ i a l ]_w
[_w m a ɾ i o ]_w
[_w m u x e ɾ ]_w
[_w f e b ɾ e s ]_w
[_w ɡ a s t̪ o s ]_w
[_w t̪ i b o ]_w
[_w b o s i b l e ]_w
[_w l u i s i a n a ]_w
[_w b e a n s e ]_w
[_w θ i e n ]_w
[_w b i n d̪ o ]_w
[_w f e s t̪ i b a l ]_w
[_w m a n d̪ a ]_w
[_w e f e k t̪ a ]_w
[_w r o s a ɾ i o ]_w
[_w a u k u ɾ a ]_w
[_w θ e ɾ ɡ a d̪ o ]_w
[_w θ e l e b a d̪ o ]_w
[_w b a s e ]_w
[_w e f e ]_w
[_w t̪ e b e ]_w
[_w t̪ u n a ]_w
[_w e s f u e ɾ a n ]_w
[_w θ i b i d̪ e o s ]_w
[_w s u e l e n a ]_w
[_w a k θ e s o s ]_w
[_w m i ɾ a ɾ ]_w
[_w e n θ i m a ]_w
[_w f i s i ɡ a ]_w
[_w b e s t̪ i m a s ]_w
[_w u n k a ]_w
[_w p o t̪ e m o s ]_w
[_w n e ɡ o ]_w
[_w p a ɲ o l ]_w
[_w o ɡ u b a d̪ o ]_w
[_w m e t̪ a ]_w
[_w a b e ɾ s o n a ]_w
[_w p ɾ o p a s ]_w
[_w m u s a f i ɾ ]_w
[_w n u e b o s ]_w
[_w a l k a n θ a ]_w
[_w θ e ɾ k a ]_w
[_w r i k a ]_w
[_w l a t̪ o ]_w
[_w p l a n e d̪ a ]_w
[_w b ɾ e s a s ]_w
[_w i n s t̪ a n t̪ o ]_w
[_w θ i ɾ k u l a ɾ ]_w
[_w p a ɾ e s ]_w
[_w n o t̪ a b i t̪ ]_w
[_w t̪ a m a ɲ o n ]_w
[_w d̪ i a ɾ i o s ]_w
[_w p i b i e n d̪ o ]_w
[_w k a p i d̪ a d̪ ]_w
[_w b a l o ɾ e s ]_w
[_w r a θ o n e s ]_w
[_w e m o θ i o ]_w
[_w e x e m b l o ]_w
[_w ʎ e n o ]_w
[_w a p e ɾ ]_w
[_w b e k e ɲ a ]_w
[_w i n t̪ e ɾ n e s ]_w
[_w a l ɡ i e n ]_w
[_w b a k t̪ o ]_w
[_w r a m a ]_w
[_w a s i m i l a ɾ ]_w
[_w t̪ a d̪ o s ]_w
[_w e x e ]_w
[_w e s p e ɾ a n ]_w
[_w a l e m a n e s ]_w
[_w a t̪ e n θ i ʎ a ]_w
[_w n o d̪ a ]_w
[_w o ɾ k a n o ]_w
[_w p a b l o ]_w
[_w p e ɾ d̪ a d̪ ]_w
[_w p e l i k u l a ]_w
[_w i n t̪ i a ]_w
[_w a b ɾ i l ]_w
[_w p i e θ a s ]_w
[_w r e ɡ o ɾ t̪ a d̪ ]_w
[_w t̪ e n ]_w
[_w e k o n o θ k o ]_w
[_w a l b u m ]_w
[_w ɡ e ɾ e m o ]_w
[_w s u ʝ o s ]_w
[_w b i ɡ o ]_w
[_w a l o n ]_w
[_w s i t̪ i o ]_w
[_w m a tʃ a d̪ o ]_w
[_w x u l i o ]_w
[_w f o d̪ o s ]_w
[_w r e f i e ɾ e ]_w
[_w p ɾ o b i o ]_w
[_w tʃ a b e θ ]_w
[_w t̪ o b a k o ]_w
[_w p ɾ e s a ]_w
[_w i n b a s i k o ]_w
[_w θ i t̪ a d̪ ]_w
[_w a l e k ɾ i a ]_w
[_w i ɾ l a n t̪ e ]_w
[_w k ɾ a b e s ]_w
[_w d̪ e n d̪ a t̪ o ɾ ]_w
[_w u t̪ i l i t̪ a ɾ ]_w
[_w i n i θ i a s ]_w
[_w s e ɡ ɾ e t̪ o ]_w
[_w m a l a k a ]_w
[_w o n l i n e ]_w
[_w p o t̪ ɾ i k o ]_w
[_w ʎ u b i a ]_w
[_w p e ɲ a ]_w
[_w e ʎ o s ]_w
[_w k o p e ɾ t̪ a s ]_w
[_w t̪ i a s ]_w
[_w s u e θ i a ]_w
[_w u m a n a s ]_w
[_w s u s a n ]_w
[_w b a θ ]_w
[_w t̪ ɾ a b a x o s ]_w
[_w k a l i d̪ a d̪ ]_w
[_w k a n d̪ o ]_w
[_w a m p i d̪ e o ]_w
[_w b i d̪ i o s ]_w
[_w d̪ e n e ɾ a l ]_w
[_w k a ɾ a ]_w
[_w p a ɾ k e ]_w
[_w b i t̪ e o ]_w
[_w p ɾ e θ a ]_w
[_w k o m u n ]_w
[_w b a s o ]_w
[_w t̪ i s k o s ]_w
[_w p ɾ i m a ]_w
[_w n u e s t̪ o s ]_w
[_w r u t̪ a s ]_w
[_w d̪ e r o d̪ a ]_w
[_w e u ɾ ]_w
[_w θ i e n θ o ]_w
[_w k ɾ i s t̪ i a ]_w
[_w p u ɾ a ]_w
[_w k ɾ a n t̪ o ]_w
[_w d̪ ɾ i ɡ e θ a ]_w
[_w p a ɾ e θ e n ]_w
[_w f ɾ o n t̪ a ɾ ]_w
[_w l o p e θ ]_w
[_w d̪ e b i a ]_w
[_w b l e n o ]_w
[_w ɡ e r a ]_w
[_w ɡ o n t̪ ɾ e k a ]_w
[_w e ʎ a ]_w
[_w b ɾ e s i o n ]_w
[_w d̪ ɾ a t̪ a ]_w
[_w p a ɾ a k o n ]_w
[_w l a n θ o ]_w
[_w p e s t̪ i n o ]_w
[_w k i e ɾ e ]_w
[_w r a t̪ o ]_w
[_w n e ɡ o θ i n a ]_w
[_w e m p i e θ a n ]_w
[_w s e ɲ o ]_w
[_w m o n e d̪ a ]_w
[_w p l a θ e ]_w
[_w f u t̪ u ɾ o s ]_w
[_w a k u s t̪ a ɾ ]_w
[_w d̪ u ɾ ɡ i a ]_w
[_w a ʝ u t̪ a ]_w
[_w a b i o s ]_w
[_w d̪ e s k u tʃ a ɾ ]_w
[_w k o l e x i o s ]_w
[_w s a b e n d̪ a ]_w
[_w e n d̪ e ɾ a ]_w
[_w ʎ a m a d̪ a ]_w
[_w a l t̪ u ɾ a ]_w
[_w e s p e θ i a l ]_w
[_w p i e θ a ]_w
[_w d̪ i ɡ o ]_w
[_w d̪ e ɾ e tʃ o s ]_w
[_w e s k l a p e ]_w
[_w a s a m b a d̪ ]_w
[_w a s i s t̪ e ]_w
[_w e m i s i s ]_w
[_w m a ɾ t̪ i n ]_w
[_w f e ɾ n a s ]_w
[_w a m e ɾ i k a ]_w
[_w f u e n t̪ e ]_w
[_w b o ɾ t̪ u k a l ]_w
[_w t̪ i b e ɾ i o ɾ ]_w
[_w p e s e t̪ a s ]_w
[_w p a m o s o ]_w
[_w b l o k e ]_w
[_w u n i o ]_w
[_w f u i ]_w
[_w p u n d̪ o ]_w
[_w e ɡ s ]_w
[_w s u b i d̪ a d̪ ]_w
[_w e k s i x e ]_w
[_w p a n k a ]_w
[_w e s k ɾ i p e ]_w
[_w s e ɾ b a ɾ ]_w
[_w b l a n o ]_w
[_w s a l b a t̪ o ]_w
[_w e n d̪ i e n t̪ o ]_w
[_w d̪ e r e n o s ]_w
[_w p o l i b i a ]_w
[_w b a ɾ d̪ e s ]_w
[_w p a b a ]_w
[_w p ɾ i m e ɾ o s ]_w
[_w s u ɾ x i o ]_w
[_w o m b ɾ a ]_w
[_w p a n ɡ o l a ɾ ]_w
[_w ɡ i a ]_w
[_w u n i k o l a ɾ ]_w
[_w s u b e ɾ a ɾ ]_w
[_w b o t̪ e ɾ o ]_w
[_w p a n o ]_w
[_w a ɾ b o n o ]_w
[_w p a t̪ i ɡ a s ]_w
[_w o f e n s a ʝ o ]_w
[_w e s t̪ a t̪ a ]_w
[_w b o s i θ i o s ]_w
[_w s e n t̪ a ]_w
[_w p ɾ o p o ɡ a ]_w
[_w x u n i o ]_w
[_w m i l i t̪ a d̪ o ]_w
[_w d̪ e n t̪ ɾ o ]_w
[_w u ɾ u ɡ u a ʝ ]_w
[_w i s a b e m o s ]_w
[_w ɡ ɾ i t̪ i k o s ]_w
[_w b o t̪ ɾ a ]_w
[_w e s p a θ i a ]_w
[_w d̪ e l ]_w
[_w d̪ a s a ]_w
[_w a ɾ e n d̪ e ]_w
[_w a d̪ e n a ]_w
[_w l e n t̪ o ]_w
[_w b o b u l a ɾ ]_w
[_w l a n a ]_w
[_w n o ɾ m a n ]_w
[_w l i b e ɾ a ]_w
[_w m a d̪ e ɾ a ]_w
[_w x u d̪ i o ]_w
[_w p u b l i k o ]_w
[_w b i t̪ a ]_w
[_w b i t̪ e o s ]_w
[_w d̪ ɾ a x o ]_w
[_w m o t̪ i b o ]_w
[_w b ɾ i m e ɾ o s ]_w
[_w a ɾ d̪ e s ]_w
[_w ɡ a u s a s ]_w
[_w l t̪ e ]_w
[_w k o m i e n t̪ o ]_w
[_w d̪ ɾ i s t̪ a ]_w
[_w i n ɡ ɾ e ]_w
[_w k l u b ]_w
[_w p ɾ e b e ]_w
[_w r e t̪ o ]_w
[_w a k e ʎ o ]_w
[_w e s p a ɲ o l ]_w
[_w k ɾ e θ i s o ]_w
[_w a m b i e n ]_w
[_w o b ɾ a s ]_w
[_w p l a n e s ]_w
[_w k o m p a ]_w
[_w a ɾ t̪ i s t̪ i ɾ ]_w
[_w s o l e t̪ a ]_w
[_w k o m b l e a ]_w
[_w s e ɾ i o ]_w
[_w s o l u t̪ a ]_w
[_w k ɾ u θ ]_w
[_w t̪ ɾ a b a x o ]_w
[_w m u n t̪ i a l ]_w
[_w d̪ o m a ɾ ɡ o ]_w
[_w m u n d̪ o ]_w
[_w k a n a l ]_w
[_w i t̪ l e ɾ ]_w
[_w t̪ e p i d̪ o ]_w
[_w k a ɾ ɡ o s ]_w
[_w f m i ]_w
[_w k l a s i k o s ]_w
[_w m i ɾ a d̪ a s ]_w
[_w p a s e o ]_w
[_w a b a ɾ t̪ e l ]_w
[_w p e ɾ m i n a ɾ ]_w
[_w ɡ a d̪ e n θ i a ]_w
[_w f u n d̪ a ]_w
[_w k o m i k ]_w
[_w ʝ o ɾ k ]_w
[_w t̪ o r e s ]_w
[_w p o ɾ t̪ a ɾ ]_w
[_w s u f ɾ i d̪ o ]_w
[_w e s p o s o ]_w
[_w e s k o l a ɾ ]_w
[_w m a n e ɾ a s ]_w
[_w l e x o ]_w
[_w k u l b a p l e ]_w
[_w p i b i o ]_w
[_w r e k e ɾ i d̪ a ]_w
[_w d̪ u ɾ i s m o ]_w
[_w t̪ e x a n ]_w
[_w e s t̪ u d̪ i o ]_w
[_w b i k t̪ i m a ]_w
[_w i n b a s i o n ]_w
[_w t̪ e b o ɾ t̪ e n ]_w
[_w ɡ o ɾ a θ i o n ]_w
[_w o s ɡ a ɾ ]_w
[_w k u e n k a n ]_w
[_w n o m p ɾ e ]_w
[_w i m b e ɾ i o ]_w
[_w p e ɾ f i l ]_w
[_w t̪ ɾ a t̪ o ]_w
[_w e s k a ]_w
[_w x i m e n ]_w
[_w d̪ e b i d̪ e ]_w
[_w b ɾ i m e n ]_w
[_w a θ e i d̪ e ]_w
[_w m i l i a ]_w
[_w d̪ e m a ]_w
[_w n a b a r a ]_w
[_w a n t̪ ɾ e ɡ a ]_w
[_w x e s t̪ o ɾ ]_w
[_w p o s i θ i o ]_w
[_w k a l i d̪ a t̪ ]_w
[_w k ɾ a n d̪ i l ]_w
[_w d̪ e n s a ʝ o ]_w
[_w s e ɡ i a ]_w
[_w a ɡ u e ɾ t̪ o s ]_w
[_w f e d̪ e ɾ a ]_w
[_w tʃ i ɡ o s ]_w
[_w t̪ a m b i a ɾ ]_w
[_w ʎ e k a n t̪ i a ]_w
[_w a b i e ɾ t̪ a ]_w
[_w l i n e ]_w
[_w t̪ e b e n d̪ a ]_w
[_w t̪ o m i n a ]_w
[_w s k s i ]_w
[_w b a s k o ]_w
[_w b l a n ]_w
[_w o s k u ɾ s o ]_w
[_w a x e n e ɾ o ]_w
[_w p u e t̪ e n ]_w
[_w m a ʎ o ɾ k a ]_w
[_w i ɡ n a θ i t̪ o ]_w
[_w n o ɾ t̪ e s ]_w
[_w l e a k e ]_w
[_w u b i ɡ a ]_w
[_w e s t̪ a θ i o s ]_w
[_w t̪ e n ɡ o n ]_w
[_w f l o ɾ i d̪ a ]_w
[_w u b i e ɾ o n ]_w
[_w k o n θ a l e θ ]_w
[_w θ i e n t̪ a ɾ ]_w
[_w r e k a l o ]_w
[_w s e m b ɾ e ]_w
[_w u ɾ b a n a s ]_w
[_w n a t̪ a s ]_w
[_w e n ɡ a n ]_w
[_w k a l o ]_w
[_w u n i k o ]_w
[_w e s t̪ a θ i o ]_w
[_w p u e s t̪ o s ]_w
[_w k o b i e ɾ o n ]_w
[_w d̪ e l e f o n o ]_w
[_w r e l a θ i o s ]_w
[_w k o n t̪ i n u o ]_w
[_w u n i k a s ]_w
[_w b u e d̪ a n ]_w
[_w m i n ]_w
[_w e n ɾ i k e θ a ]_w
[_w r e s e ɾ b i ɾ ]_w
[_w a b l a n e d̪ a ]_w
[_w a ɾ b o l e s ]_w
[_w s e n d̪ e s ]_w
[_w t̪ ɾ a p a x a ɾ ]_w
[_w b i a s ]_w
[_w a t̪ n ]_w
[_w m o d̪ i b o s ]_w
[_w m e ɾ ɡ a n o s ]_w
[_w p a ɾ i o ]_w
[_w d̪ i p i s i o n ]_w
[_w p u e d̪ e n e ɾ ]_w
[_w b e a s e ]_w
[_w e k s t̪ o ]_w
[_w e p e n t̪ o s ]_w
[_w ɡ e d̪ a ɾ ]_w
[_w b ɾ o n t̪ e ]_w
[_w a m b o k o s ]_w
[_w k o n t̪ a ]_w
[_w t̪ e n t̪ o ]_w
[_w k ɾ a n ]_w
[_w n u e s t̪ o ʝ ]_w
[_w t̪ a ʎ e ]_w
[_w i n f a n t̪ a ]_w
[_w t̪ e s p u e s ]_w
[_w a m p i a ]_w
[_w p u e b l o ]_w
[_w ɡ u e ɾ t̪ a ]_w
[_w m e d̪ i a n o ]_w
[_w f o m e n t̪ a ]_w
[_w b u s k a n s o ]_w
[_w k u e n t̪ e s ]_w
[_w s u p e ɾ a ]_w
[_w o ɡ a ɾ ]_w
[_w k a ɾ θ i a l ]_w
[_w t̪ i ɾ i x i d̪ o ]_w
[_w n u e s t̪ ɾ o ]_w
[_w i s b n ]_w
[_w t̪ ɾ a t̪ a n ]_w
[_w d̪ e n ]_w
[_w s e ɾ x i a ]_w
[_w u b a s ]_w
[_w m a ɾ t̪ i t̪ a d̪ ]_w
[_w ɡ u l t̪ u ɾ a ]_w
[_w p a t̪ i k a s ]_w
[_w k u s t̪ a n ]_w
[_w k l o ɾ i d̪ a ]_w
[_w a u k u ɾ a ɾ ]_w
[_w b e ɾ d̪ a ]_w
[_w a l ɡ o ]_w
[_w b i s i o n e s ]_w
[_w s i s t̪ e m a s ]_w
[_w e s e n t̪ o ]_w
[_w f o m e n θ o ]_w
[_w e k s i s t̪ e ]_w
[_w ɡ o n d̪ i n u a ]_w
[_w k o n d̪ i n u a ]_w
[_w r e ɡ u ɾ s o s ]_w
[_w a ɾ m a d̪ o ]_w
[_w b ɾ o d̪ u x o ]_w
[_w b o e s i a ]_w
[_w f ɾ i a ]_w
[_w b i e ]_w
[_w m a d̪ e ɾ i ɡ a ]_w
[_w θ e l e b ɾ e s ]_w
[_w p o t̪ e ɾ ]_w
[_w k o n k ɾ e s o ]_w
[_w b e ɾ m i n o ]_w
[_w s e b a ɾ a n ]_w
[_w e k s θ e b t̪ o ]_w
[_w a ɾ a k u a s ]_w
[_w b l a θ a ]_w
[_w t̪ a ʎ e ɾ ]_w
[_w m o n d̪ o n θ e ]_w
[_w b u e b l o ]_w
[_w d̪ i d̪ u l o ]_w
[_w k ɾ e e n ]_w
[_w a b i e ɾ t̪ a s ]_w
[_w d̪ i ɾ i x e n ]_w
[_w p e ɾ m i n a ]_w
[_w t̪ e f e n s a ]_w
[_w s e ɡ u ɾ o ]_w
[_w o ɾ i θ o n d̪ e ]_w
[_w m o t̪ o s ]_w
[_w s u s t̪ ɾ i t̪ ]_w
[_w t̪ e n t̪ o s ]_w
[_w e s k u b ɾ e ]_w
[_w ɡ l u b ]_w
[_w k a x a ]_w
[_w a k u e ɾ d̪ e ]_w
[_w e l e x i o ]_w
[_w k i s o ]_w
[_w ɡ o m e θ ]_w
[_w b a ɾ i a n ]_w
[_w b o s i b l e s ]_w
[_w i n k ɾ e s o ]_w
[_w b o k o ]_w
[_w d̪ e f e n s a ]_w
[_w s e n θ i a l ]_w
[_w p a r o ɡ i a ]_w
[_w p e ɾ m i n o s ]_w
[_w k o n t̪ a ɲ a s ]_w
[_w t̪ e m p o s ]_w
[_w f u n θ i o s ]_w
[_w u ɾ u k u a ʝ a ]_w
[_w m i k e l ]_w
[_w k o l e x i o n ]_w
[_w d̪ i n a ]_w
[_w k e t̪ a n ]_w
[_w u l t̪ i m a ]_w
[_w p o d̪ e m o ɾ ]_w
[_w k a m a ]_w
[_w e s t̪ a n t̪ o ]_w
[_w r e ɡ e ɾ i t̪ o ]_w
[_w θ e ɾ e b ɾ o ]_w
[_w t̪ i s p o ]_w
[_w θ e n t̪ ɾ o ]_w
[_w a k u e ɾ t̪ o ]_w
[_w d̪ i tʃ a ]_w
[_w s i d̪ o ]_w
[_w k o m p l e o ]_w
[_w a m a n e s ]_w
[_w i n t̪ e ɾ n e t̪ ]_w
[_w f l o ɾ e s ]_w
[_w d̪ ɾ i s t̪ o ]_w
[_w o ɾ t̪ e n ]_w
[_w p e l i o n ]_w
[_w k a θ a ]_w
[_w e s k u t̪ o ]_w
[_w a ɲ a d̪ i ɾ ]_w
[_w l u x o ]_w
[_w f u e n d̪ a ]_w
[_w ɡ o n o θ i a l ]_w
[_w b ɾ o w n ]_w
[_w t̪ e b a t̪ o ɾ ]_w
[_w a ɾ a ɡ o n ]_w
[_w s o p ɾ e ]_w
[_w k a ɾ k o s ]_w
[_w b o s t̪ u ɾ a ]_w
[_w e f e k t̪ o ɾ ]_w
[_w k u l t̪ i m o ]_w
[_w n o d̪ a s ]_w
[_w s e k ɾ e s o s ]_w
[_w k l a b e ]_w
[_w a m i k o s ]_w
[_w e s p e ɾ a n o ]_w
[_w p i n t̪ o ɾ ]_w
[_w r e s p e ɾ a ɾ ]_w
[_w t̪ e n i a n ]_w
[_w d̪ o m a d̪ o ]_w
[_w t̪ e p e ]_w
[_w p a n ɡ o ]_w
[_w l a ɾ k o s ]_w
[_w d̪ e x a ]_w
[_w e n ɡ o n t̪ ɾ e ]_w
[_w t̪ e s t̪ a t̪ i o ]_w
[_w e s t̪ a d̪ o ]_w
[_w k a n t̪ o ]_w
[_w b a d̪ ɾ e s ]_w
[_w s u θ e d̪ i o ]_w
[_w ɡ i m i k a ]_w
[_w p u e n a ]_w
[_w a ɾ t̪ i d̪ a ]_w
[_w m o n t̪ a b a ]_w
[_w i n t̪ i a l ]_w
[_w a b a ɾ t̪ i ɾ ]_w
[_w i n t̪ e n t̪ ɾ o ]_w
[_w n o t̪ a ]_w
[_w m a n t̪ a s ]_w
[_w d̪ i ʝ a ]_w
[_w p a k o ]_w
[_w o p t̪ u b o ]_w
[_w θ e l e b ɾ a ]_w
[_w f ɾ o n d̪ e ]_w
[_w k ɾ u p o ]_w
[_w s u s t̪ ɾ a n ]_w
[_w ɡ o m o ]_w
[_w ɡ u e n d̪ e ]_w
[_w k u p i e ɾ n o ]_w
[_w d̪ e θ i s o ]_w
[_w t̪ a m p i e n a ]_w
[_w p e ɾ d̪ u ɾ a l ]_w
[_w p a x i n a s ]_w
[_w m o n d̪ o s ]_w
[_w n e k ɾ a ]_w
[_w i m b e ɾ i o ɾ ]_w
[_w m e t̪ i k o ]_w
[_w m o n a ɾ k i a ]_w
[_w a u s t̪ ɾ a ]_w
[_w o ɾ t̪ e s ]_w
[_w b o l o n i a l ]_w
[_w ɡ o m p a ɲ a ]_w
[_w x e n t̪ e s ]_w
[_w u t̪ i l i t̪ a t̪ ]_w
[_w x e s t̪ o s ]_w
[_w k o ɾ a ]_w
[_w p e ʎ e θ a ]_w
[_w θ i e n t̪ e ]_w
[_w a l b e ɾ ]_w
[_w d̪ e x a d̪ o ]_w
[_w b i n k u n o s ]_w
[_w o f i θ i d̪ ]_w
[_w t̪ u b i e ɾ a ]_w
[_w k o ɾ t̪ o p a ]_w
[_w θ u ɾ i tʃ ]_w
[_w t̪ o m a n o s ]_w
[_w k a n a n t̪ o ]_w
[_w k a m b e o n ]_w
[_w u p a ]_w
[_w i t̪ i o ]_w
[_w a l ɡ a n θ a ɾ ]_w
[_w p ɾ o p l e ]_w
[_w d̪ u k u m a n o ]_w
[_w p i e s e ]_w
[_w a u s t̪ ɾ i t̪ o ]_w
[_w p ɾ e θ i a ]_w
[_w d̪ e m b o ]_w
[_w a k t̪ u a ɾ ]_w
[_w r a x o ʝ ]_w
[_w t̪ e θ i d̪ o ]_w
[_w p e s t̪ i o n ]_w
[_w b e b i t̪ o s ]_w
[_w u l t̪ i b o ]_w
[_w t̪ i x e n a ]_w
[_w x u s t̪ o ]_w
[_w b ɾ o f u n t̪ a ]_w
[_w k a b ɾ i ɾ ]_w
[_w p ɾ o b a d̪ o ]_w
[_w i k u a l t̪ a s ]_w
[_w b ɾ o d̪ e i n a ]_w
[_w k a r o ]_w
[_w l o b o ]_w
[_w l o x i k a ]_w
[_w m e n o s ]_w
[_w p ɾ a θ o s ]_w
[_w s e k u n t̪ o s ]_w
[_w ɡ a ɾ ɡ a ]_w
[_w ɡ a e ɾ ]_w
[_w m e t̪ i o s ]_w
[_w m e d̪ o d̪ o ]_w
[_w a n i m a l ]_w
[_w s e ɡ i d̪ o ]_w
[_w k ɾ a θ i a s ]_w
[_w i n k ɾ e s o s ]_w
[_w k o s t̪ a s ]_w
[_w e s t̪ ɾ o ]_w
[_w x u p e n i a ]_w
[_w r e ɡ ɾ e t̪ o ]_w
[_w f a n t̪ i l ]_w
[_w d̪ o t̪ a ]_w
[_w e n o ɾ m e ]_w
[_w o f i θ i o ]_w
[_w s i e n t̪ a n a ]_w
[_w a n a l e s ]_w
[_w r e s p e t̪ a ɾ ]_w
[_w a l t̪ i t̪ u d̪ ]_w
[_w k ɾ a b e ]_w
[_w ʎ e b a n ]_w
[_w s u a ]_w
[_w u m a n i t̪ a d̪ ]_w
[_w s i e m p ɾ e ]_w
[_w p o d̪ ɾ i k o ]_w
[_w o ɾ a ɾ ]_w
[_w r e k u e ɾ b o ]_w
[_w b ɾ o t̪ u x o ]_w
[_w e s p e ɾ o n ]_w
[_w t̪ e θ i t̪ i t̪ o ]_w
[_w i n f o ɾ m a l ]_w
[_w s i e n d̪ o ]_w
[_w a k θ i o n a l ]_w
[_w ɡ o m a ɾ k a ]_w
[_w b i e n t̪ o s ]_w
[_w d̪ e ɾ i a ]_w
[_w k ɾ o m a ɲ o n ]_w
[_w t̪ o t̪ a p l a ]_w
[_w ɡ o m e ɾ ]_w
[_w d̪ o m a s ]_w
[_w t̪ u l θ e ]_w
[_w m a k i n a ]_w
[_w r e b e l d̪ e s ]_w
[_w d̪ i o k s i m o ]_w
[_w r e k l a ]_w
[_w b u e ɾ t̪ o ]_w
[_w ɡ o n t̪ u θ e ]_w
[_w i n t̪ i θ e ]_w
[_w e n t̪ ɾ a d̪ a ɾ ]_w
[_w p o d̪ e ʎ a ]_w
[_w p ɾ a d̪ o ]_w
[_w d̪ e s t̪ a s ]_w
[_w p i d̪ a ]_w
[_w t̪ o k a ]_w
[_w e n d̪ ɾ a s ]_w
[_w r o t̪ ɾ i ɡ o ]_w
[_w m a ɾ t̪ i t̪ o ]_w
[_w e s e n θ i o n ]_w
[_w ɡ a m i n o ]_w
[_w t̪ e ɾ e tʃ o ]_w
[_w t̪ e k n i ɡ o s ]_w
[_w i m a x i n a ]_w
[_w k a s t̪ o ]_w
[_w ɡ o m i k ]_w
[_w l u i s a ]_w
[_w e n t̪ ɾ a ɾ ]_w
[_w n i e b l a ]_w
[_w s e ɾ e s a ]_w
[_w m o t̪ e l o ]_w
[_w s i t̪ i b a ]_w
[_w l a t̪ i n ]_w
[_w b o ɾ k e s t̪ a ]_w
[_w ɡ ɾ u b o s ]_w
[_w s p i i ]_w
[_w p ɾ a s ]_w
