[_w u m r ]_w
[_w k ɔ z i ]_w
[_w b a r ɡ ]_w
[_w b ɔ s i ]_w
[_w s a r f ]_w
[_w r ɔ χ ]_w
[_w r u s d ]_w
[_w k i ʃ t ]_w
[_w a m r i ]_w
[_w b a r v ]_w
[_w ɔ m a t ]_w
[_w m a n i ]_w
[_w dʒ ɔ j i ]_w
[_w r u s t ]_w
[_w ɔ d i n ]_w
[_w ɡ ɔ m ]_w
[_w s a f a ]_w
[_w m ɔ d a ]_w
[_w z a d a ]_w
[_w e tʃ ɔ d ]_w
[_w a l i ]_w
[_w d a m i ]_w
[_w d u ʃ i ]_w
[_w i t t i ]_w
[_w d u z d ]_w
[_w tʃ a ʃ m ]_w
[_w n i χ ]_w
[_w d i t ɔ ]_w
[_w ʃ a χ r ]_w
[_w ʃ u m ɔ ]_w
[_w s i z d ]_w
[_w b a χ t ]_w
[_w ɡ a m ]_w
[_w r a n ɡ ]_w
[_w t a r i ]_w
[_w s a t a ]_w
[_w i b n i ]_w
[_w z e r ɔ ]_w
[_w m a ɔ ʃ ]_w
[_w l a t i ]_w
[_w r a q s ]_w
[_w d ɵ z d ]_w
[_w s i j ɔ ]_w
[_w i n d i ]_w
[_w tʃ ɔ j i ]_w
[_w ɡ a ʃ t ]_w
[_w a s l ]_w
[_w e r ɔ n ]_w
[_w χ a r ]_w
[_w ɡ a s i ]_w
[_w i n r ɔ ]_w
[_w ʃ a m z ]_w
[_w u m i ]_w
[_w s ɔ l a ]_w
[_w a s ɔ s ]_w
[_w b i j ɔ ]_w
[_w ɡ a m e ]_w
[_w d ɔ r a ]_w
[_w i b ɔ d ]_w
[_w d a b i ]_w
[_w a z a r ]_w
[_w i b ɔ t ]_w
[_w ɔ n χ ɔ ]_w
[_w χ ɔ d i ]_w
[_w dʒ a l b ]_w
[_w k a r d ]_w
[_w p a r ɡ ]_w
[_w k u l ]_w
[_w b u d a ]_w
[_w m a n ]_w
[_w a r d i ]_w
[_w d e h a ]_w
[_w s a n u ]_w
[_w b ɔ k i ]_w
[_w χ a s t ]_w
[_w ʁ ɔ l ]_w
[_w tʃ a n ɡ ]_w
[_w ɔ l i m ]_w
[_w t a r χ ]_w
[_w m i s r ]_w
[_w n ɔ ʃ i ]_w
[_w i n h ɔ ]_w
[_w j ɔ v d ]_w
[_w d i n u ]_w
[_w b ɔ i ]_w
[_w χ ɔ r i ]_w
[_w χ u b e ]_w
[_w ɔ t a m ]_w
[_w b a r q ]_w
[_w i r ɔ k ]_w
[_w v u r u ]_w
[_w n a v i ]_w
[_w m i r ]_w
[_w k a d r ]_w
[_w i j u n ]_w
[_w t e χ ]_w
[_w t a r d ]_w
[_w p a r v ]_w
[_w ɔ n h ɔ ]_w
[_w z e r ]_w
[_w b a z d ]_w
[_w v a r d ]_w
[_w k ɔ d a ]_w
[_w p a χ ʃ ]_w
[_w χ u d a ]_w
[_w a d a b ]_w
[_w z a b s ]_w
[_w f a k r ]_w
[_w r u s i ]_w
[_w ɡ a r d ]_w
[_w a d i b ]_w
[_w t a m i ]_w
[_w ɔ r s u ]_w
[_w k ɔ ʃ ]_w
[_w ɔ m ɔ d ]_w
[_w b e ʃ ]_w
[_w h a v ɔ ]_w
[_w ɔ χ ɔ z ]_w
[_w m e d r ]_w
[_w d ɔ t a ]_w
[_w b u r t ]_w
[_w χ a f t ]_w
[_w k u n a ]_w
[_w f a n tʃ ]_w
[_w b ɔ ʔ i ]_w
[_w d i l ]_w
[_w ɔ v a r ]_w
[_w dʒ ɔ j ]_w
[_w ɡ ɔ χ e ]_w
[_w ɔ i t i ]_w
[_w χ a z t ]_w
[_w i tʃ r ɔ ]_w
[_w χ e l e ]_w
[_w ʃ a j χ ]_w
[_w k a ʃ t ]_w
[_w b a χ ʃ ]_w
[_w b a χ z ]_w
[_w n ɔ m ]_w
[_w m a h s ]_w
[_w d a k ]_w
[_w d ɔ n i ]_w
[_w d a n d ]_w
[_w m a r k ]_w
[_w n a j ]_w
[_w χ ɔ n d ]_w
[_w ɔ d a ʃ ]_w
[_w b a ʔ t ]_w
[_w v a z ʔ ]_w
[_w χ a n ɡ ]_w
[_w p ɔ s i ]_w
[_w χ a m a ]_w
[_w t i d i ]_w
[_w v ɔ ʒ a ]_w
[_w r a h ɔ ]_w
[_w ʁ a r v ]_w
[_w n ɔ m i ]_w
[_w k u χ i ]_w
[_w s i n ]_w
[_w t ɔ d a ]_w
[_w i d d i ]_w
[_w ɔ ɡ ɔ χ ]_w
[_w f a r ɔ ]_w
[_w t a ɡ j ]_w
[_w ɔ d a t ]_w
[_w d a r ]_w
[_w h a z d ]_w
[_w i n t i ]_w
[_w ʃ e ʔ r ]_w
[_w b u ʃ ]_w
[_w t u r ɔ ]_w
[_w a n d e ]_w
[_w a n t a ]_w
[_w tʃ a l b ]_w
[_w a f a z ]_w
[_w i d ɔ m ]_w
[_w a f t ɔ ]_w
[_w ɔ r d ]_w
[_w χ u r d ]_w
[_w s ɔ s i ]_w
[_w χ a l q ]_w
[_w ɔ i l a ]_w
[_w dʒ a n d ]_w
[_w n a m ɔ ]_w
[_w χ ɔ n a ]_w
[_w k u ʃ t ]_w
[_w ɔ m a d ]_w
[_w n e z d ]_w
[_w ɔ i n a ]_w
[_w b a d ]_w
[_w z a n e ]_w
[_w t ɔ b e ]_w
[_w b a z ɔ ]_w
[_w χ ɔ s i ]_w
[_w ʃ i r i ]_w
[_w d a r d ]_w
[_w a ʃ k ]_w
[_w χ ɔ s t ]_w
[_w j a ɡ i ]_w
[_w j ɔ d i ]_w
[_w ʁ u ʃ ɡ ]_w
[_w ʁ ɔ r i ]_w
[_w s ɔ χ t ]_w
[_w χ ɔ l e ]_w
[_w a m m ɔ ]_w
[_w ɔ d a ʒ ]_w
[_w n a t i ]_w
[_w a s l i ]_w
[_w m u z i ]_w
[_w m ɔ l i ]_w
[_w r a k s ]_w
[_w m ɔ n d ]_w
[_w m a t n ]_w
[_w s a χ t ]_w
[_w t a r k ]_w
[_w k u v d ]_w
[_w a d a d ]_w
[_w d a r z ]_w
[_w ɔ l i i ]_w
[_w i dʒ r ɔ ]_w
[_w i s r ɔ ]_w
[_w i b ɔ r ]_w
[_w u z d ]_w
[_w p ɔ n ɡ ]_w
[_w tʃ ɔ b i ]_w
[_w d ɔ d a ]_w
[_w s a r t ]_w
[_w n a f i ]_w
[_w ʃ u d a ]_w
[_w s a i d ]_w
[_w b ɔ i z ]_w
[_w k a t ʔ ]_w
[_w ɡ u v d ]_w
[_w χ ɔ l i ]_w
[_w l e d ]_w
[_w s s s r ]_w
[_w ɔ χ i r ]_w
[_w i r ɔ a ]_w
[_w d a f r ]_w
[_w b ɔ z i ]_w
[_w i n ʃ ɔ ]_w
[_w f ɔ r s ]_w
[_w t e h a ]_w
[_w tʃ a ʃ n ]_w
[_w ɔ n tʃ ɔ ]_w
[_w ʃ a h r ]_w
[_w r a v ɔ ]_w
[_w k ɔ h ]_w
[_w t ɔ r a ]_w
[_w m a r ɡ ]_w
[_w s ɔ n ]_w
[_w k a r m ]_w
[_w χ ɔ z i ]_w
[_w χ u t a ]_w
[_w p a r i ]_w
[_w d u ɔ ]_w
[_w p i ɡ i ]_w
[_w i j u l ]_w
[_w z ɔ χ t ]_w
[_w v a q t ]_w
[_w p i n ɔ ]_w
[_w i ʃ k ]_w
[_w z u k t ]_w
[_w r u ʃ t ]_w
[_w t ɔ r ]_w
[_w dʒ ɔ n ]_w
[_w ɔ d a m ]_w
[_w q ɔ l a ]_w
[_w d a j i ]_w
[_w r a ʔ j ]_w
[_w tʃ ɔ z d ]_w
[_w ɔ l j ]_w
[_w n a k ʃ ]_w
[_w h ɔ d i ]_w
[_w b ɔ n ɡ ]_w
[_w ʃ ɔ m ]_w
[_w v a r ɔ ]_w
[_w z m m ]_w
[_w r a z i ]_w
[_w h a m a ]_w
[_w d i t a ]_w
[_w ʃ a k l ]_w
[_w ʃ a b i ]_w
[_w i f ʃ ɔ ]_w
[_w u m u m ]_w
[_w ɔ j ɔ ]_w
[_w i m ɔ m ]_w
[_w ɔ v ɔ s ]_w
[_w a n d a ]_w
[_w t i b ]_w
[_w t a s t ]_w
[_w ɔ t a ʃ ]_w
[_w ɡ u ʃ i ]_w
[_w k ɵ j ɔ ]_w
[_w r u m i ]_w
[_w s e p ɔ ]_w
[_w r a ɔ ]_w
[_w a r s i ]_w
[_w t ɵ z d ]_w
[_w m ɔ h i ]_w
[_w a r a p ]_w
[_w s ɵ j i ]_w
[_w v a s i ]_w
[_w z i f a ]_w
[_w b ɔ χ ]_w
[_w d a b ʔ ]_w
[_w χ u t ɔ ]_w
[_w b i k i ]_w
[_w n ɔ d i ]_w
[_w p u d i ]_w
[_w b a i ]_w
[_w n j u ]_w
[_w t u s t ]_w
[_w z ɔ b i ]_w
[_w d ɔ n a ]_w
[_w χ u ʒ ]_w
[_w n a v ]_w
[_w ʃ ɔ d ]_w
[_w f a s i ]_w
[_w t a χ ]_w
[_w r ɔ i tʃ ]_w
[_w χ a n t ]_w
[_w r a s a ]_w
[_w t u z t ]_w
[_w k a h ]_w
[_w r u s ]_w
[_w ɔ r ɔ ]_w
[_w d ɔ i r ]_w
[_w ʁ u d a ]_w
[_w z i r i ]_w
[_w ɡ a j ]_w
[_w z a n ]_w
[_w n a r m ]_w
[_w b a s i ]_w
[_w r ɵ d i ]_w
[_w k t e ]_w
[_w m a r d ]_w
[_w ɡ a s t ]_w
[_w tʃ i s ]_w
[_w t a n t ]_w
[_w h a q ]_w
[_w d a k j ]_w
[_w b u r d ]_w
[_w b a d i ]_w
[_w a v ɔ i ]_w
[_w v ɔ r z ]_w
[_w ɡ ɔ m i ]_w
[_w χ ɔ n t ]_w
[_w d i d a ]_w
[_w r ɵ h ]_w
[_w p a n tʃ ]_w
[_w k a z ]_w
[_w z ɔ h a ]_w
[_w u s d ɔ ]_w
[_w χ i tʃ ]_w
[_w n a q ʃ ]_w
[_w a d ɔ i ]_w
[_w f a ɔ ]_w
[_w ʁ u b u ]_w
[_w t i l i ]_w
[_w r a ɡ z ]_w
[_w a t a b ]_w
[_w h a l ]_w
[_w s e r ɔ ]_w
[_w t i d a ]_w
[_w χ i n d ]_w
[_w a ʃ u ]_w
[_w s a v a ]_w
[_w χ u t i ]_w
[_w f i l m ]_w
[_w z a d ɔ ]_w
[_w ʃ ɔ m i ]_w
[_w f u r u ]_w
[_w χ ɔ s ]_w
[_w j a k ]_w
[_w b ɔ d ]_w
[_w χ i f z ]_w
[_w ɔ f ɔ s ]_w
[_w q a v i ]_w
[_w h a m ]_w
[_w ɡ u tʃ ɔ ]_w
[_w z a v a ]_w
[_w t a χ t ]_w
[_w v ɔ j a ]_w
[_w n a d i ]_w
[_w ɵ h t a ]_w
[_w r ɵ s ]_w
[_w d a z d ]_w
[_w q a b l ]_w
[_w i l i ]_w
[_w ɔ s ɔ t ]_w
[_w b a ʔ d ]_w
[_w ɡ ɔ d a ]_w
[_w a r z i ]_w
[_w b ɔ i s ]_w
[_w ʃ ɔ i r ]_w
[_w r a z ]_w
[_w d ɔ d u ]_w
[_w s a n i ]_w
[_w dʒ a ʃ n ]_w
[_w m a n d ]_w
[_w k a k ]_w
[_w v i r i ]_w
[_w h a r v ]_w
[_w n u r i ]_w
[_w r a s i ]_w
[_w p ɔ l i ]_w
[_w e tʃ ɔ t ]_w
[_w h a s t ]_w
[_w t a r s ]_w
[_w f i k r ]_w
[_w χ u b i ]_w
[_w s b i d ]_w
[_w d a s t ]_w
[_w b a r k ]_w
[_w ɡ a j r ]_w
[_w dʒ a ʃ m ]_w
[_w χ u d ɔ ]_w
[_w a v d ɔ ]_w
[_w s a b t ]_w
[_w t ɔ b i ]_w
[_w h ɔ t i ]_w
[_w r a χ ]_w
[_w r ɵ z e ]_w
[_w m e v a ]_w
[_w ɔ k ɔ χ ]_w
[_w t u χ m ]_w
[_w k u ʃ ]_w
[_w z u b h ]_w
[_w ɵ s t ]_w
[_w m l n ]_w
[_w m ɔ n t ]_w
[_w a v r ɔ ]_w
[_w s ɔ n i ]_w
[_w a m a l ]_w
[_w m a h z ]_w
[_w j a k e ]_w
[_w d a i ]_w
[_w m i z i ]_w
[_w i r ɔ q ]_w
[_w s a n ]_w
[_w χ ɔ r ]_w
[_w s a r ]_w
[_w χ a d ɔ ]_w
[_w u r ɔ ]_w
[_w z a t ]_w
[_w d ɔ r i ]_w
[_w a s ɔ z ]_w
[_w i l m ]_w
[_w χ ɔ tʃ a ]_w
[_w m u s i ]_w
[_w n a z b ]_w
[_w d u n ]_w
[_w r ɔ ʁ i ]_w
[_w k a ʃ f ]_w
[_w s a v i ]_w
[_w b i n ɔ ]_w
[_w s e b ɔ ]_w
[_w d u r ɔ ]_w
[_w b ɔ ʃ i ]_w
[_w u z d ɔ ]_w
[_w ɔ ʃ i q ]_w
[_w ɔ k ɔ i ]_w
[_w tʃ a n d ]_w
[_w r a v d ]_w
[_w r ɔ s t ]_w
[_w h n i d ]_w
[_w r ɵ j ]_w
[_w h i f z ]_w
[_w b i r i ]_w
[_w s ɔ t a ]_w
[_w m i n ]_w
[_w r ɔ i dʒ ]_w
[_w z u χ t ]_w
[_w d i r a ]_w
[_w h a f ɔ ]_w
[_w u z v i ]_w
[_w s ɔ d a ]_w
[_w n a ʃ r ]_w
[_w p e ʃ i ]_w
[_w k i r i ]_w
[_w p a n dʒ ]_w
[_w r a χ i ]_w
[_w a d l i ]_w
[_w dʒ ɔ b i ]_w
[_w ʃ a r k ]_w
[_w a χ t i ]_w
[_w ɡ u n a ]_w
[_w f a s ʔ ]_w
[_w s a r d ]_w
[_w z a v i ]_w
[_w v a k t ]_w
[_w f ɔ r z ]_w
[_w d a ʃ e ]_w
[_w dʒ a r ɔ ]_w
[_w z a r v ]_w
[_w d a n ɡ ]_w
[_w n u χ ]_w
[_w tʃ a b ]_w
[_w a χ i r ]_w
[_w ɔ i n i ]_w
[_w d a v r ]_w
[_w χ a m i ]_w
[_w b ɔ j a ]_w
[_w t a k j ]_w
[_w ɔ z ɔ n ]_w
[_w h a f t ]_w
[_w b i n ]_w
[_w k ɔ r i ]_w
[_w k a s e ]_w
[_w k i m a ]_w
[_w ɔ t a t ]_w
[_w p a n d ]_w
[_w k ɔ r e ]_w
[_w b a s t ]_w
[_w r ɔ h ]_w
[_w r u z d ]_w
[_w a m i r ]_w
[_w i s t a ]_w
[_w f ɔ ʃ a ]_w
[_w e d ɔ ]_w
[_w ʃ a χ s ]_w
[_w k ɔ r u ]_w
[_w r ɔ z d ]_w
[_w n e k u ]_w
[_w d i d ]_w
[_w s a f i ]_w
[_w a χ r i ]_w
[_w h a n ɡ ]_w
[_w s ɔ h a ]_w
[_w r ɔ d ]_w
[_w r e ʃ a ]_w
[_w d a n ]_w
[_w tʃ ɔ r i ]_w
[_w n e s t ]_w
[_w s ɔ b i ]_w
[_w p a h s ]_w
[_w e ʔ d ɔ ]_w
[_w i n v i ]_w
[_w b ɔ j ]_w
[_w k ɔ r ɔ ]_w
[_w n a χ ɔ ]_w
[_w r ɔ h i ]_w
[_w ʃ u t a ]_w
[_w i z ɔ ]_w
[_w z a f a ]_w
[_w u s t ɔ ]_w
[_w k ɔ m i ]_w
[_w p a h n ]_w
[_w r a t ]_w
[_w z u ɔ l ]_w
[_w k a s i ]_w
[_w m a r ɔ ]_w
[_w ɔ b ɔ d ]_w
[_w m a r s ]_w
[_w ɡ u l ]_w
[_w k a d i ]_w
[_w χ ɔ k i ]_w
[_w dʒ a m ʔ ]_w
[_w m a r z ]_w
[_w s a t ]_w
[_w χ a m e ]_w
[_w i r ɔ ɡ ]_w
[_w d u l i ]_w
[_w t i d ɔ ]_w
[_w m ɔ n a ]_w
[_w tʃ i k u ]_w
[_w z a r i ]_w
[_w χ a r tʃ ]_w
[_w a r a b ]_w
[_w a ʒ k i ]_w
[_w b ɔ χ i ]_w
[_w t i t a ]_w
[_w s ɔ l i ]_w
[_w b u l i ]_w
[_w χ u ʃ ]_w
[_w u m r i ]_w
[_w v u d ]_w
[_w a m r ]_w
[_w b a n d ]_w
[_w m e d i ]_w
[_w j ɔ t a ]_w
[_w m u ʃ t ]_w
[_w i r ɔ n ]_w
[_w χ a r dʒ ]_w
[_w ɡ ɔ b i ]_w
[_w h ɔ tʃ i ]_w
[_w k a m ]_w
[_w tʃ a r χ ]_w
[_w a t i b ]_w
[_w k a r ]_w
[_w p i j ɔ ]_w
[_w s a h ]_w
[_w k u m i ]_w
[_w v a s l ]_w
[_w b u l ]_w
[_w z ɔ n i ]_w
[_w s i ɡ r ]_w
[_w r ɔ s j ]_w
[_w u m a r ]_w
[_w r a h ]_w
[_w a ɡ z ]_w
[_w a s i s ]_w
[_w r a ʃ t ]_w
[_w q a j t ]_w
[_w s a r u ]_w
[_w i l m i ]_w
[_w ɔ n r ɔ ]_w
[_w v i k r ]_w
[_w t a f r ]_w
[_w ɔ r a ʃ ]_w
[_w ɔ l i ]_w
[_w p u d a ]_w
[_w n a v ʔ ]_w
[_w f a r a ]_w
[_w z ɔ l a ]_w
[_w t a r ]_w
[_w k a r b ]_w
[_w p a ʔ t ]_w
[_w p e ʃ ]_w
[_w tʃ a r ɔ ]_w
[_w χ ɔ t i ]_w
[_w ɡ ɵ j ɔ ]_w
[_w t a h ]_w
[_w v ɔ r i ]_w
[_w p ɔ d i ]_w
[_w ɔ n d a ]_w
[_w χ a f ɔ ]_w
[_w a n ɡ i ]_w
[_w m ɔ t a ]_w
[_w ɔ l a m ]_w
[_w b a z ]_w
[_w r ɵ z i ]_w
[_w χ a m ]_w
[_w χ u b u ]_w
[_w ɔ n dʒ ɔ ]_w
[_w b a n dʒ ]_w
[_w ʃ ɔ h i ]_w
[_w ɔ z ɔ d ]_w
[_w z u r i ]_w
[_w t a b ʔ ]_w
[_w m ɔ j a ]_w
[_w n i s ]_w
[_w h ɔ l ɔ ]_w
[_w s a n ɡ ]_w
[_w p a j t ]_w
[_w i s t i ]_w
[_w p ɔ ɡ u ]_w
[_w m a j ]_w
[_w p ɔ r i ]_w
[_w z e b ɔ ]_w
[_w a d a p ]_w
[_w m ɔ s t ]_w
[_w h i n d ]_w
[_w tʃ ɔ m i ]_w
[_w tʃ ɔ e ]_w
[_w i t ɔ m ]_w
[_w ɔ i d i ]_w
[_w v a χ ʃ ]_w
[_w p a l a ]_w
[_w ɡ a z ]_w
[_w b ɔ n u ]_w
[_w χ i z ]_w
[_w t a l χ ]_w
[_w a t r ɔ ]_w
[_w ɔ j i n ]_w
[_w d i d ɔ ]_w
[_w tʃ i r ɔ ]_w
[_w ɔ n ɔ n ]_w
[_w k a r t ]_w
[_w ʃ ɔ χ i ]_w
[_w l ɔ i q ]_w
[_w s ɔ χ d ]_w
[_w d a r s ]_w
[_w ɡ ɔ h i ]_w
[_w k ɔ f i ]_w
[_w s a n d ]_w
[_w dʒ ɔ r i ]_w
[_w dʒ i n ]_w
[_w f a r d ]_w
[_w z i j ɔ ]_w
[_w χ i s b ]_w
[_w b a t i ]_w
[_w χ ɔ l ɔ ]_w
[_w ɔ b i ]_w
[_w s i l ]_w
[_w ɔ f a r ]_w
[_w z ɵ j i ]_w
[_w i z d i ]_w
[_w d a r χ ]_w
[_w s u ɔ l ]_w
[_w ɔ k ɔ s ]_w
[_w i r ɔ t ]_w
[_w r a f t ]_w
[_w n ɔ m a ]_w
[_w b r i ]_w
[_w b ɔ ɡ i ]_w
[_w f a q t ]_w
[_w a v a s ]_w
[_w n i m i ]_w
[_w a v ɔ m ]_w
[_w dʒ ɔ r ]_w
[_w u z t ɔ ]_w
[_w i ʃ ɔ n ]_w
[_w ʃ a χ z ]_w
[_w d ɔ ʃ t ]_w
[_w ɔ t i n ]_w
[_w ʃ i r ]_w
[_w χ a l k ]_w
[_w χ i s ]_w
[_w tʃ i n i ]_w
[_w tʃ ɔ n i ]_w
[_w d a r i ]_w
[_w dʒ u n ]_w
[_w tʃ ɔ b ]_w
[_w b ɔ r ]_w
[_w s i n a ]_w
[_w k u f t ]_w
[_w t i n u ]_w
[_w t a b i ]_w
[_w r ɔ χ i ]_w
[_w ʃ a m s ]_w
[_w b ɔ k u ]_w
[_w m e ʃ a ]_w
[_w χ ɔ b i ]_w
[_w r e ʒ a ]_w
[_w a s r i ]_w
[_w ɵ z d ]_w
[_w s a b k ]_w
[_w χ ɔ b ]_w
[_w i f a s ]_w
[_w b u r ]_w
[_w s u χ t ]_w
[_w ɔ n a ]_w
[_w i n dʒ ɔ ]_w
[_w z a t a ]_w
[_w p u l i ]_w
[_w s i k r ]_w
[_w s u l χ ]_w
[_w χ a z d ]_w
[_w k ɔ l ɔ ]_w
[_w i m s ɔ ]_w
[_w tʃ a m ʔ ]_w
[_w ɡ ɔ s ]_w
[_w s a b z ]_w
[_w h a v d ]_w
[_w s a d a ]_w
[_w χ a k ]_w
[_w a j n i ]_w
[_w ɡ u f t ]_w
[_w r ɔ z t ]_w
[_w dʒ a n t ]_w
[_w b e s ]_w
[_w n ɔ n ]_w
[_w t ɔ r i ]_w
[_w ʃ a r h ]_w
[_w r ɵ s e ]_w
[_w χ a l ]_w
[_w i s d i ]_w
[_w a k s ]_w
[_w a f r ɔ ]_w
[_w r u i ]_w
[_w f a r ɡ ]_w
[_w i m z ɔ ]_w
[_w f a s ]_w
[_w k ɔ f ]_w
[_w z a r u ]_w
[_w ʃ a ɡ l ]_w
[_w k a s ]_w
[_w m l r d ]_w
[_w n ɔ b ]_w
[_w ɡ u m i ]_w
[_w ɡ ɔ d ]_w
[_w q a f i ]_w
[_w l a n t ]_w
[_w χ a n k ]_w
[_w ʃ a r i ]_w
[_w u m e d ]_w
[_w i r d i ]_w
[_w ɡ i r d ]_w
[_w f r i d ]_w
[_w p a r e ]_w
[_w d ɔ s a ]_w
[_w ɵ r ɔ ]_w
[_w ʃ ɔ d i ]_w
[_w d i l u ]_w
[_w v i ʃ a ]_w
[_w χ a r b ]_w
[_w k a r i ]_w
[_w t ɔ ʃ t ]_w
[_w m u χ t ]_w
[_w a z ɔ s ]_w
[_w z ɔ n ]_w
[_w n a k ʒ ]_w
[_w d a r ɡ ]_w
[_w p a ʔ d ]_w
[_w b ɔ r a ]_w
[_w r ɔ s i ]_w
[_w s u d ]_w
[_w m e t r ]_w
[_w a z d ]_w
[_w t l j a ]_w
[_w b ɔ k ]_w
[_w ɔ ʒ i q ]_w
[_w a s a r ]_w
[_w a ʁ i r ]_w
[_w t u z d ]_w
[_w dʒ i s e ]_w
[_w tʃ u n ]_w
[_w p ɔ d ]_w
[_w k a m i ]_w
[_w n a q l ]_w
[_w d ɔ χ i ]_w
[_w b ɔ r i ]_w
[_w s ʃ a ]_w
[_w z a n ɡ ]_w
[_w d ɔ m ]_w
[_w h ɔ l e ]_w
[_w ɔ v ɔ z ]_w
[_w m ɔ f u ]_w
[_w t a v r ]_w
[_w n u r ]_w
[_w k ɔ d i ]_w
[_w t a r z ]_w
[_w b a j ]_w
[_w dʒ a r χ ]_w
[_w z u d i ]_w
[_w i m a ]_w
[_w i s ɔ ]_w
[_w p ɔ χ i ]_w
[_w χ a v d ]_w
[_w b a l e ]_w
[_w b ɔ l i ]_w
[_w r a d i ]_w
[_w l a d i ]_w
[_w tʃ ɔ i ]_w
[_w ɔ r ɔ m ]_w
[_w χ u d i ]_w
[_w ʃ a r q ]_w
[_w m a χ s ]_w
[_w χ a l ɡ ]_w
[_w i d i ]_w
[_w a z i l ]_w
[_w j ɔ d ]_w
[_w i n f i ]_w
[_w j ɔ r i ]_w
[_w d u χ m ]_w
[_w d i r ]_w
[_w i m ɔ n ]_w
[_w ɔ s ɔ r ]_w
[_w t i l u ]_w
[_w k a j ]_w
[_w χ u r ɔ ]_w
[_w ɔ n e ]_w
[_w i r ɔ d ]_w
[_w k a t i ]_w
[_w χ ɔ l ]_w
[_w s a t ɔ ]_w
[_w ɔ m i l ]_w
[_w u ʃ e ]_w
[_w b ɔ l ɔ ]_w
[_w a χ d i ]_w
[_w p ɔ z i ]_w
[_w ɔ z e b ]_w
[_w χ e ʃ ]_w
[_w k ɔ v i ]_w
[_w p a s ]_w
[_w k a d l ]_w
[_w d a r k ]_w
[_w ɔ r a t ]_w
[_w k ɔ d ]_w
[_w v a r q ]_w
[_w ɡ a t l ]_w
[_w v ɔ z i ]_w
[_w k ɵ ʃ ]_w
[_w i l m u ]_w
[_w k ɔ χ i ]_w
[_w ɔ z ɔ t ]_w
[_w m a r t ]_w
[_w n ɔ χ i ]_w
[_w h ɔ l ]_w
[_w s ɔ a t ]_w
[_w z i n a ]_w
[_w r e χ d ]_w
[_w h i s b ]_w
[_w v a r t ]_w
[_w ɔ s ɔ d ]_w
[_w f a j ]_w
[_w n ɔ m u ]_w
[_w s a d i ]_w
[_w z ɔ l i ]_w
[_w ʃ u t ]_w
[_w k ɔ d u ]_w
[_w r ɵ h i ]_w
[_w k ɔ s ]_w
[_w k a b l ]_w
[_w i ʃ ɔ r ]_w
[_w k i r t ]_w
[_w v i ɡ r ]_w
[_w v a r a ]_w
[_w ɔ s ɔ n ]_w
[_w a k a r ]_w
[_w t ɔ n a ]_w
[_w m i r i ]_w
[_w z ɔ a d ]_w
[_w b a l a ]_w
[_w h i z b ]_w
[_w s i s t ]_w
[_w m a d a ]_w
[_w χ ɔ z d ]_w
[_w p i s t ]_w
[_w t ɔ n i ]_w
[_w f ɔ d i ]_w
[_w i d ɔ r ]_w
[_w d a m ]_w
[_w k i r ɔ ]_w
[_w k a j d ]_w
[_w tʃ i n ]_w
[_w n i m ]_w
[_w ʃ a r m ]_w
[_w k u ʃ i ]_w
[_w ɔ d a d ]_w
[_w d e r ]_w
[_w f a r k ]_w
[_w p a d i ]_w
[_w ɡ ɔ z i ]_w
[_w χ ɔ k ]_w
[_w t ɔ i r ]_w
[_w b ɔ ɡ j ]_w
[_w χ ɔ z ]_w
[_w n a ɡ l ]_w
[_w d i n i ]_w
[_w z a n u ]_w
[_w ɡ a r i ]_w
[_w j u m i ]_w
[_w m a t a ]_w
[_w p ɔ k u ]_w
[_w ɡ ɔ l ɔ ]_w
[_w a l i i ]_w
[_w ɡ ɔ r e ]_w
[_w l u n a ]_w
[_w p a s t ]_w
[_w d i t i ]_w
[_w h i f s ]_w
[_w n e z t ]_w
[_w b u ʃ t ]_w
[_w b u i ]_w
[_w ɔ ʃ n ɔ ]_w
[_w v a s ]_w
[_w d u s t ]_w
[_w f i r i ]_w
[_w b a r ]_w
[_w b a n tʃ ]_w
[_w t i n i ]_w
[_w s a j d ]_w
[_w ɡ i r i ]_w
[_w t a ɡ ]_w
[_w ɔ d d i ]_w
[_w v ɔ r s ]_w
[_w a b a t ]_w
[_w b a s e ]_w
[_w a l i f ]_w
[_w b a r e ]_w
[_w χ ɔ n ]_w
[_w s u r χ ]_w
[_w s i r i ]_w
[_w m e t i ]_w
[_w v a j ]_w
[_w p a r ]_w
[_w d ɔ r u ]_w
[_w b ɔ ɡ u ]_w
[_w χ ɔ ɡ i ]_w
[_w m a χ z ]_w
[_w n a s b ]_w
[_w l e k ]_w
[_w p a r k ]_w
[_w s u j i ]_w
[_w ɔ f ɔ z ]_w
[_w v ɔ s i ]_w
[_w s ɔ a d ]_w
[_w χ a r v ]_w
[_w k a s b ]_w
[_w q a d i ]_w
[_w p i z t ]_w
[_w k a ʃ v ]_w
[_w k a j r ]_w
[_w ɔ r z u ]_w
[_w t ɵ s t ]_w
[_w p a r q ]_w
[_w h ɔ l i ]_w
[_w d u z t ]_w
[_w r u s a ]_w
[_w b a z i ]_w
[_w b i s i ]_w
[_w ɡ a r p ]_w
[_w ɡ i r ɔ ]_w
[_w a r t i ]_w
[_w s ɔ j a ]_w
[_w t a χ d ]_w
[_w v r ɔ n ]_w
[_w b a l χ ]_w
[_w t ɔ χ i ]_w
[_w k a b ]_w
[_w h e tʃ ]_w
[_w q a d r ]_w
[_w a ɡ a r ]_w
[_w t ɔ b ]_w
[_w ʃ a b ]_w
[_w a k s i ]_w
[_w r u χ ]_w
[_w i t i ]_w
[_w a s i l ]_w
[_w p u r d ]_w
[_w ɔ i d ]_w
[_w dʒ i s ]_w
[_w dʒ a n ɡ ]_w
[_w b ɔ j i ]_w
[_w ɔ s e b ]_w
[_w χ a j r ]_w
[_w r u j ]_w
[_w q a j d ]_w
[_w n a z m ]_w
[_w m l r t ]_w
[_w i n tʃ ɔ ]_w
[_w i d t i ]_w
[_w ɡ a r ]_w
[_w ɡ u ʃ ]_w
[_w r a χ ɔ ]_w
[_w a n a ]_w
[_w t i p ]_w
[_w d i l i ]_w
[_w e dʒ ɔ d ]_w
[_w s u b h ]_w
[_w a n k i ]_w
[_w b e ʃ i ]_w
[_w d a χ l ]_w
[_w s a r v ]_w
[_w z b i t ]_w
[_w a ʔ s ɔ ]_w
[_w r u j i ]_w
[_w p i r ]_w
[_w n a k l ]_w
[_w m i l i ]_w
[_w ɡ u m ]_w
[_w ɡ u z d ]_w
[_w d a r u ]_w
[_w tʃ ɔ r ]_w
[_w h a r ]_w
[_w z u j i ]_w
[_w ɡ ɔ χ ]_w
[_w ɡ a s ]_w
[_w a z i s ]_w
[_w ɔ q ɔ i ]_w
[_w dʒ ɔ b ]_w
[_w d ɔ ɡ ɔ ]_w
[_w v i l m ]_w
[_w b a s ]_w
[_w ʁ a t m ]_w
[_w ʃ a b u ]_w
[_w χ a d m ]_w
[_w t ɔ s a ]_w
[_w tʃ u s ]_w
[_w m i z r ]_w
[_w a k a d ]_w
[_w t ɔ k ɔ ]_w
[_w i v ʃ ɔ ]_w
[_w ɡ a b l ]_w
[_w t a p i ]_w
[_w d ɵ s t ]_w
[_w l a n d ]_w
[_w χ a ʃ t ]_w
[_w χ a t m ]_w
[_w h n i t ]_w
[_w i z m i ]_w
[_w ɵ h d a ]_w
[_w ɔ t t i ]_w
[_w b ɔ z ]_w
[_w χ u r t ]_w
[_w dʒ ɔ n i ]_w
[_w i s m i ]_w
[_w f i ʃ a ]_w
[_w p ɔ t i ]_w
[_w z a b z ]_w
[_w t ɵ l i ]_w
[_w z a n d ]_w
[_w d a n k ]_w
[_w a d a m ]_w
[_w z i s t ]_w
[_w ɔ χ ɔ s ]_w
[_w z ɔ χ d ]_w
[_w tʃ ɔ s t ]_w
[_w χ e l ɔ ]_w
[_w e ʃ ɔ n ]_w
[_w s e r i ]_w
[_w ɔ r t ]_w
[_w u m i n ]_w
[_w p ɔ l ɔ ]_w
[_w ɡ e d i ]_w
[_w s u r i ]_w
[_w k a z i ]_w
[_w d u r ]_w
[_w ʁ ɔ l e ]_w
[_w ʁ a d m ]_w
[_w a ʃ k i ]_w
[_w d i p ]_w
[_w t ɔ m ]_w
[_w a s ɔ b ]_w
[_w p u t a ]_w
[_w z a ʔ j ]_w
[_w q a t ʔ ]_w
[_w j e m u ]_w
[_w i n a k ]_w
[_w b i s t ]_w
[_w ʒ a χ r ]_w
[_w r u z j ]_w
[_w s e r ]_w
[_w n e k i ]_w
[_w u χ t a ]_w
[_w b a j n ]_w
[_w b a j d ]_w
[_w p ɔ b i ]_w
[_w b a r i ]_w
[_w i ʃ q ]_w
[_w k ɔ h i ]_w
[_w v a k d ]_w
[_w f ɔ r i ]_w
[_w ɡ u j ɔ ]_w
[_w d a l χ ]_w
[_w s a r i ]_w
[_w p ɔ j a ]_w
[_w s u i ]_w
[_w k e d i ]_w
[_w v ɔ d i ]_w
[_w ɡ ɔ r ]_w
[_w χ u b ]_w
[_w d ɔ k ɔ ]_w
[_w a t a m ]_w
[_w d ɔ m a ]_w
[_w ɡ u ʃ t ]_w
[_w k ɔ n i ]_w
[_w r a t i ]_w
[_w m u d i ]_w
[_w χ u n i ]_w
[_w ɡ ɔ r u ]_w
[_w ɔ ɡ ɔ h ]_w
[_w n ɔ n i ]_w
[_w t a z d ]_w
[_w n e ɡ u ]_w
[_w k a χ ]_w
[_w r a f ɔ ]_w
[_w m a n t ]_w
[_w z u r χ ]_w
[_w k ɔ t ]_w
[_w a t t ɔ ]_w
[_w t ɔ d u ]_w
[_w j ɔ f t ]_w
[_w b i z i ]_w
[_w a ʔ z ɔ ]_w
[_w v a s ʔ ]_w
[_w p a r f ]_w
[_w f i ɡ r ]_w
[_w t u ʃ i ]_w
[_w tʃ i z ]_w
[_w χ i dʒ ]_w
[_w t i l ]_w
[_w d a χ t ]_w
[_w n a s m ]_w
[_w k ɔ z ]_w
[_w χ ɔ dʒ a ]_w
[_w b ɔ i n ]_w
[_w k ɔ χ ]_w
[_w ɡ i s t ]_w
[_w r u χ i ]_w
[_w q a t l ]_w
[_w l ɔ s i ]_w
[_w ɔ j a t ]_w
[_w j ɔ r u ]_w
[_w ɡ i r ]_w
[_w s a d ]_w
[_w χ e tʃ ]_w
[_w z u l χ ]_w
[_w a v r i ]_w
[_w ʁ i n d ]_w
[_w χ a d ]_w
[_w z a r d ]_w
[_w p ɔ ɡ j ]_w
[_w h i s ]_w
[_w dʒ a b ]_w
[_w ʁ a r f ]_w
[_w tʃ u d ɔ ]_w
[_w i t ɔ r ]_w
[_w s i f a ]_w
[_w m ɔ h ]_w
[_w v a ɔ ]_w
[_w χ ɔ ɡ ]_w
[_w χ a v ɔ ]_w
[_w χ i n t ]_w
[_w tʃ ɔ n u ]_w
[_w s u b χ ]_w
[_w χ a t ]_w
[_w i f a z ]_w
[_w p u ʃ t ]_w
[_w ɔ ɡ ɔ s ]_w
[_w ɡ a m i ]_w
[_w ɡ ɔ n i ]_w
[_w s a n e ]_w
[_w dʒ ɔ i ]_w
[_w ɡ ɔ r ɔ ]_w
[_w u m e t ]_w
[_w k u l u ]_w
[_w h a n k ]_w
[_w ɡ a r b ]_w
[_w z u b χ ]_w
[_w t a χ l ]_w
[_w tʃ ɔ p ]_w
[_w ɡ a r t ]_w
[_w e t ɔ ]_w
[_w p e s ]_w
[_w r u d i ]_w
[_w n i j a ]_w
[_w ɔ z ɔ r ]_w
[_w b ɔ r e ]_w
[_w r u z ]_w
[_w d ɔ b i ]_w
[_w tʃ ɔ n ]_w
[_w p ɔ p i ]_w
[_w a f ɔ m ]_w
[_w a s t u ]_w
[_w χ e ʃ u ]_w
[_w a l ɔ m ]_w
[_w b a h s ]_w
[_w j u r u ]_w
[_w i ʃ q i ]_w
[_w t e r ]_w
[_w v l a d ]_w
[_w h i s p ]_w
[_w ʁ ɔ s t ]_w
[_w k a s p ]_w
[_w i r t i ]_w
[_w z ɔ j a ]_w
[_w i ʃ ɡ ]_w
[_w h a s ]_w
[_w f a k t ]_w
[_w t a r ɡ ]_w
[_w k a z b ]_w
[_w p ɔ ʃ i ]_w
[_w ʃ a r ɡ ]_w
[_w a h l i ]_w
[_w a s b ]_w
[_w tʃ i s e ]_w
[_w r ɔ z i ]_w
[_w b a j t ]_w
[_w l a b ]_w
[_w k a s t ]_w
[_w k u n ]_w
[_w b a χ s ]_w
[_w t a n i ]_w
[_w z i m i ]_w
[_w u s v i ]_w
[_w k u tʃ ]_w
[_w k ɔ p i ]_w
[_w m i s i ]_w
[_w dʒ i s i ]_w
[_w m ɔ χ i ]_w
[_w f a z i ]_w
[_w ʁ a m e ]_w
[_w dʒ ɔ m i ]_w
[_w ʃ a p i ]_w
[_w ʃ u d ]_w
[_w d a r t ]_w
[_w tʃ ɔ j ]_w
[_w χ e l ]_w
[_w n e ɡ ]_w
[_w dʒ i n i ]_w
[_w ɡ a d l ]_w
[_w s a d ɔ ]_w
[_w z a d ]_w
[_w ɡ i m a ]_w
[_w ɔ b i i ]_w
[_w k a ʃ d ]_w
[_w s ɔ d i ]_w
[_w b ɔ t ]_w
[_w p i t i ]_w
[_w χ ɔ s a ]_w
[_w χ a r p ]_w
[_w h ɔ dʒ i ]_w
[_w j e k ɔ ]_w
[_w tʃ e m ]_w
[_w ɡ i ʃ t ]_w
[_w z i z d ]_w
[_w n e d ]_w
[_w b ɔ q i ]_w
[_w b a n t ]_w
[_w v a k r ]_w
[_w p i k i ]_w
[_w a z ɔ b ]_w
[_w ʒ e ʔ r ]_w
[_w v a z i ]_w
[_w d u z e ]_w
[_w t u ɔ ]_w
[_w r u z e ]_w
[_w z ɔ d a ]_w
[_w dʒ i k u ]_w
[_w a χ l i ]_w
[_w i s ɔ i ]_w
[_w χ u n ]_w
[_w z a r ]_w
[_w ɡ ɔ f i ]_w
[_w ʃ ɔ χ ]_w
[_w b a χ n ]_w
[_w f u d ]_w
[_w b a r f ]_w
[_w k u s t ]_w
[_w ɔ r a d ]_w
[_w z u d ]_w
[_w ɡ ɔ r i ]_w
[_w s u d i ]_w
[_w a z r i ]_w
[_w s a i t ]_w
[_w n a f ʔ ]_w
[_w a ʃ ɡ i ]_w
[_w dʒ i z ]_w
[_w b ɔ ʒ ]_w
[_w j ɔ r ]_w
[_w m ɔ χ ]_w
[_w k a t l ]_w
[_w p ɔ ʔ i ]_w
[_w s ɔ z i ]_w
[_w a d ɔ ]_w
[_w p a z d ]_w
[_w i z d a ]_w
[_w b ɔ s ]_w
[_w ʁ a f ɔ ]_w
[_w v m k b ]_w
[_w k u l i ]_w
[_w p i z i ]_w
[_w r u b ɔ ]_w
[_w s a b s ]_w
[_w r ɵ j i ]_w
[_w b i r ]_w
[_w t i d ]_w
[_w p a j d ]_w
[_w ʃ ɔ t i ]_w
[_w ɔ m ɔ t ]_w
[_w b ɔ b ]_w
[_w q a t i ]_w
[_w p u i ]_w
[_w d a m e ]_w
[_w n ɔ i l ]_w
[_w k ɔ m ]_w
[_w j ɔ d a ]_w
[_w s u t j ]_w
[_w z u i ]_w
[_w z i s d ]_w
[_w n e k ]_w
[_w k ɔ s i ]_w
[_w a b a d ]_w
[_w z u i z ]_w
[_w t ɔ d ]_w
[_w b a j i ]_w
[_w m ɔ v u ]_w
[_w t ɔ m a ]_w
[_w d a h ]_w
[_w f a ɡ t ]_w
[_w χ i z b ]_w
[_w t a n d ]_w
[_w q a d l ]_w
[_w ɡ ɔ χ i ]_w
[_w p ɔ j ]_w
[_w h i z p ]_w
[_w v r i t ]_w
[_w a d r ɔ ]_w
[_w ʒ ɔ i r ]_w
[_w t i t ɔ ]_w
[_w χ a n d ]_w
[_w χ a r f ]_w
[_w r ɵ t i ]_w
[_w b a h n ]_w
[_w p ɔ q i ]_w
[_w r ɔ t ]_w
[_w tʃ i s t ]_w
[_w v z e ]_w
[_w t u n ]_w
[_w t i n ]_w
[_w p a l e ]_w
[_w s u r ]_w
[_w k u tʃ ɔ ]_w
[_w t u r ]_w
[_w ɡ ɔ d i ]_w
[_w z a j d ]_w
[_w l a b i ]_w
[_w m ɔ r ɔ ]_w
[_w ɡ a ʃ v ]_w
[_w d ɔ ʃ d ]_w
[_w v a l e ]_w
[_w a s p ]_w
[_w m u χ d ]_w
[_w p ɔ j i ]_w
[_w ʁ a r tʃ ]_w
[_w a v a z ]_w
[_w f a z ʔ ]_w
[_w dʒ u s ]_w
[_w u s t ]_w
[_w d a χ d ]_w
[_w r u z i ]_w
[_w m e χ r ]_w
[_w i ʃ k i ]_w
[_w p u r t ]_w
[_w f a l e ]_w
[_w n a s ]_w
[_w v a r k ]_w
[_w i k ɔ r ]_w
[_w k a n d ]_w
[_w k ɔ r ]_w
[_w z b i d ]_w
[_w p a l χ ]_w
[_w v ɔ ʃ a ]_w
[_w p ɔ b ]_w
[_w a f r i ]_w
[_w dʒ a n k ]_w
[_w z u t j ]_w
[_w a d t ɔ ]_w
[_w p a χ s ]_w
[_w p u t i ]_w
[_w i p ɔ r ]_w
[_w m a n u ]_w
[_w f ɔ s i ]_w
[_w ɔ b u ]_w
[_w ɡ a s e ]_w
[_w m a n ʔ ]_w
[_w ʁ a m ]_w
[_w e t ɔ m ]_w
[_w t ɔ r ɔ ]_w
[_w t a m ]_w
[_w z a r f ]_w
[_w k u dʒ ɔ ]_w
[_w s u d j ]_w
[_w k e ʃ i ]_w
[_w t a r t ]_w
[_w tʃ t ɔ ]_w
[_w ɔ r e ]_w
[_w ʁ ɔ n d ]_w
[_w b a χ d ]_w
[_w a t ɔ i ]_w
[_w ʁ u r d ]_w
[_w t ɔ z a ]_w
[_w k ɔ t i ]_w
[_w χ i s p ]_w
[_w k a j t ]_w
[_w a t l i ]_w
[_w r a n k ]_w
[_w s a χ d ]_w
[_w t ɔ n ɔ ]_w
[_w h e dʒ ]_w
[_w f i ʃ t ]_w
[_w z i d a ]_w
[_w ʁ u b ]_w
[_w f a s l ]_w
[_w d ɔ ʁ i ]_w
[_w s ɵ i ]_w
[_w k i r d ]_w
[_w χ u ʃ k ]_w
[_w ɡ a t r ]_w
[_w r u z t ]_w
[_w d i m i ]_w
[_w i n a ɡ ]_w
[_w ɡ a n d ]_w
[_w d ɔ t ]_w
[_w p u l ]_w
[_w z ɔ l e ]_w
[_w p ɔ ʃ ]_w
[_w d a n i ]_w
[_w ʁ u t ]_w
[_w r u d a ]_w
[_w m ɔ n e ]_w
[_w ɔ n t a ]_w
[_w tʃ i z d ]_w
[_w dʒ t ɔ ]_w
[_w ɔ k ɔ z ]_w
[_w t a m e ]_w
[_w χ a t ɔ ]_w
[_w b u d ]_w
[_w s ɔ ʁ d ]_w
[_w i v a s ]_w
[_w f a r t ]_w
[_w f a χ ʃ ]_w
[_w p ɔ r a ]_w
[_w p ɔ i n ]_w
[_w b u d u ]_w
[_w j a k i ]_w
[_w d ɔ b ]_w
[_w ʃ a ʃ ]_w
[_w tʃ u z ]_w
[_w k u j ɔ ]_w
[_w s ɔ l e ]_w
[_w b ɔ k j ]_w
[_w dʒ i r ɔ ]_w
[_w χ ɔ z a ]_w
[_w f a r q ]_w
[_w i r s ɔ ]_w
[_w k a ɡ ]_w
[_w s a n t ]_w
[_w b u t a ]_w
[_w r u s e ]_w
[_w a n ɡ u ]_w
[_w ɡ ɔ ʃ ]_w
[_w e ʔ t ɔ ]_w
[_w d ɔ b e ]_w
[_w p a t i ]_w
[_w v l a t ]_w
[_w ɡ ɔ h ]_w
[_w dʒ ɔ e ]_w
[_w r a d ]_w
[_w z i l ]_w
[_w r ɔ s ]_w
[_w p ɔ k ]_w
[_w s a b d ]_w
[_w p a z ]_w
[_w χ u p i ]_w
[_w ɡ a z e ]_w
[_w d ɔ n ɔ ]_w
[_w a k a t ]_w
[_w t a n ɡ ]_w
[_w b ɔ ʁ i ]_w
[_w ɔ k ɔ h ]_w
[_w d e z ]_w
[_w s a ʔ j ]_w
[_w d a χ ]_w
[_w ɔ i t ]_w
[_w p ɔ ʁ i ]_w
[_w ɡ a d r ]_w
[_w v a r ɡ ]_w
[_w ɡ i l ]_w
[_w u χ d a ]_w
[_w n ɔ p ]_w
[_w u s f i ]_w
[_w χ u p e ]_w
[_w k ɔ ʒ ]_w
[_w b a t ]_w
[_w k a s d ]_w
[_w t ɔ r u ]_w
[_w χ u d ]_w
[_w ɡ e ʃ i ]_w
[_w n ɔ t i ]_w
[_w z e r i ]_w
[_w p ɔ k j ]_w
[_w ɡ a b ]_w
[_w tʃ a n t ]_w
[_w b u d i ]_w
[_w p ɔ n k ]_w
[_w ʃ a v ]_w
[_w s u k t ]_w
[_w b u t i ]_w
[_w m a ɔ ʒ ]_w
[_w ɔ ɡ ɔ z ]_w
[_w ɔ b ɔ t ]_w
[_w t a r u ]_w
[_w s ɔ t i ]_w
[_w t i t ]_w
[_w ɡ a d i ]_w
[_w dʒ u t ɔ ]_w
[_w p ɔ n u ]_w
[_w p ɔ r e ]_w
[_w f r ɔ n ]_w
[_w z z s r ]_w
[_w ɡ ɔ s i ]_w
[_w z a t ɔ ]_w
[_w b ɔ d i ]_w
[_w e h j ɔ ]_w
[_w dʒ u z ]_w
[_w a t ɔ ]_w
[_w r ɵ s i ]_w
[_w ɡ a s b ]_w
[_w v a ɡ t ]_w
[_w p a j n ]_w
[_w f a n dʒ ]_w
[_w t a n ]_w
[_w a s i z ]_w
[_w b i z d ]_w
[_w i ɡ ɔ r ]_w
[_w p ɔ k i ]_w
[_w t ɔ t a ]_w
[_w m ɔ z d ]_w
[_w r u ʃ d ]_w
[_w ʁ a m i ]_w
[_w b i d i ]_w
[_w f z e ]_w
[_w p a n t ]_w
[_w ɡ a h ]_w
[_w r ɔ z j ]_w
[_w p ɔ ɡ i ]_w
[_w a l i v ]_w
[_w d i n ]_w
[_w k ɔ b i ]_w
[_w l ɔ z i ]_w
[_w s p i d ]_w
[_w r u t a ]_w
[_w p a χ n ]_w
[_w ɡ a z i ]_w
[_w ɡ ɔ v ]_w
[_w z a b k ]_w
[_w d i d i ]_w
[_w b i ɡ i ]_w
[_w ɡ u n ]_w
[_w ʁ ɔ n ]_w
[_w h i v z ]_w
[_w t ɔ t u ]_w
[_w r ɵ z ]_w
[_w z a r t ]_w
[_w ɔ n i ]_w
[_w t ɵ z t ]_w
[_w p a χ t ]_w
[_w z ɔ a t ]_w
[_w p i n ]_w
[_w k ɔ t u ]_w
[_w j a ɡ ]_w
[_w χ e dʒ ]_w
[_w d e χ ]_w
[_w n e t ]_w
[_w z a j t ]_w
[_w s i m i ]_w
[_w k a t r ]_w
[_w s u i z ]_w
[_w ʃ ɔ h ]_w
[_w dʒ u d ɔ ]_w
[_w ɡ a j t ]_w
[_w p i s i ]_w
[_w z a b t ]_w
[_w j ɔ t i ]_w
[_w tʃ i s i ]_w
[_w d ɔ r ɔ ]_w
[_w k u z d ]_w
[_w a f ɔ i ]_w
[_w a z t ]_w
[_w i ʃ ɡ i ]_w
[_w d u r i ]_w
[_w p a s ɔ ]_w
[_w d ɔ r ]_w
[_w a z ɔ z ]_w
[_w z a i t ]_w
[_w r ɔ z ]_w
[_w l e t ]_w
[_w m u ʃ d ]_w
[_w b ɔ b i ]_w
[_w a d d ɔ ]_w
[_w χ i v z ]_w
[_w v a n tʃ ]_w
[_w t a ʃ e ]_w
[_w s u χ d ]_w
[_w k i r ]_w
[_w ʃ ɔ ʁ i ]_w
[_w n a f ]_w
[_w ʁ ɔ l i ]_w
[_w m a j i ]_w
[_w ɡ ɔ v i ]_w
[_w s i n ɔ ]_w
[_w ɔ ʒ n ɔ ]_w
[_w f a k d ]_w
[_w b ɔ n k ]_w
[_w b a s ɔ ]_w
[_w ɡ u s t ]_w
[_w d ɵ l i ]_w
[_w p a i ]_w
[_w r ɵ i ]_w
[_w d a ɡ ]_w
[_w ɡ u tʃ ]_w
[_w k a z d ]_w
[_w t u r i ]_w
[_w j e ɡ ɔ ]_w
[_w r a z a ]_w
[_w a s t ]_w
[_w k a z e ]_w
[_w f a q d ]_w
[_w p a h z ]_w
[_w t i r a ]_w
[_w tʃ u t ɔ ]_w
[_w r a ʁ i ]_w
[_w k u m ]_w
[_w b a ʁ d ]_w
[_w b ɔ ʃ ]_w
[_w d e s ]_w
[_w i n χ ɔ ]_w
[_w k i s t ]_w
[_w k u dʒ ]_w
[_w ɡ a j d ]_w
[_w ɡ a r m ]_w
[_w p ɔ z ]_w
[_w χ a ɡ ]_w
[_w tʃ i z i ]_w
[_w i z t i ]_w
[_w ɡ u χ i ]_w
[_w r a s ]_w
[_w r e χ t ]_w
[_w ʒ ɔ χ ]_w
[_w f ɔ j a ]_w
[_w r u s j ]_w
[_w z ɔ t a ]_w
[_w ɔ p i i ]_w
[_w s a j t ]_w
[_w p a j ]_w
[_w i z r ɔ ]_w
[_w t a k ]_w
[_w p ɔ i ]_w
[_w a z p ]_w
[_w d i b ]_w
[_w k ɔ h e ]_w
[_w z a d i ]_w
[_w ʁ i s b ]_w
[_w s u i s ]_w
[_w ɔ t a d ]_w
[_w p ɔ i s ]_w
[_w dʒ i s t ]_w
[_w dʒ i ɡ u ]_w
[_w d i t ]_w
[_w k ɔ t a ]_w
[_w v ɔ t i ]_w
[_w z u l h ]_w
[_w s u l h ]_w
[_w z a χ t ]_w
[_w l e ɡ ]_w
[_w ɡ a ʃ f ]_w
[_w b u t u ]_w
[_w ʁ ɔ n a ]_w
[_w z a n i ]_w
[_w p a χ d ]_w
[_w s u k d ]_w
[_w a n t e ]_w
[_w n a z ]_w
[_w b ɔ t i ]_w
[_w t e s ]_w
[_w d a n t ]_w
[_w q a t r ]_w
[_w d a ɡ j ]_w
[_w f a ɡ d ]_w
[_w p i z d ]_w
[_w z u d j ]_w
[_w p e ʃ a ]_w
[_w tʃ i z e ]_w
[_w j a ɡ e ]_w
[_w z a n k ]_w
[_w s a n k ]_w
[_w ɔ ɡ ɔ i ]_w
[_w ɡ a s p ]_w
[_w ɡ a k ]_w
[_w a d a t ]_w
[_w f ɔ ʒ a ]_w
[_w dʒ ɔ p i ]_w
[_w s a t i ]_w
[_w v i ʃ t ]_w
[_w b a z t ]_w
[_w r u z a ]_w
[_w ʃ a f ]_w
[_w b ɔ p i ]_w
[_w p a j i ]_w
[_w k i z d ]_w
[_w d l j a ]_w
[_w i r z ɔ ]_w
[_w z e p ɔ ]_w
[_w k ɔ χ e ]_w
[_w ɡ ɔ h e ]_w
[_w s u t ]_w
[_w χ ɔ z t ]_w
[_w d ɔ z a ]_w
[_w t i r ]_w
[_w v a q d ]_w
[_w b a h z ]_w
[_w p ɔ χ ]_w
[_w z z z r ]_w
[_w f ɔ z i ]_w
[_w χ ɔ p ]_w
[_w p a χ z ]_w
[_w i z ɔ i ]_w
[_w ʁ a z d ]_w
[_w z ɔ s i ]_w
[_w tʃ i ɡ u ]_w
[_w p a d ]_w
[_w a ʃ ɡ ]_w
[_w ʁ a r b ]_w
[_w t a z t ]_w
[_w t a j i ]_w
[_w ɡ u l u ]_w
[_w v s e ]_w
[_w z i ɡ r ]_w
[_w b e ʒ ]_w
[_w k a m e ]_w
[_w ʁ ɔ tʃ a ]_w
[_w j ɔ t ]_w
[_w ɡ u ʁ i ]_w
[_w h a z ]_w
[_w e d ɔ m ]_w
[_w i p ɔ d ]_w
[_w z ɔ l ]_w
[_w a n k u ]_w
[_w d u s e ]_w
[_w ʁ ɔ t i ]_w
[_w ɡ a t ʔ ]_w
[_w s m m ]_w
[_w χ u p ]_w
[_w v a ɡ d ]_w
[_w ʁ a m a ]_w
[_w t u s e ]_w
[_w l a p ]_w
[_w f i ʒ a ]_w
[_w ʁ a l q ]_w
[_w k u s d ]_w
[_w p r i ]_w
[_w a t a t ]_w
[_w f a ɡ r ]_w
[_w a t a d ]_w
[_w p a s i ]_w
[_w χ a d i ]_w
[_w k i l ]_w
[_w ʁ ɔ n t ]_w
[_w z i n ]_w
[_w p a z e ]_w
[_w ʁ u ʃ k ]_w
[_w ʁ u ʃ ]_w
[_w z a b d ]_w
[_w s ɔ l ]_w
[_w h i n t ]_w
[_w t u l i ]_w
[_w s u t i ]_w
[_w p u r ]_w
[_w a ɡ z i ]_w
[_w tʃ d ɔ ]_w
[_w h i z ]_w
[_w ʁ a k ]_w
[_w f r i t ]_w
[_w ɡ a s d ]_w
[_w tʃ a n k ]_w
[_w ɡ ɵ ʃ ]_w
[_w ɡ a t i ]_w
[_w d a z t ]_w
[_w z ɔ d i ]_w
[_w ɔ d t i ]_w
[_w p a s e ]_w
[_w n ɔ ʁ i ]_w
[_w a z d u ]_w
[_w z a i d ]_w
[_w ʒ a r i ]_w
[_w d ɔ d ]_w
[_w s i d a ]_w
[_w d a ʁ d ]_w
[_w f ɔ t i ]_w
[_w ɡ i r t ]_w
[_w t a n k ]_w
[_w z ɵ i ]_w
[_w h a r f ]_w
[_w s u ɡ d ]_w
[_w b e ʃ a ]_w
[_w p a t ]_w
[_w t a i ]_w
[_w ʒ i r i ]_w
[_w p ɔ r ]_w
[_w ɔ j a d ]_w
[_w p u d u ]_w
[_w ʁ ɔ dʒ a ]_w
[_w a f a s ]_w
[_w t i m i ]_w
[_w s ɔ p i ]_w
[_w dʒ ʃ s ]_w
[_w χ a t i ]_w
[_w t i t i ]_w
[_w b ɔ ɡ ]_w
[_w ʁ u n i ]_w
[_w χ i v s ]_w
[_w z a χ d ]_w
[_w tʃ a ʒ n ]_w
[_w ɔ s e p ]_w
[_w p ɔ i z ]_w
[_w p ɔ t ]_w
[_w ɡ ɔ ʒ ]_w
[_w ʁ ɔ k i ]_w
[_w ʁ a l k ]_w
[_w p u d ]_w
[_w n a s p ]_w
[_w ɡ u dʒ ]_w
[_w z a h ]_w
[_w k a r p ]_w
[_w χ u t ]_w
[_w t u z e ]_w
[_w ʃ ɔ ʁ ]_w
[_w s i t a ]_w
[_w p ɔ s ]_w
[_w n a ʁ ɔ ]_w
[_w f l a t ]_w
[_w k e t i ]_w
[_w ʁ a s t ]_w
[_w ʁ u b e ]_w
[_w ɡ t e ]_w
[_w ʃ ɔ t ]_w
[_w ɡ u ʃ d ]_w
[_w b a s d ]_w
[_w ʁ a ʃ t ]_w
[_w b e z ]_w
[_w d ɔ t u ]_w
[_w v u t ]_w
[_w ʒ a v ]_w
[_w z u i s ]_w
[_w n e ɡ i ]_w
[_w p i r i ]_w
[_w z u χ d ]_w
[_w ɡ a χ ]_w
[_w r a ʃ d ]_w
[_w dʒ ɔ s t ]_w
[_w ɡ ɔ t u ]_w
[_w z a f i ]_w
[_w e dʒ ɔ t ]_w
[_w ʁ a j r ]_w
[_w z i n ɔ ]_w
[_w s i z t ]_w
[_w z u ʁ d ]_w
[_w t ɔ ʃ d ]_w
[_w n i z ]_w
[_w b i t i ]_w
[_w v r i d ]_w
[_w ʁ u r ɔ ]_w
[_w p i d i ]_w
[_w ɡ u l i ]_w
[_w ɡ a ʃ d ]_w
[_w ʁ ɔ d i ]_w
[_w a z b ]_w
[_w ɡ d e ]_w
[_w ʒ a m z ]_w
[_w m u t i ]_w
[_w k a z t ]_w
[_w χ i f s ]_w
[_w k ɔ v ]_w
[_w z s s r ]_w
[_w d ɵ z t ]_w
[_w f i ʃ d ]_w
[_w z ɔ z i ]_w
[_w v a z ]_w
[_w z u r ]_w
[_w s b i t ]_w
[_w z i k r ]_w
[_w t ɔ ʁ i ]_w
[_w r a k z ]_w
[_w k a n t ]_w
[_w ʒ a r h ]_w
[_w i v a z ]_w
[_w p u ʃ ]_w
[_w dʒ ɔ n u ]_w
[_w ɔ p i ]_w
[_w ʁ i tʃ ]_w
[_w b ɔ ʒ i ]_w
[_w f l a d ]_w
[_w a d i p ]_w
[_w ʁ ɔ s i ]_w
[_w ɔ ʁ i r ]_w
[_w ɔ k ɔ ʁ ]_w
[_w ʁ ɔ b i ]_w
[_w ɡ ɔ t ]_w
[_w p ɔ ʒ ]_w
[_w ʁ i s ]_w
[_w ɡ u dʒ ɔ ]_w
[_w ɡ a z b ]_w
[_w ʒ ɔ χ i ]_w
[_w ɡ ɔ d u ]_w
[_w z a n t ]_w
[_w b u t ]_w
[_w z ɔ p i ]_w
[_w t ɔ ɡ ɔ ]_w
[_w ʒ a h r ]_w
[_w r u t i ]_w
[_w n u ʁ ]_w
[_w u ʁ d a ]_w
[_w ɡ a ɡ ]_w
[_w i ʒ ɔ n ]_w
[_w m ɔ ʁ i ]_w
[_w a ʒ k ]_w
[_w z a t i ]_w
[_w ʁ u d ɔ ]_w
[_w n ɔ ʒ i ]_w
[_w ʒ a χ s ]_w
[_w ɔ ʁ ɔ z ]_w
[_w ʁ a v ɔ ]_w
[_w p ɔ ɡ ]_w
[_w ɡ a z d ]_w
[_w h a z t ]_w
[_w b e ʒ i ]_w
[_w b a z e ]_w
[_w i ʒ k i ]_w
[_w k ɔ ʁ i ]_w
[_w ɔ ɡ ɔ ʁ ]_w
[_w z u t i ]_w
[_w m e f a ]_w
[_w χ ɔ p i ]_w
[_w s p i t ]_w
[_w a s ɔ p ]_w
[_w z i t a ]_w
[_w ɡ ɔ z ]_w
[_w a z i z ]_w
[_w tʃ ɔ z t ]_w
[_w k d e ]_w
[_w p a z i ]_w
[_w z p i d ]_w
[_w a ɡ a d ]_w
[_w dʒ ɔ z d ]_w
[_w χ a s d ]_w
[_w ʁ a d i ]_w
[_w b ɔ ʁ ]_w
[_w ʁ ɔ z d ]_w
[_w ʁ i z b ]_w
[_w z u t ]_w
[_w s u ɡ t ]_w
[_w k u ʒ ]_w
[_w χ u ʃ ɡ ]_w
[_w ɡ i z d ]_w
[_w ɵ z t ]_w
[_w d a p i ]_w
[_w ʁ ɔ z a ]_w
[_w a t i p ]_w
[_w ʒ a b i ]_w
[_w p e ʒ ]_w
[_w ʁ a v d ]_w
[_w f a z ]_w
[_w ʁ a t ɔ ]_w
[_w r u ʁ i ]_w
[_w ʁ u b i ]_w
[_w h i v s ]_w
[_w dʒ i z e ]_w
[_w f s e ]_w
[_w a ɡ a t ]_w
[_w v a ɡ r ]_w
[_w ɡ u s d ]_w
[_w p e z ]_w
[_w t a s d ]_w
[_w ʒ a k l ]_w
[_w ʁ ɔ z i ]_w
[_w ɡ i z t ]_w
[_w ʁ a d ɔ ]_w
[_w p u t ]_w
[_w s i v a ]_w
[_w k u ʃ d ]_w
[_w k a ʁ ]_w
[_w n e s d ]_w
[_w z ɔ ʁ d ]_w
[_w ʒ ɔ m i ]_w
[_w ʁ ɔ l ɔ ]_w
[_w ʒ a r q ]_w
[_w ʁ a f t ]_w
[_w r ɔ s d ]_w
[_w ʁ ɔ z ]_w
[_w k i z t ]_w
[_w χ i z p ]_w
[_w t e z ]_w
[_w ɡ e t i ]_w
[_w tʃ a p ]_w
[_w e ʒ ɔ n ]_w
[_w t ɔ t ]_w
[_w z ɔ t i ]_w
[_w χ u ʒ k ]_w
[_w χ ɔ s d ]_w
[_w ɔ p ɔ t ]_w
[_w ʁ u r t ]_w
[_w ʁ a n d ]_w
[_w ʁ ɔ b ]_w
[_w r u p ɔ ]_w
[_w v a n dʒ ]_w
[_w b u ʃ d ]_w
[_w s u ʁ d ]_w
[_w ʁ u t a ]_w
[_w dʒ i z i ]_w
[_w ʃ a ʒ ]_w
[_w d ɔ p i ]_w
[_w d ɔ p e ]_w
[_w χ u p u ]_w
[_w ʁ a t ]_w
[_w ɡ ɔ ʁ i ]_w
[_w a k z ]_w
[_w ʁ ɔ ɡ i ]_w
[_w r a ʁ ]_w
[_w t ɔ p i ]_w
[_w m ɔ z t ]_w
[_w m e ʒ a ]_w
[_w ʁ a l ]_w
[_w p a z t ]_w
[_w ʁ u d i ]_w
[_w ʁ a ɡ ]_w
[_w p a s d ]_w
[_w ɔ ʁ ɔ s ]_w
[_w m u ʁ d ]_w
[_w p a z ɔ ]_w
[_w tʃ i z t ]_w
[_w p u t u ]_w
[_w t a ʁ d ]_w
[_w a ʁ d i ]_w
[_w i ʒ k ]_w
[_w a z t u ]_w
[_w r ɔ ʁ ]_w
[_w χ a ʃ d ]_w
[_w h a s d ]_w
[_w ʁ a r ]_w
[_w z i v a ]_w
[_w dʒ a ʒ n ]_w
[_w p ɔ ʒ i ]_w
[_w n a z p ]_w
[_w ʁ i f s ]_w
[_w i s d a ]_w
[_w ʁ a r dʒ ]_w
[_w z u ɡ t ]_w
[_w ɡ a n t ]_w
[_w d a s d ]_w
[_w ʁ ɔ s ]_w
[_w m ɔ ʁ ]_w
[_w ʁ a n ɡ ]_w
[_w ʁ u d ]_w
[_w ʁ i n t ]_w
[_w ɔ p ɔ d ]_w
[_w ɡ ɔ t a ]_w
[_w z i z t ]_w
[_w ɡ ɔ f ]_w
[_w f u t ]_w
[_w m ɔ s d ]_w
[_w s i s d ]_w
[_w ʁ i f z ]_w
[_w k u ʒ i ]_w
[_w d ɵ s d ]_w
[_w i z t a ]_w
[_w ʁ ɔ k ]_w
[_w ɡ e ʒ i ]_w
[_w ɔ r a ʒ ]_w
[_w u z t ]_w
[_w ɡ u ʒ i ]_w
[_w z u ɡ d ]_w
[_w v i ʒ a ]_w
[_w dʒ a p ]_w
[_w ʁ i s p ]_w
[_w ɡ ɔ ʁ ]_w
[_w z u k d ]_w
[_w k u ʁ i ]_w
[_w ʃ a p u ]_w
[_w a k z i ]_w
[_w ʒ a b ]_w
[_w ʒ ɔ d ]_w
[_w dʒ i z d ]_w
[_w ɡ u ʒ ]_w
[_w i ʒ ɔ r ]_w
[_w a s d ]_w
[_w d u s d ]_w
[_w b u ʒ ]_w
[_w a t a p ]_w
[_w d a ʒ e ]_w
[_w ɡ a z p ]_w
[_w t a ʁ ]_w
[_w ʁ a d ]_w
[_w u ʒ e ]_w
[_w ɔ z e p ]_w
[_w ɡ ɔ t i ]_w
[_w ʒ i r ]_w
[_w p u ʒ ]_w
[_w t u s d ]_w
[_w ɡ a z t ]_w
[_w ʒ a χ z ]_w
[_w k a p ]_w
[_w k a z p ]_w
[_w tʃ ɔ p i ]_w
[_w a z ɔ p ]_w
[_w p e ʒ i ]_w
[_w ɔ t a ʒ ]_w
[_w ɔ p u ]_w
[_w r u ʁ ]_w
[_w t ɔ p e ]_w
[_w t ɔ p ]_w
[_w ʃ a p ]_w
[_w d a ʁ ]_w
[_w ɡ a ʁ ]_w
[_w ʒ a j χ ]_w
[_w r a ʁ ɔ ]_w
[_w ʒ ɔ h i ]_w
[_w ʁ u t ɔ ]_w
[_w d ɔ p ]_w
[_w k u z t ]_w
[_w ʒ a ɡ l ]_w
[_w b i z t ]_w
[_w ʁ a r p ]_w
[_w b e ʒ a ]_w
[_w ʁ i dʒ ]_w
[_w b i s d ]_w
[_w ʁ a l ɡ ]_w
[_w b ɔ p ]_w
[_w p u ʃ d ]_w
[_w ʒ a r k ]_w
[_w ʁ ɔ s a ]_w
[_w ʒ a ʃ ]_w
[_w b a ʁ n ]_w
[_w ʁ a z t ]_w
[_w v i ʃ d ]_w
[_w a p a d ]_w
[_w k ɔ ʁ ]_w
[_w ʒ ɔ h ]_w
[_w k i ʃ d ]_w
[_w ʒ a m s ]_w
[_w ʁ u n ]_w
[_w ʒ a r m ]_w
[_w χ e ʒ ]_w
[_w ʁ a t i ]_w
[_w tʃ i s d ]_w
[_w t u ʒ i ]_w
[_w ʒ ɔ ʁ ]_w
[_w ʁ u ʒ k ]_w
[_w p a ʁ d ]_w
[_w tʃ ɔ s d ]_w
[_w ɡ i ʃ d ]_w
[_w d u ʒ i ]_w
[_w a p a t ]_w
[_w ʒ ɔ d i ]_w
[_w ʒ ɔ m ]_w
[_w ʁ a n k ]_w
[_w t a ʒ e ]_w
[_w k e ʒ i ]_w
[_w u s d ]_w
[_w ʁ ɔ r ]_w
[_w i p ɔ t ]_w
[_w p e ʒ a ]_w
[_w ɡ a p ]_w
[_w z p i t ]_w
[_w ɡ u z t ]_w
[_w s a ʁ d ]_w
[_w ʁ u p ]_w
[_w ʁ i z ]_w
[_w a s d u ]_w
[_w ʁ a s d ]_w
[_w ʁ i v z ]_w
[_w ʒ a r ɡ ]_w
[_w dʒ ɔ z t ]_w
[_w ʒ a b u ]_w
[_w p i s d ]_w
[_w l a p i ]_w
[_w ʁ u p i ]_w
[_w p ɔ p ]_w
[_w z a ʁ d ]_w
[_w ʁ ɔ ɡ ]_w
[_w p ɔ ʁ ]_w
[_w ɡ ɔ p i ]_w
[_w k i s d ]_w
[_w ʁ i v s ]_w
[_w dʒ ɔ p ]_w
[_w ʁ u t i ]_w
[_w ɵ s d ]_w
[_w ʁ ɔ z t ]_w
[_w ʁ a ʃ d ]_w
[_w ʁ a n t ]_w
[_w ɡ i s d ]_w
[_w t ɵ s d ]_w
[_w ʁ ɔ p i ]_w
[_w ʒ ɔ t ]_w
[_w ʒ ɔ t i ]_w
[_w p a ʁ n ]_w
[_w ʁ i z p ]_w
[_w ʒ a p ]_w
[_w ʁ ɔ s d ]_w
[_w dʒ i z t ]_w
[_w ʁ u p u ]_w
[_w ʒ ɔ ʁ i ]_w
[_w ʒ a f ]_w
[_w ʁ u ʒ ]_w
[_w dʒ i s d ]_w
[_w dʒ ɔ s d ]_w
[_w ʒ a p i ]_w
[_w ʁ u p e ]_w
[_w ʁ ɔ p ]_w
[_w ʒ a ʒ ]_w
[_w ʒ a p u ]_w
