[_w m o n o ]_w
[_w t a ʔ ɨ t ]_w
[_w i w a ẽ m i ]_w
[_w k a t u ]_w
[_w i p ɨ t e u ]_w
[_w s a ɡ a ɾ a ]_w
[_w ɨ ʔ w a ɨ a ]_w
[_w e j ɨ p a ]_w
[_w o p ɨ t a i ]_w
[_w w e w e ɡ ]_w
[_w i k a ʔ n a ]_w
[_w ʔ a k e ɾ a ]_w
[_w o ɨ a ɾ u u ]_w
[_w p o a a ]_w
[_w a ʔ ɡ u ]_w
[_w a ʔ u p a p ]_w
[_w ʔ a kʷ a a p ]_w
[_w p e m ɨ̃ i ]_w
[_w p a ɾ a ]_w
[_w i t a o k a ]_w
[_w w a j p ɨ ]_w
[_w o p o a ]_w
[_w a m a ʔ n a ]_w
[_w e ɾ o w i a t ]_w
[_w o s e ]_w
[_w i p ɨ m ĩ ]_w
[_w ɾ e n u p a ɾ a ]_w
[_w m o w ɨ w ɨ a ]_w
[_w i ɨ p ɨ ]_w
[_w n i n e w a ]_w
[_w a j u o w a s e ]_w
[_w m o ɡ ã ʔ ẽ ]_w
[_w o j e m u j a a ]_w
[_w ʔ ɨ w a ]_w
[_w ʔ ɡ ã ]_w
[_w e kʷ a s i a ɾ a ]_w
[_w m ɨ t e a ]_w
[_w k a t u a ]_w
[_w p ẽ ʔ w ɨ ɾ a ]_w
[_w o j e t e ]_w
[_w m a ɾ u p i s i ]_w
[_w e n e ɨ ]_w
[_w e ɾ e m o ɡ o ]_w
[_w w e a p ɨ o ]_w
[_w t a ʔ ɨ ɾ a m ũ ]_w
[_w j e ɾ o ʔ o ]_w
[_w ɨ ɾ ũ n a m ũ ]_w
[_w k a ʔ j a m a ]_w
[_w a u ʔ j a w a ]_w
[_w j a ɾ e j u p ]_w
[_w i ɾ e ]_w
[_w p e o ]_w
[_w s e s a ]_w
[_w t ɨ w e ɾ i ʔ i ]_w
[_w i n u ɡ a ]_w
[_w e j u p ]_w
[_w m u ʔ e ]_w
[_w p e j e n o s ĩ ]_w
[_w n e m i a ɨ u w ]_w
[_w t ɨ w e ɾ a ]_w
[_w p e kʷ a a p ]_w
[_w t e e p a w ]_w
[_w k a w a ]_w
[_w j e w ɨ t ]_w
[_w t e p ɨ t u n ]_w
[_w ɨ ʔ w a ɨ ]_w
[_w i t a ]_w
[_w ʔ ɨ ẽ ʔ ẽ ]_w
[_w m o ɡ ɨ ]_w
[_w ʔ o k ]_w
[_w o ɨ a ɾ u u a ]_w
[_w t ɨ w e a ]_w
[_w a ɾ a w a u ]_w
[_w e ɾ o t e ]_w
[_w j u o ʔ w i ]_w
[_w n u w a ]_w
[_w t ɨ m a ]_w
[_w k ɨ j e i ]_w
[_w i t a ɾ i ]_w
[_w k a j f a s i ]_w
[_w a ɡ o ʔ o ]_w
[_w ɨ ʔ w a ]_w
[_w ʔ w ɨ ɾ ]_w
[_w m o w o ɡ a ]_w
[_w n a p ẽ ]_w
[_w a u ʔ j a k a ]_w
[_w i m o n o i ]_w
[_w e p o ]_w
[_w e e w i ]_w
[_w p e k o ]_w
[_w j u p i w a ɾ a ]_w
[_w e j e ʔ e k ]_w
[_w a m u t e e ]_w
[_w k a s i k a ]_w
[_w ɾ e n u w i ]_w
[_w k a a ɾ a ]_w
[_w a k u j a ]_w
[_w t ɨ w a m ũ ]_w
[_w a m a n a s i ]_w
[_w a p i s a u ]_w
[_w f a a ]_w
[_w t e e w a ɾ a ]_w
[_w ɾ e n u p a ]_w
[_w e ʔ ɨ̃ j n a ]_w
[_w ʔ a ɾ a ]_w
[_w a t a a ]_w
[_w p ɾ a t a ]_w
[_w ɾ ẽ w ẽ j ẽ m ĩ ]_w
[_w k ɾ e k o ]_w
[_w j a ɾ e p o i t ]_w
[_w m u a w a ]_w
[_w t e j e ʔ e k a ]_w
[_w t e ʔ a k ]_w
[_w i m o t e ʔ a a ]_w
[_w s e ɾ i ]_w
[_w t e n a w e ɾ ]_w
[_w e j a ʔ ɨ ɾ a ]_w
[_w ʔ u w a ]_w
[_w t ɨ w e ɾ i ]_w
[_w n e ɾ u a ]_w
[_w ɾ e s a ɡ ]_w
[_w k ĩ ã ]_w
[_w f e ɾ i s i a ]_w
[_w p ẽ n e ɾ a ]_w
[_w e n u p ]_w
[_w i m u a w ]_w
[_w n e u m e ɾ ]_w
[_w f a ɨ u p ]_w
[_w p i ɾ a ]_w
[_w o p i a ɾ a ]_w
[_w a m a ɾ a n ]_w
[_w i f u a ɡ a t ]_w
[_w m u o ɾ ɨ p ]_w
[_w o j e p ɨ p a p ]_w
[_w e ɾ e j e ʔ e k ]_w
[_w i t a j u ]_w
[_w i m a ɾ a k a ]_w
[_w a ɡ o ]_w
[_w i w e w u e ]_w
[_w s i m o n o u ]_w
[_w m a n a ]_w
[_w n e s e p a w ]_w
[_w e a e ʔ e m ]_w
[_w u k u p e ]_w
[_w a p ɨ ɡ ]_w
[_w ɾ e t ɨ k ]_w
[_w a m ũ ]_w
[_w p e p ɨ o ]_w
[_w n u a t a i ]_w
[_w s i m e p ɨ i ]_w
[_w t e k ɨ j e ]_w
[_w o k ɨ j e i ]_w
[_w e ɾ e e n u p a ]_w
[_w n u i ]_w
[_w p e a ]_w
[_w p e m u o ɾ ɨ p ]_w
[_w n a m ĩ ]_w
[_w s i ã o ]_w
[_w m o m e ʔ u ]_w
[_w a ʔ n i ]_w
[_w a m ɨ n e j u ]_w
[_w e a p ɨ o u ]_w
[_w j a ɾ e j e e ]_w
[_w s e ɾ ɡ i u ]_w
[_w a m ũ ʔ ẽ ]_w
[_w n e m i ɾ e ɡ o ]_w
[_w n u w a m ũ ]_w
[_w s i n i ɡ e ɾ a ]_w
[_w a e t ɨ w e t ]_w
[_w f u t a ɾ i ]_w
[_w p ɨ ɨ k a ɾ a ]_w
[_w p e j e j u ɾ u ]_w
[_w n a a p o p a p ]_w
[_w s i n a i ]_w
[_w a u n u k a ]_w
[_w w a m ɨ̃ j a ]_w
[_w m o k ã ʔ j ã u ]_w
[_w kʷ a a p ]_w
[_w ɨ w o p e ʔ i ]_w
[_w a w a w ]_w
[_w i o s o m a ]_w
[_w o p ɨ t u u a ]_w
[_w i n u k a ]_w
[_w kʷ a a w i ]_w
[_w t a ɾ u e n u p ]_w
[_w kʷ a ɡ u w u u ]_w
[_w p ẽ n u a k ]_w
[_w m a t a t e e ]_w
[_w n o ɡ o ]_w
[_w a k o w e ʔ e m ]_w
[_w m o n o i ]_w
[_w o j e o s õ u ]_w
[_w o j o m o ɨ ɡ a ]_w
[_w n o p o j ɾ ũ ]_w
[_w o u ɾ u ]_w
[_w a m o m e ʔ u a ]_w
[_w ɾ e ɾ o o ]_w
[_w e ɾ e e n u w ]_w
[_w j a ɾ e ɾ a ]_w
[_w ʔ ɨ j s i k ]_w
[_w kʷ a ɾ a ]_w
[_w m u ɾ u k a ]_w
[_w e ɾ u a ɾ a ]_w
[_w p e j e j a ɾ a ]_w
[_w ɾ ɨ ɾ ũ a ]_w
[_w p e j u k a u ]_w
[_w p ɨ m ĩ ]_w
[_w i a p o ɾ o m ũ ]_w
[_w i a ɾ ũ ]_w
[_w i w a ẽ m a w ]_w
[_w j a n e ɨ p ɨ a ]_w
[_w m u ɾ u k a ɾ a ]_w
[_w n e p ɨ a u ]_w
[_w n u p i ]_w
[_w w o ɡ a ]_w
[_w ʔ e i ]_w
[_w m o p e n a ]_w
[_w s ẽ t u ]_w
[_w k ũ j ã n a ]_w
[_w a k o ʔ w a u ]_w
[_w a e n ũ i ]_w
[_w ʔ ɨ p õ ʔ õ ũ ũ ]_w
[_w o ɾ o j e w i ]_w
[_w i s ɾ a e u ]_w
[_w n a n u a ɾ ]_w
[_w o j ɨ u u ]_w
[_w e n e ]_w
[_w p e j e m o ɡ ɨ ]_w
[_w ɨ a ɾ u u ]_w
[_w p e u w a ɾ a ]_w
[_w o ɾ o j e w a u ]_w
[_w a p o ɾ a m ũ ]_w
[_w m u e u ]_w
[_w e s a ɡ e i ]_w
[_w j e m o k o u ]_w
[_w kʷ a u k a a ]_w
[_w ɨ ɾ ũ ]_w
[_w a ʔ e ]_w
[_w f e ɾ i s i ɾ i ]_w
[_w ɨ w ɨ ɾ u u ]_w
[_w p e ɾ e ɡ o ]_w
[_w ʔ ɨ m u a w a ]_w
[_w j e ʔ e k ]_w
[_w i p e w a t ]_w
[_w o f ã ]_w
[_w j e ʔ e ɡ ]_w
[_w t e k a p u ɾ u ]_w
[_w a j a ɡ a ]_w
[_w ɾ e n ũ j a m ũ ]_w
[_w kʷ a a w a ]_w
[_w n a e s a k e a ]_w
[_w e a p ɨ o i ]_w
[_w i p ɨ ɾ a a p ]_w
[_w kʷ a p a ]_w
[_w n e ɾ e k o ]_w
[_w n a a n i ]_w
[_w w ɨ ɾ a ]_w
[_w n o p o j ɾ i ]_w
[_w o ɾ o i a ]_w
[_w i t ɨ ɡ u a ɾ a ]_w
[_w ɾ o k a ]_w
[_w w a ɾ a ]_w
[_w j u e ]_w
[_w i j e ʔ ẽ m a w ]_w
[_w j e j e e ]_w
[_w s i m u ]_w
[_w j a n e ɾ e k o ]_w
[_w kʷ a s i a ]_w
[_w o s e j a ]_w
[_w a ɾ u e s a k e ]_w
[_w a p i s a w a ]_w
[_w ɾ u a w e ɾ ]_w
[_w ʔ w a w e ʔ e m ]_w
[_w i m o w ɨ w ɨ a ]_w
[_w n o w a s e ]_w
[_w o p o u ]_w
[_w ʔ u ɾ e ʔ e m ]_w
[_w n e ɾ e t e ]_w
[_w ɾ e m i a p o ]_w
[_w i m i m a ]_w
[_w ʔ a a w e ɾ a w ]_w
[_w t ɾ ĩ t a ]_w
[_w ɨ w a k ]_w
[_w m o t a ʔ w a u ]_w
[_w w e n ũ i ]_w
[_w k a n a ]_w
[_w m o j a ]_w
[_w n e n u p a ]_w
[_w a j e m u ʔ e ]_w
[_w i f a a ]_w
[_w e j e u p e ]_w
[_w a ɨ ɾ a m ũ ]_w
[_w j e ɾ e k o ]_w
[_w kʷ a s i a a ]_w
[_w n i kʷ a a p ]_w
[_w w a p o u ]_w
[_w k o ʔ i ɡ o ʔ i ]_w
[_w p a s i ]_w
[_w k a ʔ j a ]_w
[_w p o a k u w i ]_w
[_w j a kʷ a t a u ]_w
[_w i t a ɨ ʔ a ]_w
[_w ɨ a ɾ u u a ]_w
[_w n e k o ɡ ]_w
[_w p a ʔ w a ]_w
[_w ɾ e s a k ]_w
[_w ɾ e n ɨ ɾ a m ũ ]_w
[_w p e j e k o ɡ a ]_w
[_w a w a w a m ũ ]_w
[_w ɨ w a k a ]_w
[_w m u ɾ a m ũ ]_w
[_w p ɨ t e ɾ ]_w
[_w o ɾ a m ũ ]_w
[_w p e ɾ o o ]_w
[_w i p ɨ t e ɾ ]_w
[_w o j o p ɨ ɨ k ]_w
[_w m a k u ʔ i ]_w
[_w ɨ w ɨ ]_w
[_w kʷ a w ]_w
[_w o m o m e ʔ u ]_w
[_w a e ɨ p ɨ ]_w
[_w o w a ẽ m i ]_w
[_w w e a kʷ a ɾ ]_w
[_w ɾ a ɨ k a u ]_w
[_w ɾ e ɾ u ɾ a w i ]_w
[_w o kʷ a p a ]_w
[_w o ɾ o w a ẽ m a ]_w
[_w p e w a ɾ a ]_w
[_w a j m e ]_w
[_w u k u p e p e ]_w
[_w m ɨ t u n ]_w
[_w a ɨ a ɨ ]_w
[_w p e j e j e a ]_w
[_w ɾ a k ã ]_w
[_w m o ɾ ɨ t e e u ]_w
[_w ɨ s e ]_w
[_w m ũ ʔ j ã u ]_w
[_w m u a ɾ a ]_w
[_w ɾ e ɾ a ]_w
[_w ɾ e s a ɡ e ]_w
[_w k u ɾ a p a s i ]_w
[_w n e k o ]_w
[_w a m u n a ɾ ũ i ]_w
[_w m u e a p ɨ o ]_w
[_w i n e ]_w
[_w i p ɨ m ĩ ã u ]_w
[_w a j a u p i ]_w
[_w t e ɡ o t e e ]_w
[_w ɾ e k o u ]_w
[_w j o t ã u ɨ ]_w
[_w i t a ʔ i ]_w
[_w e j e j u k a i ]_w
[_w o j e u p i ]_w
[_w i p ɨ a u ]_w
[_w m u e s a k ]_w
[_w p ɨ m ĩ a ]_w
[_w ɾ e w e k a m ũ ]_w
[_w a n a s i ]_w
[_w o j e n o s õ u ]_w
[_w n e ɾ a ]_w
[_w j e w ɨ ɾ a ]_w
[_w i m o ʔ j a u ]_w
[_w e ɾ o t i a s ]_w
[_w s a t a n a e u ]_w
[_w o m a ʔ e ]_w
[_w ɨ w a w u j e ]_w
[_w o s o u ]_w
[_w w a t a ]_w
[_w ɾ a ɨ k a ]_w
[_w i ʔ w ɨ ɾ ]_w
[_w n u ʔ a ɾ a ]_w
[_w e n ɨ f u k a ]_w
[_w j e p o a ɾ ]_w
[_w k ũ j ã m e t ]_w
[_w o f e ɾ a ]_w
[_w k u m i ]_w
[_w a t e n a s i ]_w
[_w ɨ w ɨ ɾ i p e ]_w
[_w w a e m a ]_w
[_w ɡ ɨ j e ]_w
[_w a e ɾ a j ɨ ɡ a ]_w
[_w p ɨ ʔ ɾ a u ]_w
[_w p ẽ ʔ e a w e ɾ ]_w
[_w e p ã j ẽ ]_w
[_w ɾ ɨ k u a ɾ a ]_w
[_w n u a p o ]_w
[_w n a m a n a ]_w
[_w i m e ʔ e k ]_w
[_w p e a p o ]_w
[_w e m e p ɨ i ]_w
[_w s i ɾ e n e ]_w
[_w ʔ u w a ɾ e ɾ a ]_w
[_w ɾ e t e e ʔ i ]_w
[_w j a n e ʔ w ɨ ɾ ]_w
[_w i m ɨ̃ j n a ]_w
[_w m u j a a ]_w
[_w o ɨ p i w a m ũ ]_w
[_w f u t a ɾ ]_w
[_w k ɨ n a ]_w
[_w n e ɾ u w a ]_w
[_w t e t ɨ w e ɾ ]_w
[_w m o ʔ w ɨ a ]_w
[_w a ʔ j e ʔ e ɡ a ]_w
[_w t i a k o ]_w
[_w n e m a ]_w
[_w t e e p a p ]_w
[_w ɾ u w a ]_w
[_w e j u a ]_w
[_w i k a ɾ a s i ]_w
[_w k a t u ʔ o ɡ ]_w
[_w i ʔ a ɾ a j w a ]_w
[_w m a ɡ w a w ]_w
[_w a j p o ]_w
[_w w e a ]_w
[_w a i ʔ i ]_w
[_w p e ɾ e s a k i ]_w
[_w o j e ʔ e k ]_w
[_w u ʔ i ]_w
[_w a n a n i a s i ]_w
[_w p a ɾ ã u ]_w
[_w p o ɾ o n u p ]_w
[_w p ã w ẽ n a m ũ ]_w
[_w w a ɾ ã u ]_w
[_w j a ɾ e k o ]_w
[_w i m ɨ ʔ j a w e ]_w
[_w e ɾ a s t o ɾ ]_w
[_w o p ɨ t u n a ]_w
[_w m ɨ t u n a ]_w
[_w u ʔ a m a ]_w
[_w ɾ o w a j a a ]_w
[_w a t o s ]_w
[_w e ɾ e m u t ]_w
[_w ɾ a ɨ ]_w
[_w ʔ a kʷ a a w a ]_w
[_w n a ɡ u e ]_w
[_w j e ɾ e ɾ ]_w
[_w e ɡ o ʔ w o ɡ ]_w
[_w a ʔ ɨ̃ j a ]_w
[_w m a ʔ e a ]_w
[_w u ʔ a m i ]_w
[_w t o j e j u k a ]_w
[_w n e a p ɨ k i ]_w
[_w a f a ɨ u p ]_w
[_w a p i s i ]_w
[_w ʔ j a ɾ a m ũ ]_w
[_w ũ ʔ j ã u ]_w
[_w s a ɾ a t i e u ]_w
[_w a j e ]_w
[_w t e e a ]_w
[_w a j u e a ]_w
[_w i m e p ɨ i ]_w
[_w t e j e u p e ]_w
[_w n e s a k e a ɨ ]_w
[_w p o ɾ e a w u a ]_w
[_w k a ĩ ]_w
[_w p o a ɾ a ]_w
[_w m o m e ʔ u a ]_w
[_w n a j e t e e ]_w
[_w a m u e u ]_w
[_w o ɡ ã ʔ j ã u ]_w
[_w t u w a m ũ ]_w
[_w f e ɾ a p ]_w
[_w ʔ ɨ ɾ e t ]_w
[_w p ɨ t a u ]_w
[_w t ɾ o a t e ]_w
[_w j e ʔ ɨ w a ]_w
[_w w o w a s e ]_w
[_w ɾ o w o k ɨ ʔ a ]_w
[_w ʔ a w ]_w
[_w i a a ɾ a ]_w
[_w p e m ã ʔ ẽ ]_w
[_w ɨ p ɨ t u n ]_w
[_w ʔ u p a p ]_w
[_w e k o ɾ a m ũ ]_w
[_w a ʔ ɨ̃ i ]_w
[_w o w ɨ k a ]_w
[_w i p o p o ɾ i ]_w
[_w p ã j ẽ ]_w
[_w ʔ ɨ p õ ʔ õ ]_w
[_w a k o ]_w
[_w n o ɡ o i ]_w
[_w a p o p ɨ ɾ a ]_w
[_w w a ɡ a ]_w
[_w t u w i u u ]_w
[_w e ɾ e e n u p ]_w
[_w ɾ a i ʔ i ]_w
[_w k a m e ɾ u a ]_w
[_w a m a n ũ ]_w
[_w a j e p e j a ]_w
[_w a m u m e ʔ ɾ i ]_w
[_w o m o n o ]_w
[_w n a m u ɾ i ]_w
[_w e s a u k a a ]_w
[_w ɾ u ɾ a ]_w
[_w o m o k ɨ ]_w
[_w o ɨ p i w e ɾ a ]_w
[_w n a j u e e ]_w
[_w t e a p ɨ o ]_w
[_w a m u t ]_w
[_w n u e s a k ]_w
[_w ɾ e n ũ ʔ j ã u ]_w
[_w o j e w i ]_w
[_w p ẽ j a m ĩ ]_w
[_w m ĩ m e ɾ a ]_w
[_w ʔ u i ]_w
[_w ɾ e n u n e w a ]_w
[_w p ẽ p ɨ t u n a ]_w
[_w k o ɾ o s i ]_w
[_w i ɨ s e ]_w
[_w i m u ã j n a ]_w
[_w k a w a ɾ u u ]_w
[_w ʔ u t ]_w
[_w a m u n a p ]_w
[_w p e j e w a k ]_w
[_w a e t ɨ w e ɾ ]_w
[_w i ʔ a ɾ a m ũ ]_w
[_w o ɡ o u ]_w
[_w n a a p o ]_w
[_w ɾ e n i ]_w
[_w m u k ũ i ]_w
[_w e ɾ u t ]_w
[_w o ɾ o s i ]_w
[_w a m a n ũ m ũ ]_w
[_w t ɨ m ]_w
[_w i ʔ a a ]_w
[_w n a ʔ ɡ ã ]_w
[_w ɾ e ʔ ɾ o k a ]_w
[_w e s a k a m ũ ]_w
[_w p o k u t u k a ]_w
[_w n e u m e ɾ a ]_w
[_w a p e u ]_w
[_w a p o ]_w
[_w e s a ɡ e ]_w
[_w ɾ e n a ]_w
[_w u ʔ a ɾ a ]_w
[_w n e ɡ o ]_w
[_w s i m e p ɨ ]_w
[_w p e ɾ e k o i ]_w
[_w i j a k a ]_w
[_w p ɨ ɨ ɾ ũ i ]_w
[_w a ɡ a ɡ ]_w
[_w a m u ʔ e ]_w
[_w m o j ɨ p a ]_w
[_w ʔ a w a ]_w
[_w a m u a ɾ e ɾ ]_w
[_w t a ɾ u e t e ]_w
[_w e m a u s i ]_w
[_w p e j e w i ]_w
[_w a p o e ʔ e m ]_w
[_w a m ã ʔ j ã u ]_w
[_w ɾ e a ʔ a ɾ i ]_w
[_w e ɾ e k o ]_w
[_w i a p i ʔ n i ]_w
[_w n o ɡ ]_w
[_w a k o t e e ]_w
[_w ɾ a ɨ ɾ a m ũ ]_w
[_w a ɡ a ɡ a ]_w
[_w ẽ s õ f ɨ ɾ i ]_w
[_w j u ɾ u ]_w
[_w p e e n u p a ]_w
[_w n a j e ʔ m e ]_w
[_w ʔ a m a ]_w
[_w o ɾ e j e e ]_w
[_w m o k ɨ a u ]_w
[_w p ɨ a u ]_w
[_w ɾ e j a a ]_w
[_w o j e ɾ o ʔ w u ]_w
[_w j e ɾ o ʔ w u ]_w
[_w a n u k ]_w
[_w i s m a e u ]_w
[_w t e p ɨ t u n a ]_w
[_w p e p o i a ]_w
[_w ʔ e a ]_w
[_w p e m u t ]_w
[_w ʔ ũ i ]_w
[_w o ɡ a ʔ a ʔ i a ]_w
[_w ɾ o w a ẽ m ]_w
[_w e ɾ e e s a ɡ e ]_w
[_w o m o i t ]_w
[_w o p e t e ]_w
[_w w a p ɨ a ]_w
[_w w e n u p a ɾ a ]_w
[_w m a ɾ a n ]_w
[_w p ẽ ɨ p ɨ ]_w
[_w e n ũ j n a ]_w
[_w ʔ e p a w ]_w
[_w ʔ ɡ a ]_w
[_w a ɾ e s ã ɾ i ]_w
[_w m e ʔ e k ]_w
[_w i a p o p ɨ ɨ k ]_w
[_w ɾ o w o ɡ a ]_w
[_w e n e ʔ m e ]_w
[_w m o ɡ ã j n a ]_w
[_w u k a j a ]_w
[_w a w a u w e ]_w
[_w t a j a u ɾ a n ]_w
[_w p e m o n o a ]_w
[_w o j e t ]_w
[_w p e ɾ o o i ]_w
[_w w ĩ t i ]_w
[_w p ẽ n e a ʔ a t ]_w
[_w o j e ʔ e k a ]_w
[_w e n e ɾ e k o ]_w
[_w o j e a p o i ]_w
[_w j e w ɨ a ]_w
[_w ʔ w ɨ ɾ a ]_w
[_w k a t o s ]_w
[_w n e a p ɨ a w a ]_w
[_w ʔ a k ]_w
[_w n e n ũ ʔ j ã u ]_w
[_w a p o a w a ]_w
[_w k ũ j ã n a m ũ ]_w
[_w o j e u p e ]_w
[_w o j a n ɨ ]_w
[_w i s e a ]_w
[_w a k u ɾ a w i ]_w
[_w p e s e ɾ ]_w
[_w p e j e m e n a ]_w
[_w e ɾ a w a u ]_w
[_w a p o e ʔ e m a ]_w
[_w a k a k e ɾ a ]_w
[_w t e j u w a ]_w
[_w ɾ e w i ɾ i ]_w
[_w a f u k a ]_w
[_w o m o m e ʔ u a ]_w
[_w i m u j a a ]_w
[_w e n ũ i ]_w
[_w j a ɾ e m a n ũ ]_w
[_w w a t a u a ]_w
[_w p o a t ]_w
[_w p ɨ ɾ i w a ɾ a ]_w
[_w ɾ e t ɨ k a u ]_w
[_w t u s i ]_w
[_w e k o e t e i ]_w
[_w ɾ o w o k a ]_w
[_w w ẽ j ẽ m ĩ ]_w
[_w o p ɨ t a u ]_w
[_w u ʔ a w a ]_w
[_w ʔ ɨ j a ]_w
[_w p a ɾ a k a ]_w
[_w m u ɾ e ʔ e m ]_w
[_w p õ s i u ]_w
[_w o j e ʔ w ɨ ɾ a ]_w
[_w i kʷ a s i ʔ o ]_w
[_w p ɨ ɨ ɾ ũ m ũ ]_w
[_w i ɡ a ɾ a e m ã ]_w
[_w k o f e ɾ a w ]_w
[_w a j e m u a ẽ m ]_w
[_w n a j t ɨ o k a ]_w
[_w p e e n u w i ]_w
[_w i m o ɡ ɨ t a ]_w
[_w a ɾ u ʔ e ]_w
[_w p o ɨ j u u ]_w
[_w j u k a a ]_w
[_w p e j e p e j a ]_w
[_w j e j u k a ]_w
[_w n e e ]_w
[_w m ĩ n a m ũ ]_w
[_w e p ɨ ]_w
[_w ɾ o kʷ a ɾ a ]_w
[_w a j u e ɾ e k o ]_w
[_w i kʷ a s i a ]_w
[_w p a p a ]_w
[_w ɾ e n u p ]_w
[_w p e j o t ]_w
[_w e j e j u k a ]_w
[_w m o j s e s i ]_w
[_w j a ɨ a ]_w
[_w m u e a ʔ a a ]_w
[_w j e k o ɡ ]_w
[_w a w i ]_w
[_w n o k ɨ j e a ]_w
[_w ɾ e s a ɡ e i ]_w
[_w e n u w ]_w
[_w t u t ]_w
[_w j a n e ]_w
[_w k e n e s a ɡ e ]_w
[_w i m u a ]_w
[_w m u ã j n a ]_w
[_w j e ɾ e k o a ]_w
[_w n e a p ɨ o ]_w
[_w n e e w e ]_w
[_w p ɨ ɨ k ]_w
[_w a a p o ]_w
[_w e t ɨ w e a ]_w
[_w p ɨ p i a u ]_w
[_w o j e e ]_w
[_w e j e p i ]_w
[_w k a n a p e ʔ i ]_w
[_w ɾ e n u p a w a ]_w
[_w n u e s a ɡ ]_w
[_w ɨ w ɨ ɾ u u a ]_w
[_w t a j t ɨ o k a ]_w
[_w o p ɨ m ĩ ã u ]_w
[_w s i m ã o ]_w
[_w e ɾ e o ]_w
[_w e f e s u ]_w
[_w a j p o a ]_w
[_w m ĩ m e ɾ a m ũ ]_w
[_w f u t a t ]_w
[_w t a p ɨ ʔ ɨ̃ j a ]_w
[_w ɾ o w o s õ u ]_w
[_w ɾ e k o ]_w
[_w ʔ o kʷ a ɾ ]_w
[_w o j e ɾ i ]_w
[_w m a m a ʔ e ]_w
[_w o ɾ e ɨ p ɨ a ]_w
[_w t e m ã ʔ ẽ ]_w
[_w t e j ɨ p a ]_w
[_w o ɾ o s e a ]_w
[_w j e w ɨ a w a ]_w
[_w k a m a ]_w
[_w ʔ m i a ɾ a ]_w
[_w n a o j e t e e ]_w
[_w a j a t ɨ k a ]_w
[_w t ɨ̃ ɨ̃ ]_w
[_w e m i ɾ e k o ]_w
[_w o j e w ɨ a ]_w
[_w a m u m e ɾ a ]_w
[_w kʷ a p a w a m ũ ]_w
[_w e ɾ e j e e ]_w
[_w e ɾ o w i a ɾ ]_w
[_w n u e n u w ]_w
[_w t e t ɨ w e ɾ a ]_w
[_w i a u w a n a ]_w
[_w s i ɾ o o ]_w
[_w o m e p ɨ ]_w
[_w s i n i k e ɾ a ]_w
[_w w e ɾ e ɡ o ]_w
[_w p o ɨ j a ]_w
[_w t e ʔ e a ]_w
[_w ʔ o kʷ a ɾ a ]_w
[_w s i m o n o ]_w
[_w a j a m u e i ]_w
[_w s ẽ ɡ ɾ e j a a ]_w
[_w k a s i ]_w
[_w a ɾ a n ]_w
[_w o ɾ e ]_w
[_w n i e n u w i ]_w
[_w i t a u u ]_w
[_w t a p ɨ̃ j a ]_w
[_w e ɾ e kʷ a w ]_w
[_w j e o w e t ]_w
[_w j e j e w i ]_w
[_w ɨ w ɨ t ɨ ɾ ]_w
[_w ɾ e ɾ e k o ]_w
[_w m a ʔ a p e ]_w
[_w k a f a n a ũ ]_w
[_w ʔ a u ]_w
[_w p ẽ ẽ ]_w
[_w e k i t u ]_w
[_w j e ʔ a a ]_w
[_w n o o i ]_w
[_w ʔ a w a m ũ ]_w
[_w a f u t a a ]_w
[_w a j a m u e ]_w
[_w i t ɨ m a ]_w
[_w n e s a k ]_w
[_w f u k u u ʔ i ]_w
[_w p ẽ p i ɾ a a ]_w
[_w p i k i ]_w
[_w m o m ɨ t u n ]_w
[_w k a t o s i ]_w
[_w j e ʔ a kʷ a a w ]_w
[_w m i ɾ a ]_w
[_w i p ɨ u ]_w
[_w i m u ʔ e ]_w
[_w i t a t a a ]_w
[_w p ẽ n u a ɡ ]_w
[_w n e kʷ a w ]_w
[_w m a m a n ũ ]_w
[_w m o k ã ʔ ẽ i ]_w
[_w a ʔ u ]_w
[_w w a ẽ m ]_w
[_w o j e m u j a t ]_w
[_w t u p ã ]_w
[_w p i t o ʔ o m a ]_w
[_w ɾ u ɾ a m a ]_w
[_w j a ɨ t a t a ]_w
[_w p e t a n i ]_w
[_w m u a ]_w
[_w j e e ]_w
[_w a m u m ẽ ]_w
[_w o p a k a ]_w
[_w f a ɾ ]_w
[_w n u a p o i ʔ i ]_w
[_w k ũ j ã m e ɾ a ]_w
[_w p e j e j e w i ]_w
[_w t ɨ w a ɾ e ɾ a ]_w
[_w ɨ w ɨ a ]_w
[_w p e j e j u i ]_w
[_w ʔ j a ɾ a ]_w
[_w n o m o j ɾ i ]_w
[_w k ũ j ã ]_w
[_w o w e w i a u ]_w
[_w n a kʷ a a p ]_w
[_w n e s a k a ]_w
[_w i a p ɨ a u ]_w
[_w m i ɾ e t u ]_w
[_w s ĩ k u ]_w
[_w i ã m a ]_w
[_w i k u ʔ i ]_w
[_w e j e u p ]_w
[_w s e t ẽ t a i ]_w
[_w w e kʷ a w e ɾ ]_w
[_w p e f u t a t ]_w
[_w k a ɾ i ]_w
[_w ɨ w ɨ̃ i ]_w
[_w o w e w e ]_w
[_w ɾ e m i m o n o ]_w
[_w i a ʔ a k a ]_w
[_w o m e n a ]_w
[_w a ɾ a f u t a ɾ ]_w
[_w w a p ɨ a u ]_w
[_w ɾ u a w a m ũ ]_w
[_w kʷ a i ]_w
[_w e n o ɡ i ]_w
[_w p e j e ɨ ]_w
[_w a w a u ]_w
[_w o j ɨ w a ]_w
[_w k ɨ ʔ ɾ i ]_w
[_w i ʔ u i ]_w
[_w t e j a ʔ ɨ ɾ a ]_w
[_w k a n a ã ]_w
[_w ɾ e n u j ã n a ]_w
[_w o p ɨ m ĩ ]_w
[_w ʔ a m a m ũ ]_w
[_w p o j e u p e ]_w
[_w a f u t a ɾ i ]_w
[_w t e w a ẽ m a ]_w
[_w ɾ e n u w a m ũ ]_w
[_w m ũ ʔ ẽ ]_w
[_w a e n u p ]_w
[_w n o ɾ ɨ p ]_w
[_w e s a k ]_w
[_w p ẽ f u e w e t ]_w
[_w m o m a k a ]_w
[_w o w ɨ ]_w
[_w i m u a p ɨ a w ]_w
[_w n a s a ɾ e ]_w
[_w p e a p ɨ o i ]_w
[_w t e k o ]_w
[_w a m u t e e a ]_w
[_w n e p ẽ ]_w
[_w m e e w e ]_w
[_w i m o m o a ]_w
[_w i ʔ w a u ]_w
[_w n a m u k a k a ]_w
[_w m o j e w i ]_w
[_w m a j e p e i ]_w
[_w a j a m u ʔ e a ]_w
[_w o ɾ o kʷ a a p ]_w
[_w o w a ẽ m a ]_w
[_w a a p ɨ ɾ a a p ]_w
[_w i a n u p a w a ]_w
[_w m u ɾ ]_w
[_w o ʔ ɨ w ]_w
[_w o j e ʔ j ã u ]_w
[_w i a p o i ]_w
[_w p e j a m u e ]_w
[_w o w ɨ a ]_w
[_w ʔ j a ]_w
[_w k a ʔ a ɾ i m ũ ]_w
[_w k u ɾ a w i ]_w
[_w e ɾ e a ]_w
[_w p ẽ ʔ w ɨ ɾ i ]_w
[_w w e ɨ m a w ]_w
[_w w a ẽ m a ]_w
[_w j u p i w e ɾ a ]_w
[_w j a ɾ e w a u ]_w
[_w p a ʔ w a u ]_w
[_w ɾ e n ɨ ɾ a ]_w
[_w m o j o ʔ o k i ]_w
[_w e k o ʔ w o ɡ ]_w
[_w t e k o u ]_w
[_w ɾ e s a ɡ e a ]_w
[_w ʔ a ɾ i m ũ ]_w
[_w o k ã ʔ ẽ ]_w
[_w n a n ]_w
[_w p e j e p o i t ]_w
[_w i p i t o ʔ o m ]_w
[_w w e w i ɾ e ɾ a ]_w
[_w w a ʔ ɨ ɾ a ]_w
[_w p e j e o ]_w
[_w a p o a w ]_w
[_w n e ʔ i ]_w
[_w ɾ e s a ɡ i ]_w
[_w a n a ]_w
[_w m o m a p a ]_w
[_w ɾ a ʔ ɨ̃ i ]_w
[_w i a ʔ ɡ w a u ]_w
[_w i j a ɾ a m ũ ]_w
[_w p o j e ]_w
[_w ʔ u p ]_w
[_w t u w i ]_w
[_w a m u n a w a ]_w
[_w i f u t a t e e ]_w
[_w i a p o ]_w
[_w a p i s i ɾ i a ]_w
[_w m u e a p ɨ o i ]_w
[_w n a k ɾ i s t u ]_w
[_w a ɡ o u ]_w
[_w t u s ẽ t u ]_w
[_w a ʔ i ]_w
[_w t e s a ɾ i a ]_w
[_w a ɡ i k o ]_w
[_w m o m e ʔ w a u ]_w
[_w t e n a w a ]_w
[_w e ʔ e a ]_w
[_w o j ɨ p a ]_w
[_w s a u ]_w
[_w e a p o ]_w
[_w m a ɾ t a ]_w
[_w n u p ã i ]_w
[_w a ɾ u ʔ i ]_w
[_w n a ʔ ɡ a ]_w
[_w i m a n ũ m ũ ]_w
[_w p o j ɾ i ]_w
[_w t e a t a u ]_w
[_w j e s e ]_w
[_w s a t u s e u ]_w
[_w w a p ɨ k a ]_w
[_w w a ʔ ɨ ɾ a m ũ ]_w
[_w m e w a ɾ a ]_w
[_w m o n o u ʔ i ]_w
[_w m o k o i ]_w
[_w p e e n u p ]_w
[_w ɾ u p a ]_w
[_w o f e ɾ a w a u ]_w
[_w i j u k a u ]_w
[_w i m u ɾ a m ]_w
[_w p e j e j e e ]_w
[_w p a ɾ a ɡ i ]_w
[_w m a ɾ a ʔ n e ]_w
[_w p e j e j u e e ]_w
[_w p e j e j u k a ]_w
[_w u w a ]_w
[_w p a ʔ e ]_w
[_w k a ʔ a ɾ a n ]_w
[_w j e k u ʔ i ]_w
[_w o j e ɾ e k o ]_w
[_w a p i a ]_w
[_w w e m i a p o i ]_w
[_w e j e m e n a ]_w
[_w ɡ a m e ɾ u a ]_w
[_w n u ɾ a u w e ]_w
[_w j u k a ]_w
[_w p o ʔ o a ]_w
[_w m o m ɨ a u i ]_w
[_w n a k u ɾ a w i ]_w
[_w k u n u m ĩ ]_w
[_w o s e t ]_w
[_w s e t e ]_w
[_w m o ɾ ɨ t e e i ]_w
[_w o j e j u k a i ]_w
[_w p o f a a ]_w
[_w o j e t e e ]_w
[_w o ɾ e ɾ e k o ]_w
[_w p i s i ]_w
[_w o j e j u a ]_w
[_w e e w e ]_w
[_w ʔ ɨ w ]_w
[_w n a ʔ e ]_w
[_w m a ʔ e ]_w
[_w a j a m u ʔ e ]_w
[_w w e ɨ m a w a ]_w
[_w a ɾ u a p o i ]_w
[_w o j e ʔ w ɨ ɾ i ]_w
[_w t e j u a ]_w
[_w t e n a w ]_w
[_w a j e ʔ m e i ]_w
[_w ɾ u ɾ i ]_w
[_w a m u s i p o ]_w
[_w ɾ ɨ j u a p ɨ t ]_w
[_w j a n e ɨ p ɨ ]_w
[_w m o p o a ]_w
[_w j e k o u ]_w
[_w kʷ a t a u ]_w
[_w a w u w u t ]_w
[_w j e ʔ w ɨ ɾ ]_w
[_w ʔ a ɾ a m ũ ]_w
[_w n e n u n e ]_w
[_w p e j o o ʔ o ]_w
[_w w e n ɨ ɾ a ]_w
[_w a u ʔ j e t e ]_w
[_w p ã j ẽ ɾ e t e ]_w
[_w p e j a ]_w
[_w a p o a t ]_w
[_w k ɨ j e ]_w
[_w kʷ a a p a w e ]_w
[_w i f u t a ɾ ]_w
[_w m o p o ɾ i ]_w
[_w m o m ɨ a u ]_w
[_w s i kʷ a ]_w
[_w j a ɾ e k o a ]_w
[_w m o ɡ ɨ t a a w ]_w
[_w t a m o n o i ]_w
[_w n o j e ʔ e k ]_w
[_w ɨ w ɨ t u ]_w
[_w i m ɨ̃ j u k a u ]_w
[_w ɾ o j o ]_w
[_w j e j e a ]_w
[_w m o i a ]_w
[_w m o j e u p e ]_w
[_w j e u p ]_w
[_w p e j e j u p a ]_w
[_w p e j e p ɨ ]_w
[_w p ã w ẽ ]_w
[_w w a j t ɨ u u ]_w
[_w e t e e ]_w
[_w o p o ɾ a m ũ ]_w
[_w i m o k ɨ ]_w
[_w s i e s a k e i ]_w
[_w k o ɾ o m ũ ]_w
[_w a kʷ a s i a ɾ a ]_w
[_w k u n u m ĩ a ]_w
[_w kʷ a j w e t e ]_w
[_w p e j e ʔ e ɡ ]_w
[_w a ʔ e ɾ a u w e ]_w
[_w o w a ẽ m ]_w
[_w a a p ɨ ɾ e t e ]_w
[_w m o n o k a ]_w
[_w e n ũ ʔ j ã u ]_w
[_w j a ɾ e j e a ]_w
[_w kʷ a t u ɾ a m ũ ]_w
[_w ɾ e e w i ]_w
[_w p e ɾ u ɾ a m a ]_w
[_w a m u n i p o ]_w
[_w a j a k a ]_w
[_w w e n u p a ]_w
[_w m e n a ]_w
[_w a n u ]_w
[_w ʔ a ɾ a u w e ]_w
[_w p o j ɾ a m ũ ]_w
[_w s i e n u w ]_w
[_w o p ã j ẽ ]_w
[_w o p e t e u ]_w
[_w o w e w i ɾ i ]_w
[_w t a j t ɨ ]_w
[_w n u e n u w a ]_w
[_w ɾ u ɾ a w ]_w
[_w o ɨ ɾ ɨ ɾ ɨ k ]_w
[_w w e ɡ i ʔ ɨ ɾ a ]_w
[_w o s e a ]_w
[_w i o i ]_w
[_w t e w a u ]_w
[_w ɨ ʔ w a ʔ a a ]_w
[_w ɨ w ɨ ɾ a ]_w
[_w p ẽ n e a ʔ a ɾ ]_w
[_w ʔ a ɾ i ]_w
[_w w e kʷ a w ]_w
[_w i m o n o ]_w
[_w e ɾ u a t a i ]_w
[_w e t e ]_w
[_w ɾ a p ɨ a ]_w
[_w n e p e j a ]_w
[_w n i kʷ a a w i ]_w
[_w a k u ɾ a i ]_w
[_w m i a ɾ a ]_w
[_w m i ɾ e k o ]_w
[_w ʔ ɨ a ]_w
[_w ɾ a p ɨ a ɡ a i ]_w
[_w w e w i ]_w
[_w e m o n o ]_w
[_w o j o t ]_w
[_w j u a ]_w
[_w m u k u ]_w
[_w p i ɾ e ɾ a ]_w
[_w a j a u p e ]_w
[_w m o n o u ]_w
[_w n a e n e ]_w
[_w i j e ʔ ẽ ɾ a n ]_w
[_w m a ɨ ɾ ũ m ũ ]_w
[_w m ĩ m e ɾ ]_w
[_w kʷ a t a u a ]_w
[_w i kʷ a s i a t ]_w
[_w o p o j ɾ i ]_w
[_w ɾ e u m e ɾ a ]_w
[_w j a ɾ u e k a t ]_w
[_w ʔ a ɾ a s i ]_w
[_w ɨ w ɨ ɾ a m ũ ]_w
[_w m e t ɾ o ]_w
[_w e p o a ɾ ]_w
[_w i j a ɾ a ]_w
[_w m o ɡ ɨ i ]_w
[_w j e ɾ a j t ɨ ]_w
[_w ʔ m e ]_w
[_w o m a e n u p ]_w
[_w ɾ a p e s a ɡ ]_w
[_w o m ɨ̃ i ]_w
[_w m o n o a w e t ]_w
[_w o m o ɡ ɨ a u ]_w
[_w u k a w õ ʔ õ ]_w
[_w s ẽ k ]_w
[_w ɾ ɨ k u a ]_w
[_w k u n u m ĩ ũ ũ ]_w
[_w t a e s a k ]_w
[_w ã t i o k i ]_w
[_w j a ɾ e p o i a ]_w
[_w e s a ɡ e a ɨ ]_w
[_w e ɨ ɾ a ]_w
[_w j a n e k ũ a ]_w
[_w n i ʔ m e ]_w
[_w ɨ w ɨ t ɨ ɾ a ]_w
[_w e j e e ]_w
[_w t a j e ]_w
[_w j u a n a ]_w
[_w u ʔ a a ]_w
[_w a k o ɡ a ]_w
[_w ɾ e m i ʔ u a ]_w
[_w m a j ɾ a ʔ m e ]_w
[_w i t ɨ w i ]_w
[_w t a p ɨ ʔ ɨ̃ i ]_w
[_w p ẽ n u w a m ũ ]_w
[_w n e w i ɾ i ]_w
[_w t e p ɨ t u u ]_w
[_w o w e p a ]_w
[_w i m o i a ]_w
[_w s ã ʔ ã ]_w
[_w ʔ w ɨ ɾ i ]_w
[_w ɡ a s i ɡ a t ɨ ]_w
[_w t ɨ w e a w e ɾ ]_w
[_w kʷ a ɾ ẽ t a ]_w
[_w ɾ e ɾ u a ɾ a ]_w
[_w n a ɨ k a u ]_w
[_w j e ɾ e s a ɡ e ]_w
[_w n e n ũ j n a ]_w
[_w o j t o ]_w
[_w i p ɨ ɨ k a ]_w
[_w o s õ u ]_w
[_w o ɨ ɨ j t a ]_w
[_w f u k u i ]_w
[_w k u u ]_w
[_w o ɾ e j e w i ]_w
[_w t a t a a w ]_w
[_w p e p ɨ ɨ k a ]_w
[_w i m o ɡ o i ]_w
[_w i ʔ a ]_w
[_w m a n ũ ]_w
[_w f i ɾ e m õ ]_w
[_w w e a p e ]_w
[_w ɾ e k ɨ j t a ]_w
[_w t e k ɨ j e i ]_w
[_w ɾ u p i w e w e ]_w
[_w ɾ a ʔ u ]_w
[_w n ũ ɾ ã ]_w
[_w n a a ɨ i ]_w
[_w e s a ɡ ]_w
[_w ɾ e kʷ a w ]_w
[_w p ẽ t ɨ w i ]_w
[_w e n ɨ ]_w
[_w m u ɾ a ]_w
[_w ɡ a k a u ]_w
[_w a a p o p a w ]_w
[_w i a p ɨ a k a ]_w
[_w o ɾ o kʷ a ɾ a ]_w
[_w e k o e t e a ]_w
[_w p ɨ a ]_w
[_w j u e j u e e ]_w
[_w n a e s a ɡ ]_w
[_w w a p ɨ a k a ]_w
[_w ɾ e a kʷ a ɾ ]_w
[_w a m a n ũ a ]_w
[_w e j e p o ]_w
[_w w o ɡ ]_w
[_w t u ɾ a m ]_w
[_w s a ɾ u m ã u ]_w
[_w p e j e p o i a ]_w
[_w i ʔ a kʷ a a w i ]_w
[_w n a s o m ]_w
[_w o t o ɾ o o ]_w
[_w w e n u p ]_w
[_w t e p e ʔ j e ]_w
[_w m o w ɨ ɾ i a t ]_w
[_w u ʔ e a w e ɾ ]_w
[_w k o a ]_w
[_w k u ʔ e m ]_w
[_w p e ʔ u ]_w
[_w i t e u ]_w
[_w n a e a p ɨ o ]_w
[_w t ɨ w e ʔ e m ]_w
[_w a ɾ i p a ]_w
[_w a p o a w e t ]_w
[_w n a a j p o a ]_w
[_w t a ɾ u e s a k ]_w
[_w m o k ɨ ]_w
[_w n e ɾ a w a ]_w
[_w i ʔ u ]_w
[_w ɨ w a s i k ]_w
[_w ɨ p i a u ]_w
[_w a m u t a t ]_w
[_w n a ʔ ɨ ɾ a ɨ ]_w
[_w m a j e p e ʔ a ]_w
[_w m ɨ̃ i ]_w
[_w ɾ a p ɨ a u ]_w
[_w e ɾ e j o t ]_w
[_w a p ɨ ɾ a ]_w
[_w ɾ e s a k a ]_w
[_w i a p o a w e ɾ ]_w
[_w a j e ʔ m e ]_w
[_w e w ɨ a ]_w
[_w o j o ʔ o ɡ i ]_w
[_w n u ɾ a ]_w
[_w o ɾ o j e e ]_w
[_w e ɡ o u ]_w
[_w s i e s a ɡ ]_w
[_w ɾ a ɨ a ]_w
[_w ʔ e a w e ɾ a ]_w
[_w i m u a p ɨ t ]_w
[_w i p e ʔ a u ]_w
[_w m a ɡ u ʔ i ]_w
[_w o ɾ o o ]_w
[_w f i ɾ i p o s i ]_w
[_w ɾ u ʔ w ɨ ɾ a ]_w
[_w w e n u n ]_w
[_w k e n e s a k e ]_w
[_w t a ɾ u ʔ e i ]_w
[_w m o k ɨ t a ]_w
[_w o ɾ e ɨ p ɨ ]_w
[_w o ɾ o j e u p i ]_w
[_w m o j e w ɨ a ]_w
[_w n o o a ɾ ũ i ]_w
[_w t a m e p ɨ ]_w
[_w m o s o k a ]_w
[_w p o j e u p a ]_w
[_w f a ɾ a o ]_w
[_w j a s i p i ]_w
[_w n e s a ɡ a m ũ ]_w
[_w p e ɾ e j a ]_w
[_w o ʔ m e ]_w
[_w e ɾ o o ]_w
[_w n e k o a ]_w
[_w i m ũ ʔ j ã u ]_w
[_w n a m a m a n ũ ]_w
[_w n e m i a p o ]_w
[_w i t a j u u ]_w
[_w ɾ ɨ p ɨ t u n a ]_w
[_w w a ɾ a n u w ]_w
[_w t a j a u p i ]_w
[_w p i s i ɾ i ]_w
[_w ɾ e ʔ ã ]_w
[_w ʔ ɨ m u a w ]_w
[_w m o n o a ]_w
[_w n a j t ɨ o ɡ a ]_w
[_w a ʔ j e a ]_w
[_w ʔ ɨ p ]_w
[_w ẽ m i ]_w
[_w j e a p o i ]_w
[_w i o w a j a ɾ a ]_w
[_w t e n i ]_w
[_w i t ɨ m a w a ]_w
[_w i m u o ɾ ɨ w ]_w
[_w a p o u ]_w
[_w o ɾ e ʔ w ɨ ɾ i ]_w
[_w j a m u ʔ e ]_w
[_w ɾ e w e k ]_w
[_w i p o t ɨ ɾ a ]_w
[_w n e k a a ]_w
[_w j ã ʔ n ũ ʔ ũ ]_w
[_w ɾ e p ɨ ɾ i ]_w
[_w e j e ɨ ]_w
[_w i kʷ a a w i ]_w
[_w ʔ a m i ]_w
[_w s e ɾ ]_w
[_w s e ɾ o t e ]_w
[_w o p o i a ]_w
[_w t e p ɨ t a u ]_w
[_w ɾ a a ɾ a ]_w
[_w t u ɾ a m ũ ]_w
[_w e k o ]_w
[_w t a m o n o ]_w
[_w kʷ a a w a m ũ ]_w
[_w w e m i ɾ e k o ]_w
[_w o f e ɾ a w i ]_w
[_w e a w ɨ ɾ ɨ p ]_w
[_w e kʷ a p ]_w
[_w f a ɾ i s e u a ]_w
[_w ɾ e n a w e ɾ ]_w
[_w t e p o ]_w
[_w ɾ a ʔ ɨ ɾ a m ũ ]_w
[_w e ɾ o o i ]_w
[_w a ʔ e t e a ]_w
[_w o j o p ɨ ɨ k a ]_w
[_w p e j e j u a ]_w
[_w n a ɡ ɾ i s t u ]_w
[_w t i t o ]_w
[_w ɾ a ʔ a ɡ a w e ]_w
[_w j e j u i ]_w
[_w p e ʔ j e ]_w
[_w e ɾ e p o i t ]_w
[_w a ɾ u e t e ]_w
[_w m u a p ɨ ɾ a ]_w
[_w p e e n ũ i ]_w
[_w n a ɡ u ɾ a p a ]_w
[_w m o n o a ɾ a ]_w
[_w o ɾ o s o u ]_w
[_w p e a p i s a u ]_w
[_w f a ɾ i s t u ]_w
[_w s e s a ɾ e ]_w
[_w e ɾ o s o u ]_w
[_w j e p ɨ p a p ]_w
[_w a ɡ a t ]_w
[_w o ɾ i w e j ɾ a ]_w
[_w ɨ p ɨ a j e ]_w
[_w e m o m e ʔ ɨ i ]_w
[_w ɾ a p e s a ɡ a ]_w
[_w ɾ e ɾ u a ]_w
[_w a p o a ɾ a ]_w
[_w n a m a m a ʔ e ]_w
[_w e s a ɡ e u ]_w
[_w e j a a ʔ w a ]_w
[_w i p e ]_w
[_w m a ɾ a n a m ũ ]_w
[_w e t e e ʔ i ]_w
[_w m o ɾ ɨ t e e ]_w
[_w e k o e t e ]_w
[_w n a j e j u e ]_w
[_w a u ʔ j e ]_w
[_w e n e i a s i ]_w
[_w ɡ a s i k a ]_w
[_w a n u ɾ e ]_w
[_w j u i ]_w
[_w j e m o k ɨ a u ]_w
[_w ɾ e ɾ o w a ẽ m ]_w
[_w ɨ ʔ w a ʔ ɨ̃ j a ]_w
[_w f u ʔ a m a ]_w
[_w n u e ]_w
[_w p e a p ɨ o u ]_w
[_w ɾ a ɨ ɡ a ]_w
[_w n o w a ẽ m ]_w
[_w e ɾ e ]_w
[_w s i e s a k ]_w
[_w ɾ u ɾ a m ũ ]_w
[_w u ʔ a ɾ i ]_w
[_w a ʔ j e ʔ e ɡ i ]_w
[_w t ɨ w e ʔ e m a ]_w
[_w p e j a m u e i ]_w
[_w k a s i ɡ a ]_w
[_w s a m a ɾ i ]_w
[_w a j e m o ɡ ɨ ]_w
[_w a j a u ɾ a n ]_w
[_w ɨ a ʔ ɾ i ]_w
[_w k a t u i ]_w
[_w n o k a ]_w
[_w ɾ ɨ a ]_w
[_w j e ʔ e ɡ a w ]_w
[_w ɾ a p e ]_w
[_w m o j o ʔ o k a ]_w
[_w o p o ɾ a ]_w
[_w i m o k e u ]_w
[_w f e s i t u ]_w
[_w p e ʔ a u ]_w
[_w t e o ]_w
[_w i ɡ a s i ]_w
[_w a e ɾ a m ũ ]_w
[_w m u ẽ m a ]_w
[_w n a e a ʔ a ɾ i ]_w
[_w i j e ʔ e k ]_w
[_w ʔ j a w ]_w
[_w k u ʔ j ɨ w a ]_w
[_w ʔ e ʔ e m a ]_w
[_w ʔ w ɨ ɾ i a t ]_w
[_w n u a p o i ]_w
[_w s ĩ m ɨ t e ɾ ]_w
[_w t e ʔ ɨ̃ j n a ]_w
[_w e m o m e ʔ u ]_w
[_w m i m a ]_w
[_w e a p ɨ o ]_w
[_w o j e ʔ e ɡ ]_w
[_w m o w o w o k a ]_w
[_w o j o p ɨ p e ]_w
[_w ɾ e k o ʔ w a u ]_w
[_w a m a n ũ i ]_w
[_w s i j u k a i ]_w
[_w p e j e j a u i ]_w
[_w n a e s a k a ]_w
[_w p e ɾ ɡ a m ũ ]_w
[_w w a p e s a k ]_w
[_w ɾ e n ɨ f u k ]_w
[_w u j ã n a ]_w
[_w ɾ e a p e ]_w
[_w a k a p u ɾ u ]_w
[_w ɾ ɨ j u a p i ]_w
[_w p ɨ t a a w ]_w
[_w i ʔ a ɾ a m a ]_w
[_w p i a ɾ a ]_w
[_w e n u ẽ m ]_w
[_w e j u p a ]_w
[_w t o i s ]_w
[_w t o ɾ o o ]_w
[_w ʔ ɨ ẽ ʔ ẽ a ]_w
[_w i m o j ɨ p a ]_w
[_w ɾ a ɡ u e ]_w
[_w ɨ w a s i ɡ a ]_w
[_w i p o j e u p a ]_w
[_w n a ʔ n e ]_w
[_w m u ʔ j a ɾ ]_w
[_w t a ɾ e k o ]_w
[_w k ũ j ã a ]_w
[_w e m e p ɨ a u ]_w
[_w i k a s i k ]_w
[_w s a ɾ a ]_w
[_w o j e j u e e ]_w
[_w e j o t ]_w
[_w a w ɨ̃ j a ]_w
[_w n e k i ʔ ɨ ɾ a ]_w
[_w a e a ]_w
[_w a j a a ]_w
[_w m a m a ʔ e a ɨ ]_w
[_w m a j n a n a ]_w
[_w e s a k a ɾ a ]_w
[_w w e ɾ o o ]_w
[_w p a ɾ a p a s i ]_w
[_w p ɨ ɨ k u k a a ]_w
[_w e s a k a ]_w
[_w n e kʷ a w e ɾ a ]_w
[_w i m o m e ʔ u ]_w
[_w ɾ e ɾ e kʷ a a p ]_w
[_w p e a n u w ]_w
[_w o j e ʔ e ɡ a ]_w
[_w i m o n ɨ k a ]_w
[_w p e kʷ a s i a a ]_w
[_w i m e p ɨ ]_w
[_w o j e j u k a ]_w
[_w m u ʔ a m i ]_w
[_w p ẽ ʔ w ɨ ɾ ]_w
[_w e j e ʔ e k i ]_w
[_w a j a m ũ ]_w
[_w i m u a p ɨ k ]_w
[_w ɨ w ɨ t u u a ]_w
[_w a ɾ a j a p e ]_w
[_w k o k a t u ]_w
[_w i kʷ a ɾ a ]_w
[_w n u p a w ]_w
[_w o ɨ a a p a ]_w
[_w t a m o n o k a ]_w
[_w a p o a ɾ i ]_w
[_w t e i s ]_w
[_w ɾ a ɨ ɡ a u ]_w
[_w a ɨ e ʔ e m ]_w
[_w ɾ e n ũ j n a ]_w
[_w ɾ a a ɾ a n ]_w
[_w t i p e ɾ i a ]_w
[_w o p o a a ɾ a ]_w
[_w a ɡ o t e e ]_w
[_w t a ɾ e t e a ]_w
[_w s e i s ]_w
[_w j o s u e ]_w
[_w t e j e t e ]_w
[_w e s ɾ o m ]_w
[_w j e p ɨ ɾ i ]_w
[_w a m u ʔ e a ]_w
[_w e ʔ e a w e ɾ a ]_w
[_w n a a e ]_w
[_w a ɾ o w i a t ]_w
[_w f e ɾ a ]_w
[_w e t ɨ k ]_w
[_w i a p o i ʔ i ]_w
[_w n i a ʔ w ɨ ɾ i ]_w
[_w e n ũ j a m ũ ]_w
[_w e p ɨ ɾ i ]_w
[_w o j e n o s ĩ ]_w
[_w ɾ a j t ɨ ]_w
[_w n a a j p o ]_w
[_w j e ɾ e s a k e ]_w
[_w p e j e ʔ e ]_w
[_w ɾ o w a s e ]_w
[_w ɾ e p ɨ a u ]_w
[_w m a ɾ a n u w ]_w
[_w a m o ɡ ɨ ]_w
[_w o ɨ m a n i ]_w
[_w w a j t ɨ a ]_w
[_w p o a ɾ e ɾ a ]_w
[_w a k a k ɨ ɾ ũ a ]_w
[_w t ɾ ĩ t a i ]_w
[_w o t ɨ m ]_w
[_w ɨ a u a ]_w
[_w o j e k a i ]_w
[_w m u ʔ e a w e ɾ ]_w
[_w p ã w ẽ a ]_w
[_w t o ɡ o ]_w
[_w a p o a w a m ũ ]_w
[_w o ɡ a ɾ a e m ã ]_w
[_w a j e e ]_w
[_w t o m e ]_w
[_w ɾ e m i ɾ e k o ]_w
[_w i m ɨ̃ j u ɡ a ]_w
[_w a e t ɨ k a ]_w
[_w j e m o ɡ o i ]_w
[_w ʔ a k a w a ɾ ũ ]_w
[_w n o kʷ a a w i ]_w
[_w n i o j e ɾ i ]_w
[_w ʔ a u w a ɾ a ]_w
[_w j a j ɾ o ]_w
[_w e ɡ o ɾ a m ũ ]_w
[_w j e n o s ĩ ]_w
[_w e n o k i ]_w
[_w i a p e s a k i ]_w
[_w ɨ w a k a k a ]_w
[_w i m o t e o ]_w
[_w t e n e ]_w
[_w e j e u p i a ]_w
[_w p e e t ɨ k i ]_w
[_w a m u a ɡ a a ]_w
[_w kʷ a a w u ɡ u u ]_w
[_w ʔ ɨ w e t ]_w
[_w a f u ʔ a m a ]_w
[_w ɾ e ɾ o o i ]_w
[_w a p i a s i ]_w
[_w p ɨ p e w a t ]_w
[_w n a ʔ e i ]_w
[_w ʔ a ɡ e ɾ a ]_w
[_w t e ʔ e a w e ɾ ]_w
[_w a kʷ a s i a t ]_w
[_w n u ɾ i ]_w
[_w s a ɾ a t u ]_w
[_w n a e a ʔ a ɾ a ]_w
[_w a j a a ʔ w a u ]_w
[_w f u k u ]_w
[_w t a ɾ u a p o ]_w
[_w kʷ a ɾ ẽ t a i ]_w
[_w o j e w ɨ a w a ]_w
[_w j e p i ɡ a ]_w
[_w p o j e u p ]_w
[_w m o n ɨ k ]_w
[_w p e j e a ]_w
[_w ɨ p ɨ a ]_w
[_w i m o n o k a ]_w
[_w ɾ e k i ʔ ɨ ɾ a ]_w
[_w e n e ɾ a ]_w
[_w ʔ ũ j n a ]_w
[_w p ɨ t u n a ]_w
[_w m a m u k u ]_w
[_w p ẽ t ɨ w e ɾ ]_w
[_w a ɾ a w a ]_w
[_w o s o u w e ]_w
[_w p o ɾ o m ũ ]_w
[_w ɡ u m i a ]_w
[_w u j a ɾ i ]_w
[_w m o m e ʔ u i ]_w
[_w ʔ ɨ j e p a n a ]_w
[_w t e p ẽ ]_w
[_w ʔ o k a ]_w
[_w ɨ m ã ]_w
[_w a j u e e ]_w
[_w ɾ e n a w a ]_w
[_w w a p ɨ k ]_w
[_w m o m ɨ t u n a ]_w
[_w n u a t a u ]_w
[_w t e m i ʔ u a ]_w
[_w w e a kʷ a ɾ a ]_w
[_w j e s e a ]_w
[_w k a ɾ a e m ã ]_w
[_w m o j o ʔ o ɡ ]_w
[_w t ɨ m a w a ]_w
[_w t e e ]_w
[_w j a ɾ e w a m ũ ]_w
[_w a u ʔ j a ɾ a ]_w
[_w m u k ũ j a ]_w
[_w ɾ e kʷ a w a m ũ ]_w
[_w e j e p o e i ]_w
[_w ɾ e ɾ o w i a t ]_w
[_w a m o k ɨ a u ]_w
[_w k a t u ɾ a m ]_w
[_w ʔ u p a ]_w
[_w o j e p ɨ ]_w
[_w o ɾ e ɨ w ɨ ]_w
[_w n i t ɨ w i ]_w
[_w e k a ɾ a e m ã ]_w
[_w m u ʔ j a u ]_w
[_w ɾ a ʔ n e ]_w
[_w f i ɾ i a ]_w
[_w u j a ɾ ]_w
[_w t a e t u ]_w
[_w a j u e a p ɨ o ]_w
[_w k o f e ɾ a ]_w
[_w m e k i ]_w
[_w a ʔ ɡ w a u ]_w
[_w e a p ɨ a ɡ a ]_w
[_w p e ɾ u t ]_w
[_w a a p o i ]_w
[_w k ɨ n ]_w
[_w i a ɾ ũ m ũ ]_w
[_w ɾ a a p e ]_w
[_w a ʔ e f e ɾ a ]_w
[_w i m o w ɨ a ]_w
[_w i t ɨ p ]_w
[_w p õ t u ]_w
[_w p e j e p o a ]_w
[_w n a m a m ũ ]_w
[_w ɾ o kʷ a p ]_w
[_w n e ɡ o a ]_w
[_w j u ã ]_w
[_w k o ʔ i ]_w
[_w t e p o i t ]_w
[_w i ɾ o ]_w
[_w s e p u ]_w
[_w a p o u k a t ]_w
[_w o ɨ a a p a p ]_w
[_w o j o p o a ]_w
[_w o ɾ o j e u p e ]_w
[_w i m u o ɾ ɨ p ]_w
[_w ɾ u p i a ]_w
[_w ʔ ɨ j s i ɡ ]_w
[_w t a j t ɨ a ]_w
[_w ʔ w ɨ ɾ i a ɾ a ]_w
[_w t a ʔ e ]_w
[_w kʷ a j w e t e e ]_w
[_w a j u e j u e e ]_w
[_w e p ɨ t u n a ]_w
[_w i m ɨ ʔ j a w a ]_w
[_w a j a ]_w
[_w o j e m e n a ]_w
[_w o p o i ɾ ]_w
[_w j e p ɨ ]_w
[_w p ɾ i s i a ]_w
[_w o m o ɡ o u ]_w
[_w a f u ʔ a m ]_w
[_w j a ɾ a m ũ ]_w
[_w m o n o ʔ o k i ]_w
[_w j e p i ]_w
[_w e ɾ o t i a s i ]_w
[_w i kʷ a a w a ]_w
[_w kʷ a ɾ ]_w
[_w j e ʔ e k a ]_w
[_w ɾ e a ʔ a ɾ ]_w
[_w o j e j u i ]_w
[_w t ɨ w ɨ ]_w
[_w k u ʔ e m a ]_w
[_w e j e w ɨ a ]_w
[_w i p e ʔ a ]_w
[_w p ã w ẽ ũ j ẽ ]_w
[_w o p ɨ t u n ]_w
[_w j e ɾ ɨ ]_w
[_w ɨ w a ɡ ]_w
[_w n a m a n ũ ]_w
[_w w e ɾ a ]_w
[_w e ɾ e e s a k i ]_w
[_w n a j e ]_w
[_w ɾ a ʔ ɨ̃ j a ]_w
[_w t a ɡ o ]_w
[_w ɨ w ɨ t u a ]_w
[_w m u e a ʔ a w ]_w
[_w e ɾ u j e w i ]_w
[_w j u ɡ ɨ ɾ a ]_w
[_w i m e n ]_w
[_w f e ɾ i s i ]_w
[_w j e ɾ a ʔ ɨ ɾ a ]_w
[_w t ɨ ʔ a ɾ a ]_w
[_w o ɾ o p ɨ t a u ]_w
[_w a ɾ u e k a t ]_w
[_w ɾ o ʔ o a ]_w
[_w a ɡ a ]_w
[_w o j e w ɨ t ]_w
[_w ɾ a ʔ ɨ ɾ a ]_w
[_w i p i ɾ i ]_w
[_w ɾ e m i m u ɾ a ]_w
[_w i u p i a ]_w
[_w j e m o ɡ ɨ i ]_w
[_w p e ɾ e j o t ]_w
[_w p e ɾ e j e w i ]_w
[_w k ɾ i s t a k u ]_w
[_w f u ʔ a m i ]_w
[_w j e m u j a ɾ a ]_w
[_w ɾ o ʔ o ]_w
[_w t i a ɡ o ]_w
[_w a p o u k a a ]_w
[_w i m ɨ̃ j u k a a ]_w
[_w a m o ɡ o u ]_w
[_w k o ɾ ĩ t u ]_w
[_w p ẽ n e ɡ o ]_w
[_w i ɾ ũ ]_w
[_w a f u ɾ a m ũ ]_w
[_w i m o m e ʔ ɨ i ]_w
[_w u ʔ a t ]_w
[_w n o m o n o i ]_w
[_w p e p o i ɾ ]_w
[_w j o o ʔ o ]_w
[_w n u k a ]_w
[_w m a ɾ a k a ]_w
[_w a m u n a w ]_w
[_w a j u ʔ j a u ]_w
[_w m a n ũ m ũ ]_w
[_w k a a ɾ u p ]_w
[_w ʔ j a w e ʔ e m ]_w
[_w k o n e ɾ i u ]_w
[_w t e p o a ]_w
[_w i m u j a ɾ a ]_w
[_w m o p i k ]_w
[_w p e j e ʔ e k a ]_w
[_w k a ʔ a ɾ ]_w
[_w e m ã ʔ ẽ ]_w
[_w s e w a ]_w
[_w p e p o j ɾ i ]_w
[_w m u k u u ]_w
[_w o m e n e ʔ e a ]_w
[_w i k u e ]_w
[_w s e t ]_w
[_w m u a p ɨ k a ]_w
[_w a ɡ ã ʔ i ]_w
[_w p ẽ ʔ e a ]_w
[_w ɾ e a ]_w
[_w a ʔ a k a ]_w
[_w m u ʔ e u ɡ a a ]_w
[_w e s a ɡ i ]_w
[_w p a s t o ]_w
[_w p e k ɨ j e i ]_w
[_w a p ɨ m ĩ ]_w
[_w ɾ ɨ ɡ u a ]_w
[_w o s o w e ʔ e m ]_w
[_w p a w i ]_w
[_w i t ɨ w e ɾ a ]_w
[_w p e kʷ a s i ʔ o ]_w
[_w w a ẽ m a m ũ ]_w
[_w a p o i ]_w
[_w p ɾ õ s i ]_w
[_w ɾ e ɾ u ʔ a a ]_w
[_w ɾ e ɾ e k o u ]_w
[_w o kʷ a s i a ɾ i ]_w
[_w a ɾ i p a s i ]_w
[_w o m a e n u n a ]_w
[_w o ɾ o s o u w e ]_w
[_w ɾ e ɾ o w i a a ]_w
[_w k u ʔ j ɨ p ]_w
[_w w a p e ]_w
[_w n u m i a ]_w
[_w i m o ɡ ɨ ]_w
[_w s o o ]_w
[_w n a m u t e e ]_w
[_w n u e s a ɡ a ]_w
[_w p e ɾ o w i a ]_w
[_w ɾ e ɡ a a ]_w
[_w m a f u ʔ a m a ]_w
[_w n o kʷ a a p ]_w
[_w a ɾ a j u p a ]_w
[_w a m u t a t e ]_w
[_w j e m u a ẽ m i ]_w
[_w o ɨ ɨ i ]_w
[_w t e m a n ũ ]_w
[_w m o t ɨ p a ]_w
[_w f a ɾ i ]_w
[_w ɾ e k a t ]_w
[_w ʔ o ɡ ]_w
[_w j e f a ɾ u u ]_w
[_w w a e m a m ũ ]_w
[_w a w u a ]_w
[_w o p ã j ẽ a ]_w
[_w n e ɨ m a w ]_w
[_w m o m i k a ]_w
[_w j u k ɨ ɾ a ]_w
[_w m u a w a m ũ ]_w
[_w w a ɾ a n ]_w
[_w f u a k a t u ]_w
[_w j e m u ʔ e i ]_w
[_w m u ɾ i ]_w
[_w a m u ʔ e i ]_w
[_w e m o i t ]_w
[_w p e u ]_w
[_w kʷ a w u ɡ a a ]_w
[_w ɨ a u ]_w
[_w w o k a ]_w
[_w m u ʔ a m a ]_w
[_w a p ɨ ɾ a a w i ]_w
[_w n e s a ɾ ũ n ]_w
[_w p i ɾ ]_w
[_w k u ʔ i ɾ a m ũ ]_w
[_w e n e ʔ e m a ]_w
[_w j a k o ]_w
[_w e ʔ i ]_w
[_w i m u ɾ i ]_w
[_w m o m ɨ ɾ ũ m ũ ]_w
[_w k o ɾ o s o u ]_w
[_w ɾ a ʔ a ɡ a w a ]_w
[_w n a i ʔ i ]_w
[_w m u e s a k e ]_w
[_w k u ɾ a w ]_w
[_w m o ɨ ɨ j t a ]_w
[_w a m u o ɾ ɨ p ]_w
[_w p ẽ k u ʔ i a ]_w
[_w a m ã ʔ ẽ i ]_w
[_w ɾ e s e i ]_w
[_w o ɨ a a p a w a ]_w
[_w ʔ m e ɾ a ]_w
[_w e p ã j ẽ a ]_w
[_w n a kʷ a a p a ]_w
[_w p o a s i ]_w
[_w n e s a k e a ]_w
[_w e ɡ a ɾ a m ũ ]_w
[_w w a j t ɨ ]_w
[_w m a j ɾ a ]_w
[_w m u k a ]_w
[_w a m o n o ]_w
[_w o ɾ o ɨ a a p a ]_w
[_w p e m o m e ʔ u ]_w
[_w m o m ɨ t a w a ]_w
[_w o m o f e ɾ a w ]_w
[_w a ɾ ũ i ]_w
[_w ɾ e p ɨ ]_w
[_w ɡ u ɾ a i ]_w
[_w e s m i ɾ n a ]_w
[_w o f e ɾ a p ]_w
[_w i ɾ ã ã ʔ ã ]_w
[_w k u ɾ a i ]_w
[_w ɾ e j a a ʔ w a ]_w
[_w n u p e ]_w
[_w i ʔ a e ʔ e m ]_w
[_w w e n ɨ ]_w
[_w k a t u u k a a ]_w
[_w a ɾ o w i a ɾ ]_w
[_w i a ʔ a k a w e ]_w
[_w k a ɾ a m a ]_w
[_w t ɨ w e t ]_w
[_w ɾ e s a k e a ]_w
[_w ɾ u p a p ]_w
[_w a p o a ]_w
[_w ɾ ũ i ]_w
[_w t e e w i ]_w
[_w w o k ]_w
[_w a ɡ u ɾ a w a u ]_w
[_w o s e ɾ ]_w
[_w ɨ m a n i ]_w
[_w e m u t ]_w
[_w a e ɾ e t e ]_w
[_w i s a ɡ i ]_w
[_w i k a ɾ a ]_w
[_w m o k a w a u ]_w
[_w n a a p o i ]_w
[_w ɾ e ɾ u ʔ a ɾ ]_w
[_w j a t ɨ k a u ]_w
[_w o m o n o i ]_w
[_w j e j u k a a ]_w
[_w i m o ɡ o ]_w
[_w o ɨ p ɨ ]_w
[_w w e ɾ a w a u ]_w
[_w s i k a ]_w
[_w t u p ]_w
[_w o p o j e ]_w
[_w i ʔ a ɾ i ]_w
[_w e ɾ a w i ]_w
[_w t ɾ e s ]_w
[_w a j e ʔ e ɡ ]_w
[_w a u ʔ j a ɡ a ]_w
[_w p i t o ʔ o m ]_w
[_w ɾ a p ɨ a ɡ a ]_w
[_w t a a p o ]_w
[_w ɨ a ɾ ]_w
[_w ɾ e e ]_w
[_w p i ɾ a ʔ i ]_w
[_w p e p o i t ]_w
[_w j a ɾ e ɾ ]_w
[_w k a s i ɡ ]_w
[_w i m a ɾ a ɡ a ]_w
[_w e ɾ e m o k o u ]_w
[_w j ɨ u u ]_w
[_w a p o e ʔ ẽ w e ]_w
[_w t e ʔ i ]_w
[_w m a a p a p a ]_w
[_w o ɨ w ɨ ]_w
[_w m o m ɨ t a u ]_w
[_w w e a p ɨ o i ]_w
[_w w a ẽ m a u w e ]_w
[_w m e e w e i ]_w
[_w o j e w a ɡ ]_w
[_w p e j e j u e ]_w
[_w p e j o p o a ]_w
[_w n a ɾ u a p o ]_w
[_w s i j u k a ]_w
[_w ɾ e n ɨ ]_w
[_w p e m ã ʔ j ã u ]_w
[_w a ɾ a f u t a t ]_w
[_w k a t u ɾ a m a ]_w
[_w i p ɨ p e ]_w
[_w p e o j e t ]_w
[_w m o ɾ o ɡ a ]_w
[_w t e j e w i ]_w
[_w n e a ]_w
[_w j e ɾ e w a ɾ a ]_w
[_w ẽ m a u w e ]_w
[_w n o j e ʔ w ɨ ɾ ]_w
[_w a u ʔ j e t e e ]_w
[_w o k a ɾ a e m ã ]_w
[_w ʔ ɨ w o t ɨ ɾ a ]_w
[_w i m u ẽ m ]_w
[_w m a ɾ a ]_w
[_w s a t a n a s i ]_w
[_w m u ʔ j a w e ]_w
[_w i m u ɾ a ]_w
[_w o ɾ ɨ p a ]_w
[_w ɾ o m a n ũ m ũ ]_w
[_w a k o ʔ o ]_w
[_w o j e p ɨ k ]_w
[_w a ʔ e ɾ a m ũ ]_w
[_w a p o i t ]_w
[_w k a j n ã ]_w
[_w t ɾ o f i m ũ ]_w
[_w u j ã n a m ũ ]_w
[_w e p o a ]_w
[_w m o j e ɾ e a a ]_w
[_w i m o j ɾ a m ũ ]_w
[_w p e j e ʔ e k ]_w
[_w e s a ɡ a m ũ ]_w
[_w t e s i ɾ ũ a ]_w
[_w p e a p ɨ k i ]_w
[_w a p ɨ k a ]_w
[_w w o ɾ ɨ w a m ũ ]_w
[_w k i s i t ]_w
[_w e w a ]_w
[_w n o ɡ a ]_w
[_w n o o a ɾ a ]_w
[_w n a j a n e ɾ ]_w
[_w a f u k a j a ]_w
[_w n e s a k e ]_w
[_w p ɨ ʔ a ]_w
[_w ʔ e a w e t ]_w
[_w j a ɾ e ɨ p ɨ ]_w
[_w s ĩ kʷ ẽ t a ]_w
[_w t o o ]_w
[_w j a ɾ a ]_w
[_w o m a ʔ e a ]_w
[_w j e ɾ a m ũ ]_w
[_w ɾ e n o s õ u ]_w
[_w o ɾ o w a s e ]_w
[_w n u ʔ a m ]_w
[_w j a ɾ e o ]_w
[_w w e kʷ a w a ]_w
[_w f u a k a ɾ i ]_w
[_w ɨ w ɨ ɾ i a t ]_w
[_w u j a ɾ a ]_w
[_w s i p i ]_w
[_w j e m u ʔ e ]_w
[_w n o j e ʔ a a ]_w
[_w j e ɾ o ʔ o a ]_w
[_w t e ʔ a m a ]_w
[_w j e m o ɡ ɨ a u ]_w
[_w i ɡ a t u ʔ o k ]_w
[_w m e p ɨ a u ]_w
[_w o j e m u a ẽ m ]_w
[_w p ɨ ɨ k i ]_w
[_w n u e s a k a ]_w
[_w t e k o t e e ]_w
[_w w ɨ ɾ o ʔ o ]_w
[_w o j e a p o ]_w
[_w t e u m e ɾ a ]_w
[_w ɾ o m a n ũ a w ]_w
[_w i m e ʔ e k a ]_w
[_w p e ɾ o w i a ɾ ]_w
[_w s e ɾ a m ũ ]_w
[_w ɾ a k u w u u ]_w
[_w p e m o n o i ]_w
[_w k a t u ɾ u ]_w
[_w i a p i s i ]_w
[_w i m o n ɨ k ɨ a ]_w
[_w n ũ i ]_w
[_w ɾ o m a n ũ i ]_w
[_w m o m i ɡ a ]_w
[_w kʷ e ɾ a m ũ ]_w
[_w j e m o k ɨ ]_w
[_w m u a ɾ e ɾ a ]_w
[_w e ɾ e ɡ o u ]_w
[_w o j o m o ɨ k a ]_w
[_w n o ɡ o i ʔ i ]_w
[_w p a s i kʷ a ]_w
[_w ɾ ɨ k u ɾ ]_w
[_w p ẽ n e a p e ]_w
[_w e j e a ʔ ɡ u i ]_w
[_w ʔ w e i ]_w
[_w p e j u p a w e ]_w
[_w t i ɾ o ]_w
[_w n a m u k u ʔ i ]_w
[_w i ɾ ũ a ]_w
[_w e j e p o a ]_w
[_w p e ɾ e j e e ]_w
[_w t e m a n ũ i ]_w
[_w n o kʷ a a p a ]_w
[_w w ã j w ĩ ]_w
[_w ɨ w a t e ]_w
[_w t u a p o i ]_w
[_w t e j e ʔ e ɡ a ]_w
[_w e n e p ã j ẽ a ]_w
[_w e n u ʔ a ɾ ]_w
[_w j a ɾ e j u e ]_w
[_w j a ɾ e ʔ e m ]_w
[_w w a ɾ a m ũ ]_w
[_w o ʔ m e ɾ a ]_w
[_w n e e w e i ]_w
[_w m a s e t o n i ]_w
[_w w e k i ʔ ɨ ɾ a ]_w
[_w j e ɡ o ]_w
[_w i t ɨ k u p e ]_w
[_w e ɾ o f a a ]_w
[_w u ʔ ɨ w ]_w
[_w m o ɾ o k ɨ t a ]_w
[_w n e s a k a m ũ ]_w
[_w ʔ ɨ j s i k a ]_w
[_w a k ɾ i p a s i ]_w
[_w o k a ʔ j a m a ]_w
[_w t a ɾ e ɡ o i ]_w
[_w i ʔ w ɨ ɾ i ]_w
[_w s i ɾ e k o ]_w
[_w m u e a ʔ a ɾ ]_w
[_w a m o n o i ]_w
[_w p e ʔ a a ]_w
[_w o p e ʔ i ]_w
[_w ɾ a p e a ]_w
[_w j e m i m e ]_w
[_w ʔ a ɾ ]_w
[_w e ɾ a w ]_w
[_w a p o w e ʔ e m ]_w
[_w a k a ɡ ɨ ɾ ũ ]_w
[_w j e j e a ʔ ɡ u ]_w
[_w ɾ e s a u k a a ]_w
[_w s ẽ k ɾ e j a ]_w
[_w p i ɾ e j a ]_w
[_w n e kʷ a w e ɾ ]_w
[_w a ɾ u a p o ]_w
[_w m o j o ʔ o k ]_w
[_w a p ɨ ɾ a a p a ]_w
[_w t e j e ʔ e k ]_w
[_w p ɨ a m u ]_w
[_w ʔ a ɾ a s i t u ]_w
[_w w u p a w a m ũ ]_w
[_w o ɾ o kʷ a p a ]_w
[_w a u f e u ]_w
[_w n a ɨ k a ]_w
[_w a j e m o k ɨ ]_w
[_w e n u ʔ a ɾ a ]_w
[_w e ɾ e j a ]_w
[_w ɾ e t ɨ k a i ]_w
[_w t e w a ẽ m ]_w
[_w a p o a w e ɾ ]_w
[_w s a p a p ]_w
[_w p e ɨ s e ]_w
[_w n e ɡ o ɾ a m ũ ]_w
[_w j u n a ]_w
[_w a m a n a m ũ ]_w
[_w ɨ w ɨ ɾ a ʔ i ]_w
[_w o kʷ a s i a ɾ a ]_w
[_w a j e ʔ e k a ]_w
[_w p e ɾ e s a k ]_w
[_w n i a p o ]_w
[_w ʔ ɨ w a ʔ a a ]_w
[_w n a e a p ɨ ɡ a ]_w
[_w p ɨ ɨ k a m ũ ]_w
[_w o j o m e n a ]_w
[_w m ɨ ʔ j a w e ]_w
[_w o j u ɾ u ]_w
[_w ʔ j a w e ]_w
[_w n e n u n ]_w
[_w ɾ e m i ]_w
[_w o m o ɡ ɨ ]_w
[_w o k a m a ]_w
[_w m o ɡ ã ʔ ẽ i ]_w
[_w a ɡ o ʔ w o k a ]_w
[_w m a m ã ʔ ẽ ]_w
[_w n e ɾ ]_w
[_w a p o a ɾ ]_w
[_w a e t ɨ w e ɾ a ]_w
[_w w a p ɨ ɾ a ]_w
[_w s a k e ]_w
[_w p e j e m a n ũ ]_w
[_w ʔ a a w e ɾ ]_w
[_w j a j t a ]_w
[_w p e ɾ o w i a t ]_w
[_w o p o p o t ]_w
[_w w a w a m ũ ]_w
[_w n a j t ɨ ]_w
[_w ʔ j a w a ɾ ũ ]_w
[_w i p i ɾ a ɡ a ]_w
[_w o j e ʔ e ɡ a w ]_w
[_w t e p e ʔ a u ]_w
[_w j ẽ m ĩ ]_w
[_w ɾ e p ɨ a ]_w
[_w n e ɾ o ɡ ]_w
[_w n i e n u p ]_w
[_w a k a k a ]_w
[_w kʷ a w i ]_w
[_w ɾ u w i ]_w
[_w e j e j e e ]_w
[_w t e p ã j ẽ ]_w
[_w u ɾ u w u a ]_w
[_w w e n u n e ]_w
[_w t a ʔ ɨ ɾ a ]_w
[_w o ɾ o kʷ a ɾ ]_w
[_w o w a j a ɾ a ]_w
[_w m a j a w e ]_w
[_w ɨ t ɨ ]_w
[_w t a k o ]_w
[_w i p ã j ẽ a ]_w
[_w m u o ɾ ɨ w i ]_w
[_w i p ɨ p i ɾ a a ]_w
[_w n a j a n e ɾ a ]_w
[_w e ɾ e f u t a ɾ ]_w
[_w n a m u e ]_w
[_w e ɾ a s t o ]_w
[_w o m e p ɨ p a p ]_w
[_w i j e a p o ]_w
[_w t o ɾ o m ũ ]_w
[_w p e e s a ɡ e ]_w
[_w ɾ e a ʔ a ɾ a ]_w
[_w k a s u ɾ u a ]_w
[_w t e s i ɾ ũ ]_w
[_w a m o ɡ o ]_w
[_w ɾ e m ɨ m i n ũ ]_w
[_w m o ɡ ɨ a u ]_w
[_w o j e ʔ e ɡ i ]_w
[_w p o ɡ u t u k a ]_w
[_w w e w e k ]_w
[_w t a j a u i ]_w
[_w ʔ ɨ p e ɨ w a ɾ ]_w
[_w kʷ a s i a t ]_w
[_w j a p e p o i t ]_w
[_w p e j e p ɨ ɾ i ]_w
[_w w e j u e e ]_w
[_w kʷ a k u p a ]_w
[_w a e a k a ɡ ]_w
[_w p e m u ʔ e i ]_w
[_w kʷ a j a m ũ ]_w
[_w n o k ɨ j e ]_w
[_w w a p ɨ a w ]_w
[_w p e m o n o ]_w
[_w e m i ɾ e k o i ]_w
[_w k a w a ɾ u u a ]_w
[_w w e a a ]_w
[_w s a j e m o ɡ o ]_w
[_w i p e ʔ a i ]_w
[_w m a m a ʔ e a ]_w
[_w a m a n ]_w
[_w o j e p ɨ ɾ i ]_w
[_w t o k o ]_w
[_w m o j o ʔ o ɡ a ]_w
[_w ɾ e t ɨ w e t ]_w
[_w j e ɾ e m o n o ]_w
[_w a e t ɨ ɡ ]_w
[_w p ɨ k a ]_w
[_w n o ɡ ɨ j a u ]_w
[_w o j e m u ʔ e ]_w
[_w j e ʔ m e ]_w
[_w j o t ã u ]_w
[_w m a ɡ u ]_w
[_w p e w a ɾ ]_w
[_w f a ɾ i s e u ]_w
[_w j e t ɨ w e ɾ a ]_w
[_w e n e ʔ e m ]_w
[_w a k a p ]_w
[_w w e kʷ a w e ɾ a ]_w
[_w a k ã ʔ i ]_w
[_w ʔ a ɡ e s a ɡ e ]_w
[_w o j e u p i a ]_w
[_w a ɡ u ʔ i ]_w
[_w j e ɾ e a p o ]_w
[_w j a p e ]_w
[_w p ɨ ɨ k a ]_w
[_w a k o t e e ʔ i ]_w
[_w o m e n ]_w
[_w o f e ɾ a p a ]_w
[_w ɡ a t o s i ]_w
[_w ɾ a a p ]_w
[_w u ʔ a ɾ ]_w
[_w t a ɾ u a p o i ]_w
[_w j e ʔ e m ]_w
[_w k ũ j m a ʔ e ]_w
[_w p e j u p a w ]_w
[_w ɾ e w a u ]_w
[_w n o m e p ɨ ]_w
[_w o j e w ɨ ɾ ]_w
[_w m a k u ]_w
[_w a e t ɨ w a ɾ a ]_w
[_w p a p a w a m ũ ]_w
[_w p e k ɨ j t a ]_w
[_w n ũ ʔ ũ ]_w
[_w ɾ a p ɨ ]_w
[_w o p o i t ]_w
[_w i p ɨ ɾ a u w e ]_w
[_w e ɡ o a a ]_w
[_w s i j u k a a ]_w
[_w ʔ a k a w ]_w
[_w s i p o ]_w
[_w ɾ e m i m a ]_w
[_w t ã m ẽ j ẽ ]_w
[_w f ɾ i ɡ i a ]_w
[_w j e ɾ e ɡ o ]_w
[_w k o f e ɾ a p ]_w
[_w i a p ɨ a w e ɾ ]_w
[_w n e s a ɾ i a ]_w
[_w j o p e ]_w
[_w ʔ m i a ɾ o ʔ o ]_w
[_w n a k u e ]_w
[_w p o ɾ e ɾ a ]_w
[_w m a t i a s i ]_w
[_w ɾ o w a ẽ m a ]_w
[_w ɨ w a u ]_w
[_w p e kʷ a p a ]_w
[_w k o ɡ a t u ɾ u ]_w
[_w j e a p o ]_w
[_w m i a m ũ ]_w
[_w w e ɾ e k o ]_w
[_w ɾ ɨ ɾ ũ ]_w
[_w p ẽ ʔ m e ]_w
[_w f e ɾ a w i ]_w
[_w p i ɾ e i ]_w
[_w j u o w a i ]_w
[_w m o m o p o ɡ a ]_w
[_w u ẽ m a ]_w
[_w m a ʔ j a m a ]_w
[_w o j e j u ɡ a ]_w
[_w ɾ o kʷ a p a ]_w
[_w p o j ɾ ũ ]_w
[_w j e m i m a ]_w
[_w o ɾ ɨ p ]_w
[_w o ɡ ɨ j a u ]_w
[_w a e n u n e ]_w
[_w m u a p ɨ t ]_w
[_w ʔ o ɡ a ]_w
[_w n a p o ɾ a m ũ ]_w
[_w w a t a u ]_w
[_w t ɨ w e ɾ ]_w
[_w s e s ẽ t a ]_w
[_w j e ɾ e ɾ a ]_w
[_w n e n e ]_w
[_w j e m u a ẽ m a ]_w
[_w ɨ w a s i k a ]_w
[_w n e ɡ o ɡ a ]_w
[_w ɾ u w a m ũ ]_w
[_w ɾ e m i a ɨ u w ]_w
[_w ʔ ɨ j s i ɡ a ]_w
[_w m a ɡ u ʔ i a ]_w
[_w m o n o ɾ a m ũ ]_w
[_w m i u ]_w
[_w ɾ a a p a ]_w
[_w e p o a ɾ e ɾ a ]_w
[_w a k ã ]_w
[_w o j e ʔ j a w ]_w
[_w p e ɾ u ɾ ]_w
[_w o ɡ a ɾ a ]_w
[_w m o k ɨ i ]_w
[_w p ẽ n e k o ]_w
[_w ɾ u a w ]_w
[_w m u o ɾ ɨ p a ]_w
[_w o k a ʔ j a m ]_w
[_w m i m a w a ]_w
[_w j e m o ɡ ɨ ]_w
[_w a f u a k a ]_w
[_w i m u n e w i ]_w
[_w e ʔ a m a ]_w
[_w o m o f e ɾ a p ]_w
[_w m o s õ u ]_w
[_w p e m ã ʔ ẽ i ]_w
[_w i w a ẽ m a m ũ ]_w
[_w ɾ u a w a ]_w
[_w p o j e ɡ a i ]_w
[_w n e a p ɨ k ]_w
[_w ɾ e m i ʔ u ]_w
[_w e e s a ɡ i ]_w
[_w a p i a u ]_w
[_w a p o a ɾ e ɾ a ]_w
[_w ɾ o ʔ ɨ s a k a ]_w
[_w a k u ɾ a p ]_w
[_w m a t i a s ]_w
[_w j e ʔ e a w e t ]_w
[_w n e s a ɡ e ]_w
[_w j e u p a ]_w
[_w ʔ j a w a ]_w
[_w m u ʔ a t ]_w
[_w m o t ɨ w e ɾ ]_w
[_w o ɾ o j e u p ]_w
[_w ɾ a j a u p e ]_w
[_w t o ɾ o ɡ ɨ t a ]_w
[_w o m e p ɨ a u ]_w
[_w j u p i w a m ũ ]_w
[_w i p i ɾ a ]_w
[_w p ɨ ɾ i ]_w
[_w j e m a n ũ m ũ ]_w
[_w w a ʔ ɨ ɾ a ɨ ]_w
[_w a ʔ u p a ]_w
[_w s a m u e ]_w
[_w m u k u ʔ i u ]_w
[_w j e w ɨ ɾ ]_w
[_w n e a p ɨ a u ]_w
[_w ɾ a ʔ a k a ]_w
[_w o k a ʔ a ]_w
[_w ɾ e ɾ o w ɨ k a ]_w
[_w e n e ɾ a w ]_w
[_w m o f e ɾ a ]_w
[_w m a ɾ u p ]_w
[_w a p ɨ ɨ ɾ ũ m ũ ]_w
[_w m u ẽ m ]_w
[_w a p ɨ ɾ a a p ]_w
[_w ɾ u p a w e ɾ a ]_w
[_w e ɡ o ]_w
[_w n o ɾ e ]_w
[_w w e s a k e ]_w
[_w m u k u i ]_w
[_w i m a t ã u ]_w
[_w e ɾ u p a w a ]_w
[_w j a n ɨ ]_w
[_w ɾ e k a a ]_w
[_w m e p ɨ a a ]_w
[_w e n u ʔ a m a ]_w
[_w ɾ e j a ɾ a ]_w
[_w e ɾ a ]_w
[_w p e j e p ɨ p e ]_w
[_w o m e p ɨ i ]_w
[_w i m o n ɨ ɡ ɨ a ]_w
[_w s i e s a k a ]_w
[_w ɾ e j a ]_w
[_w s i m u o ɾ ɨ p ]_w
[_w ɾ e m i ɾ e ɡ o ]_w
[_w n e p ɨ a ]_w
[_w i p o t e u ]_w
[_w t a ɾ u ʔ i ]_w
[_w j u e u ]_w
[_w s i p i ɾ a ɡ a ]_w
[_w k ĩ ʔ ĩ ]_w
[_w e ɾ u a w a m ]_w
[_w a ʔ e f e ɾ ]_w
[_w e n u p a w a ]_w
[_w o p ɨ ɨ k i ]_w
[_w kʷ a t u ɾ u ]_w
[_w m o ɾ o ɡ ɨ t a ]_w
[_w s a a w i ]_w
[_w ɾ e ɾ u a w ]_w
[_w a e j e ʔ e k ]_w
[_w i m a n ũ ]_w
[_w a s i a ]_w
[_w p e j e kʷ a p ]_w
[_w w e w i ɾ i ]_w
[_w t e t e ]_w
[_w e m u ʔ e ]_w
[_w n u e ɾ o o ]_w
[_w s a u m u ]_w
[_w p ɨ ɨ k a w a ]_w
[_w p e ɾ o w i a a ]_w
[_w n a ɡ o ]_w
[_w a m o i t ]_w
[_w i f u t a ɾ i ]_w
[_w ɨ a ɾ a ]_w
[_w p ẽ t ɨ w e a ]_w
[_w m ɨ ʔ j a w a ]_w
[_w e k o u ]_w
[_w a ɡ o ʔ w o k i ]_w
[_w w e ɾ e kʷ a ɾ a ]_w
[_w n e n u n e w e ]_w
[_w i t a u u a ]_w
[_w a m a n a ]_w
[_w ɾ e ɡ o ]_w
[_w ʔ a ɡ a m ũ ]_w
[_w p ẽ n e a ]_w
[_w o ɡ a ʔ j a m a ]_w
[_w e m i a p o i ]_w
[_w e j e ʔ e k a w ]_w
[_w e ɾ e kʷ a ɾ a ]_w
[_w j a ɾ ũ a ]_w
[_w m i ɾ e k o u ]_w
[_w p ẽ ʔ a w a ]_w
[_w ɾ e t e ]_w
[_w t a ɾ e n a ]_w
[_w a m o m e ʔ ɨ i ]_w
[_w p ɨ t e a ]_w
[_w ɾ a ʔ e ]_w
[_w w ɨ ɾ a ʔ i a ]_w
[_w s a j e j u w a ]_w
[_w ũ ʔ ẽ ]_w
[_w i f u a k a a ]_w
[_w j e ɾ e k o u ]_w
[_w e s a ɡ a ]_w
[_w ɾ e kʷ a t ]_w
[_w kʷ a t a w a ]_w
[_w e n e ɾ o o ]_w
[_w t a ɾ u a p ɨ t ]_w
[_w a t ã u ]_w
[_w o j e p e ʔ j e ]_w
[_w k a n a p e ]_w
[_w a kʷ a s i a a ]_w
[_w ɾ u p i ]_w
[_w t e j e e ]_w
[_w n a ɨ w a ɡ a ]_w
[_w ʔ a ɡ ]_w
[_w ɾ e k o i ]_w
[_w m o j ɾ a ]_w
[_w m u e s a ɡ e ]_w
[_w n a e a ʔ a t ]_w
[_w k a t u ʔ o k ]_w
[_w e j e ʔ e ɡ a ]_w
[_w o ɾ e e ]_w
[_w p o k ]_w
[_w o j e u p ]_w
[_w n e a p ɨ ɡ ]_w
[_w n e ɾ e ɾ a ]_w
[_w n i k u t e m u ]_w
[_w t e w a ẽ m i ]_w
[_w j e ʔ e ɡ a ]_w
[_w t a a p o i ]_w
[_w j u s t o ]_w
[_w kʷ a w a m ũ ]_w
[_w j a n e ɾ e ɾ ]_w
[_w i a ʔ a ɡ a w e ]_w
[_w p e j e w ɨ a ]_w
[_w m u n a ɾ ũ ]_w
[_w ʔ e ɾ a m ũ ]_w
[_w e ɾ e p a ]_w
[_w s a ɡ e ]_w
[_w i m u ɾ ]_w
[_w k u ɾ a p a ]_w
[_w ɨ p ɨ ]_w
[_w ɾ e t ɨ k a ]_w
[_w m a f u ʔ a m ]_w
[_w m o ɡ a w a ]_w
[_w j e ɾ e n ɨ a ]_w
[_w e n e e ]_w
[_w ɾ ɨ j u a p i a ]_w
[_w p ã j ẽ ʔ o ɡ a ]_w
[_w p ɨ p e ]_w
[_w ʔ ɨ w a ɾ e ɾ a ]_w
[_w w a w ]_w
[_w i m o j ɾ i ]_w
[_w ɨ w ɨ t e ɾ ]_w
[_w i m u n e w e ]_w
[_w e m e ]_w
[_w e e s a k ]_w
[_w o j e p ɨ ɾ a ]_w
[_w m o w ɨ ɾ i a ]_w
[_w p e j e j o ɡ ]_w
[_w j u ɾ i u ]_w
[_w t i a t i ɾ a ]_w
[_w kʷ a s i a ɾ i ]_w
[_w w ɨ ɾ o ʔ o a ]_w
[_w p e ɾ e s ]_w
[_w p e f u t a ɾ i ]_w
[_w e s a k e i ]_w
[_w p e j e p o e i ]_w
[_w n u w i ]_w
[_w o p i ɾ ]_w
[_w t a j t ɨ u u ]_w
[_w ʔ e a w e ɾ ]_w
[_w i w a ẽ m a ]_w
[_w ɾ e n u n a ]_w
[_w j u k a u ]_w
[_w w u p a w a ]_w
[_w w a k a ]_w
[_w k u ʔ i ]_w
[_w t ɨ w e a w a ]_w
[_w i ʔ a ɾ a ]_w
[_w ɨ p i w a ɾ a n ]_w
[_w i a n u p ]_w
[_w ɾ e n a w ]_w
[_w ɾ a ʔ n e a ]_w
[_w s e p u ɾ õ ]_w
[_w i m o m o p o a ]_w
[_w o p ɨ ]_w
[_w m o j e ɾ i ]_w
[_w n o k o i ]_w
[_w i ɡ a ɾ a ]_w
[_w m ɨ̃ j n a ]_w
[_w w e ɾ o w i a t ]_w
[_w ʔ ɨ ɾ e t e ]_w
[_w ɡ a ɾ a m ũ ]_w
[_w j e ʔ e k a w ]_w
[_w n e s a ɡ ]_w
[_w f ɾ i k i a ]_w
[_w a ɾ a j w a ]_w
[_w ɨ m a n e ɾ ]_w
[_w s a p a p a ]_w
[_w p e j e ʔ e ɡ i ]_w
[_w t e p ã j ẽ a ]_w
[_w n u p ã u ]_w
[_w w a p o u k a ɾ ]_w
[_w m a ɾ i a ]_w
[_w t a ɾ u e k a t ]_w
[_w o k a ʔ j a m i ]_w
[_w t o m o i t ]_w
[_w i ɡ u e ]_w
[_w o p o ]_w
[_w m u e a ʔ a t ]_w
[_w ɨ w ɨ u ]_w
[_w k u m i a ]_w
[_w j e m u j a t ]_w
[_w o p i a ɾ a m ũ ]_w
[_w m o i ɾ ]_w
[_w w a p ɨ ɡ i ]_w
[_w k a t u ɾ a m ũ ]_w
[_w ɾ e s a ɡ e a ɨ ]_w
[_w j a n e e ]_w
[_w f u k u u ]_w
[_w j e ɨ ]_w
[_w ã t i o ɡ i ]_w
[_w e a p ɨ ɡ a u a ]_w
[_w ɨ p ɨ t u n a ]_w
[_w o j e j u ɾ u ]_w
[_w m u n a ]_w
[_w ɨ w ɨ ɾ a ʔ i a ]_w
[_w o k ɨ j a u ]_w
[_w a a p ɨ ɾ a ]_w
[_w ɡ a t u ɾ a m ũ ]_w
[_w o kʷ a s i a t ]_w
[_w m u a p ɨ k a u ]_w
[_w ɾ e k o ɾ a m ũ ]_w
[_w a p ɨ a ɡ a ]_w
[_w i m o i ɾ ]_w
[_w p e ɾ ẽ i ]_w
[_w n o j e p o e i ]_w
[_w a w a u p a p ]_w
[_w e s a k e ]_w
[_w p e j e s e ]_w
[_w e ɾ e j e ʔ e ɡ ]_w
[_w ɨ w o p e ʔ a u ]_w
[_w j e k o k ]_w
[_w k u ʔ i u ]_w
[_w e m u e a p e ]_w
[_w e j e ʔ e k a ]_w
[_w j e k ɨ j e ]_w
[_w ɾ e n u w ]_w
[_w j u a p ɨ t ]_w
[_w w a ɾ a a ɾ a n ]_w
[_w ɨ p ɨ ɾ a ]_w
[_w e ɡ o ʔ w o k i ]_w
[_w ʔ u ɾ ]_w
[_w m u j a ɾ ]_w
[_w e n u j ã n a ]_w
[_w s i m e ã o ]_w
[_w i kʷ a a p a ]_w
[_w ʔ a ɾ a n ]_w
[_w m a n ũ a ]_w
[_w o t ɨ w e ɾ a ]_w
[_w ʔ a ɾ a j u p a ]_w
[_w w e w i a u ]_w
[_w t e ʔ a a ]_w
[_w e f u ʔ a m a ]_w
[_w p e m u ʔ e ]_w
[_w k a ʔ j a m i ]_w
[_w ɾ e ɾ ]_w
[_w k ɾ a u t i u ]_w
[_w e n u ʔ a m ]_w
[_w ɾ e n u w a ]_w
[_w k o ɾ o s e a ]_w
[_w a k i p u ]_w
[_w i t a a ]_w
[_w j a ɾ e j u w a ]_w
[_w ɨ p i a ]_w
[_w m o m ɨ a u u ]_w
[_w k a ʔ a ]_w
[_w ɾ e a ʔ a t ]_w
[_w n a ɨ w a k a ]_w
[_w p i ɾ e j t a ]_w
[_w ɾ e s a ɡ a ]_w
[_w n e t e a ]_w
[_w e j e a ]_w
[_w o p ɨ ɾ a a w i ]_w
[_w p e a p o i ]_w
[_w ɾ e u m e t ]_w
[_w e s a ɡ a ɾ a ]_w
[_w f u ɾ u k ]_w
[_w o a w e t ]_w
[_w m a m ã ʔ ẽ i ]_w
[_w j a ɾ e j u e e ]_w
[_w a e ɾ e a p e ]_w
[_w a i ʔ i w e ]_w
[_w a m u ʔ a a ]_w
[_w t a m e p ɨ i ]_w
[_w ɨ m a n a m ũ ]_w
[_w n e w i ɾ e ɾ a ]_w
[_w o j e ʔ e a ]_w
[_w m a n ũ a w e ɾ ]_w
[_w e ɾ e ɾ ]_w
[_w a ɡ a k ]_w
[_w e s a k i ]_w
[_w m u k u w a ]_w
[_w t e j e ʔ e ɡ ]_w
[_w ɾ e a kʷ a ɾ a ]_w
[_w m u n e p a ]_w
[_w w e s a k ]_w
[_w s a k a w e ]_w
[_w o p ɨ ɾ e u ]_w
[_w i a ʔ a k a w a ]_w
[_w p e j u k a a ]_w
[_w a kʷ a a p ]_w
[_w i k u ɾ a w a u ]_w
[_w m o j e w ɨ ɾ ]_w
[_w p o a a w a ]_w
[_w s i ɾ i ]_w
[_w f u a ɡ a t ]_w
[_w p o a w e t ]_w
[_w ʔ m e a ]_w
[_w e j a a ]_w
[_w ʔ a a w e ɾ a ]_w
[_w ɨ m a n a ]_w
[_w t u k u ɾ u u ]_w
[_w t e j e ɾ e ɾ a ]_w
[_w w e ɾ o w i a a ]_w
[_w k a t u ʔ o k a ]_w
[_w a ʔ a ɡ a ]_w
[_w t u e ɾ e k o u ]_w
[_w a e n u n e w a ]_w
[_w u p e ]_w
[_w t e k ɨ j t a ]_w
[_w ɾ u ɾ ]_w
[_w o p ɨ t a a w a ]_w
[_w a k u ɾ a w ]_w
[_w m a t a t a ]_w
[_w ɡ a ʔ j a m a ]_w
[_w i ɡ u t u k a ]_w
[_w t e t ɨ w e t ]_w
[_w w e s a ɡ i ]_w
[_w a ɾ u e n u w ]_w
[_w m o j e n u k a ]_w
[_w i m u a w a m ũ ]_w
[_w t ɨ a ɾ a ]_w
[_w j e m u a ẽ m ]_w
[_w a j e m u j a a ]_w
[_w j e s a k a ]_w
[_w e m e p ɨ a w ]_w
[_w o m a m a ʔ e a ]_w
[_w m a e m a ]_w
[_w t ɨ w a p e ]_w
[_w m u a p a p ]_w
[_w i t a t a t e ]_w
[_w j a t ɨ k a ]_w
[_w a m o n o ʔ o k ]_w
[_w p ɨ p i ɾ a ]_w
[_w n a m u t ]_w
[_w k i a p i s a u ]_w
[_w ɾ e ɾ e kʷ a w ]_w
[_w o w a ẽ m a w ]_w
[_w m o k o ]_w
[_w ɾ e ɨ m a w ]_w
[_w e ɾ e ɾ a ]_w
[_w s a j e j u k a ]_w
[_w n a k u ɾ a p a ]_w
[_w m o n ɨ ɡ ɨ a ]_w
[_w p e j e s o u ]_w
[_w a p ɨ k i ]_w
[_w w a ɨ ɾ a m ũ ]_w
[_w i ʔ a kʷ a a p ]_w
[_w n a ɾ u a p o i ]_w
[_w k a ɾ a ]_w
[_w n a ɡ u ɾ a w ]_w
[_w ɨ m a n e ɾ u a ]_w
[_w m a ʔ e a ɨ ]_w
[_w ʔ w ɨ ɾ a m ũ ]_w
[_w ɾ e m i a p o a ]_w
[_w a ɾ e w a ɾ a ]_w
[_w ɾ o ɡ ]_w
[_w i a ʔ a ɡ a ]_w
[_w e p o i a ]_w
[_w a p o p a w ]_w
[_w j a ɾ u e n u p ]_w
[_w ɾ e s a k e ]_w
[_w m a m ã ʔ j ã u ]_w
[_w k a t ɨ ]_w
[_w p a s t o ɾ ]_w
[_w j e k o ]_w
[_w o m a e n u n ]_w
[_w ɾ e s a k e u ]_w
[_w a j u o w a i ]_w
[_w i p ɨ t u n a ]_w
[_w ʔ a w a u ]_w
[_w o kʷ a a w i ]_w
[_w n o j e w ɨ t ]_w
[_w e ɾ i a k ĩ ]_w
[_w m u ʔ e a ]_w
[_w t e u m e ɾ ]_w
[_w n a j e t e ]_w
[_w a u w a n a w a ]_w
[_w p ẽ j e ʔ e m a ]_w
[_w e m ã ʔ j ã u ]_w
[_w p o i ɾ ]_w
[_w a f u t a ɾ ]_w
[_w w e ɾ e kʷ a t ]_w
[_w p ẽ n e a t e e ]_w
[_w p e ɡ o ]_w
[_w m u ʔ e u ɡ a t ]_w
[_w kʷ a k u w u u ]_w
[_w ɨ w a ɡ a ]_w
[_w j e m o ɡ o u ]_w
[_w ɾ e ɾ u ɾ i ]_w
[_w n e s a u k a a ]_w
[_w i m ɨ̃ j u k a ]_w
[_w e j e m u ʔ e ]_w
[_w o ɡ a ʔ j a ]_w
[_w f e ɾ a w ]_w
[_w m a ɾ i ]_w
[_w m a j e p e j a ]_w
[_w ʔ w a ɾ a ]_w
[_w o ɾ o j e w ɨ ɾ ]_w
[_w e ɾ o j ɨ p a ]_w
[_w i f u t a a ]_w
[_w p o j ɾ a ]_w
[_w p e j e a ʔ ɡ u ]_w
[_w a e s a k e ]_w
[_w e n e ɾ o ɡ ]_w
[_w m u n a ɾ ũ i ]_w
[_w a e ɨ p ɨ a w a ]_w
[_w o ɾ o j e u p a ]_w
[_w ɾ a p e s a ɡ i ]_w
[_w i k a ɾ a e m ã ]_w
[_w n e m i a p o i ]_w
[_w e n ɨ f u k ]_w
[_w o p ɨ t a ]_w
[_w k a f a n a ]_w
[_w w a ɾ a n a m ũ ]_w
[_w e kʷ a p a ]_w
[_w k a i o ]_w
[_w e ɾ e ɾ e ɡ o ]_w
[_w o j e p e ʔ a ]_w
[_w m a ʔ j a ]_w
[_w p o a k u w u u ]_w
[_w i ʔ u a ]_w
[_w kʷ a w u k u u ]_w
[_w t e p e e s a k ]_w
[_w u ʔ ɨ w a ʔ a a ]_w
[_w ʔ m e ɾ a m ũ ]_w
[_w t a j t ɨ o ɡ a ]_w
[_w ʔ u a ]_w
[_w e a p ɨ k a k ]_w
[_w k a w a ɾ ũ ]_w
[_w m a n a m ũ ]_w
[_w p ã j ẽ a ]_w
[_w w a p ɨ a ɡ a ]_w
[_w o ɾ e ɾ e ɡ o ]_w
[_w ɾ e n ɨ a ]_w
[_w t e n a s i ]_w
[_w p e k ɨ j e ]_w
[_w m ĩ a ]_w
[_w n e ɾ e ɡ o ]_w
[_w t ɨ w e ɾ e k o ]_w
[_w o j e w ɨ ɾ i ]_w
[_w a ɾ u a p ɨ t ]_w
[_w m o ɨ k a ]_w
[_w a j u k a i ]_w
[_w ɡ ɨ n a ]_w
[_w k a ʔ a ɾ i ]_w
[_w n e s a u k a t ]_w
[_w n u e s a ɡ e ]_w
[_w ɾ e kʷ a w e ɾ ]_w
[_w n e kʷ a w a m ũ ]_w
[_w i ɾ u u kʷ e ]_w
[_w ɾ a ʔ a ɡ a m ũ ]_w
[_w e ɾ i a ]_w
[_w t e n u n e ]_w
[_w n e m i ɾ e k o ]_w
[_w p ɨ t e u ]_w
[_w n a p o ɾ a ]_w
[_w i ʔ a ɾ a n a ]_w
[_w s i ɾ i a ]_w
[_w o p a k ]_w
[_w kʷ a s i ʔ o ]_w
[_w i kʷ a a p ]_w
[_w ʔ j a ɾ e j u e ]_w
[_w m u k ũ i ʔ ĩ ]_w
[_w p o ɡ ]_w
[_w m u ʔ e i ]_w
[_w w o ɾ ɨ w ]_w
[_w j e m i m u ʔ e ]_w
[_w p i ɾ a a ]_w
[_w a ɡ o ɡ a t u ]_w
[_w w e ɾ e w i ]_w
[_w o m o ɡ ɨ t a u ]_w
[_w ɨ ʔ a ]_w
[_w t ɨ w e ɾ a m a ]_w
[_w n u e n u w i ]_w
[_w a m u m e ɾ ]_w
[_w m a ɾ a n a ]_w
[_w n e ɾ o o ]_w
[_w t e ɾ t u ɾ u ]_w
[_w t a ɾ u ʔ a a ]_w
[_w ɾ e n u n e ]_w
[_w f e n i s i a ]_w
[_w w e s a ɡ a ]_w
[_w k a t u ʔ o k i ]_w
[_w ɾ e s a u k a t ]_w
[_w i ɡ u ʔ i ]_w
[_w ʔ ɨ i ]_w
[_w kʷ a ɡ u w a ]_w
[_w e s a u ]_w
[_w kʷ a u ]_w
[_w u ʔ e a w e t ]_w
[_w k a t u ʔ o ɡ a ]_w
[_w a m o i a ɾ a ]_w
[_w t u ɾ i ]_w
[_w ɾ e s a ɡ a ɾ a ]_w
[_w i ɡ o n i ]_w
[_w j e ɡ u ʔ i ]_w
[_w m a n ũ a w ]_w
[_w a p ɨ k ]_w
[_w ɨ w o p e ʔ a ]_w
[_w i s e ]_w
[_w e t ɨ k a i ]_w
[_w n a n u a ɾ a ]_w
[_w s i ɾ i s i a ]_w
[_w i t a t a t e e ]_w
[_w a j e p e ]_w
[_w i m o m e ʔ u a ]_w
[_w i p ɨ t u n ]_w
[_w a j u k a ]_w
[_w n a s i ]_w
[_w t a ɾ u ʔ e ]_w
[_w ɾ e n u ẽ m ]_w
[_w o j e j u e ]_w
[_w ɾ e ɡ ɨ j e ]_w
[_w o p o ɾ i ]_w
[_w a p ɨ ɨ ɾ ũ ]_w
[_w i t a s i k a ]_w
[_w m o n o ʔ o k a ]_w
[_w ɾ a ɡ u w u u ]_w
[_w a m u n a ɾ ũ ]_w
[_w o n ɨ m u n a w ]_w
[_w i ʔ m e ]_w
[_w o j e ʔ ẽ m a w ]_w
[_w n e ɾ e k o i ]_w
[_w ɾ a p ɨ a w a ]_w
[_w ɾ a p ɨ a w ]_w
[_w ɾ o m a n ũ ]_w
[_w p a p a w e ]_w
[_w p ɨ ɡ a u ]_w
[_w e j e ʔ e a ]_w
[_w p a n a p e ]_w
[_w m o m o a ]_w
[_w n a m u t a t ]_w
[_w w a w a ]_w
[_w i ʔ a ɾ a u w e ]_w
[_w t a m u o ɾ ɨ p ]_w
[_w ʔ a k a w a ]_w
[_w w e s a k a ɾ a ]_w
[_w j u ɡ a u k a ɾ ]_w
[_w i w e w e ]_w
[_w o ɨ p i w a ɾ a ]_w
[_w kʷ a n ũ ]_w
[_w n e t e e t e a ]_w
[_w ʔ a u w a n a ]_w
[_w e n u n ]_w
[_w t ɨ w i ʔ i ]_w
[_w u ẽ m ]_w
[_w n a ʔ ɨ w a ]_w
[_w j e m a ʔ e a ]_w
[_w w ɨ ɾ a m ũ ]_w
[_w i p ã j ẽ ]_w
[_w a p e ]_w
[_w ɾ e kʷ a w e ɾ a ]_w
[_w o p a ɡ a ]_w
[_w ʔ a a w e t ]_w
[_w p e ɾ u ɾ a m ]_w
[_w j e ɾ e ɾ e ɡ o ]_w
[_w m u a p ɨ k i ]_w
[_w n e ɡ i ʔ ɨ ɾ a ]_w
[_w m a ɾ a ɡ o u ]_w
[_w n a e n ũ i ]_w
[_w t ɨ m a w ]_w
[_w t a m u t ]_w
[_w ɾ a ʔ ɨ ɾ ]_w
[_w j a ɨ ]_w
[_w a u ʔ j a u ]_w
[_w s a j e j u i ]_w
[_w a ɡ o ʔ w o k ]_w
[_w p e s e p u ɾ õ ]_w
[_w o ʔ m e ɾ a m ũ ]_w
[_w m a ɾ a ɡ a ]_w
[_w a n u p ]_w
[_w w e j u e ]_w
[_w kʷ a w u k a a ]_w
[_w ɾ e n u j ã n ]_w
[_w n a n a ɾ ũ i ]_w
[_w n u p ã n a m ũ ]_w
[_w n u p a w e ]_w
[_w ʔ j a u ]_w
[_w ɾ e ɾ e ɡ o i ]_w
[_w a t e ]_w
[_w p e ɾ u a ]_w
[_w i ɡ a ʔ n a ]_w
[_w p e a p i s i ]_w
[_w n u m i a m ũ ]_w
[_w p o a ]_w
[_w m u n a w a ]_w
[_w e j u p a w a ]_w
[_w n a f i t a ɾ i ]_w
[_w ʔ w a u ]_w
[_w n u ɾ a m ũ ]_w
[_w m a j a w e ɾ ]_w
[_w n a j u e a ]_w
[_w ɾ e n u ẽ m a ]_w
[_w n o s e i ]_w
[_w t a e s a k e ]_w
[_w i m u a p ɨ ɾ a ]_w
[_w o ɾ e ʔ w ɨ ɾ ]_w
[_w ɾ e ɾ e kʷ a ɾ a ]_w
[_w e n e p o ]_w
[_w e m o m e ʔ u i ]_w
[_w ɾ e n ɨ f u k a ]_w
[_w o j e p ɨ t a i ]_w
[_w k a w a ɾ u ʔ i ]_w
[_w p ẽ ʔ a w a m ũ ]_w
[_w e n u n a ]_w
[_w j a n e j a ɾ a ]_w
[_w ɨ ɾ ũ a ]_w
[_w a ʔ ɡ u i ]_w
[_w j e j e ʔ w ɨ ɾ ]_w
[_w a ʔ e t e ]_w
[_w f u t a ɾ e ɡ o ]_w
[_w a kʷ a a p a ]_w
[_w t i k i ɡ u ]_w
[_w m o m o p o ɾ i ]_w
[_w p ẽ n o ɾ ɨ w i ]_w
[_w o ɾ o w ɨ k ɨ ]_w
[_w e ɾ e f u t a t ]_w
[_w a ʔ e ɾ a m a ]_w
[_w a e a ɡ a ɡ a ]_w
[_w m e ʔ e ɡ a ]_w
[_w kʷ a j a m u ʔ e ]_w
[_w a ɡ i ɡ o ]_w
[_w j u a p ɨ k a ]_w
[_w e j e u p a ]_w
[_w kʷ a ɡ u p a ]_w
[_w o p o a ɾ ]_w
[_w o kʷ a a p ]_w
[_w p ẽ n o ɾ ɨ p ]_w
[_w a j u k a a ]_w
[_w o kʷ a a p a ]_w
[_w n o m ɨ̃ i ]_w
[_w t a j a u p e ]_w
[_w n o w e w i ]_w
[_w o j o ʔ o k a ]_w
[_w k u n u m ĩ ʔ ĩ ]_w
[_w m u n e w a ]_w
[_w a ɾ i s e u a ]_w
[_w ʔ a ɾ a n a m ũ ]_w
[_w k o ɾ o m o n o ]_w
[_w i m o m e ʔ u i ]_w
[_w a u w a n a ]_w
[_w ʔ ẽ i ]_w
[_w m o k a w a ]_w
[_w a t a ]_w
[_w s a j e m o ɡ ɨ ]_w
[_w e ɡ o e t e ]_w
[_w m o ɡ o ]_w
[_w j a ɡ o ]_w
[_w m o k o i ʔ i ]_w
[_w m o j e w a ɡ a ]_w
[_w n i o w e ɾ i ]_w
[_w m o ɡ ã ʔ j ã u ]_w
[_w m u n e w e ]_w
[_w o ɨ a a p a ɾ a ]_w
[_w a ʔ j e ʔ e a ]_w
[_w o j e j a ɡ a ]_w
[_w n e ɾ e ɾ e k o ]_w
[_w o ɾ o j e w ɨ a ]_w
[_w n a a j p o ɾ a ]_w
[_w n o w a ẽ m a ]_w
[_w t o m o n o ɡ a ]_w
[_w e t ɨ ɡ ]_w
[_w i p ɨ p e w a ɾ ]_w
[_w p ẽ t ɨ w e t ]_w
[_w i kʷ a a w ]_w
[_w ɾ o kʷ a a p ]_w
[_w p e kʷ a s i a t ]_w
[_w t e j e t e e ]_w
[_w ɾ e t ɨ k i ]_w
[_w e a e ʔ e m a ]_w
[_w i s a p e u ]_w
[_w s a a ʔ e ]_w
[_w p e j u k a ]_w
[_w ɨ p ɨ ɾ a m ũ ]_w
[_w e n ɨ w ɨ t u ]_w
[_w u ʔ a m ]_w
[_w e ɾ e m ũ ʔ ẽ ]_w
[_w a k a w e w a t ]_w
[_w o p ɨ ɨ k a w ]_w
[_w e j e p o i t ]_w
[_w ʔ u w a ɾ a ]_w
[_w j e ɾ o ʔ w u i ]_w
[_w t e ɾ i m ũ ]_w
[_w i a p o ɾ a m ũ ]_w
[_w ɾ e s a ɡ a w a ]_w
[_w i j e ʔ e k a ]_w
[_w p ẽ m e n a ]_w
[_w p e f u t a ɾ ]_w
[_w t a t a a w a ]_w
[_w e ɾ e p o i a ]_w
[_w a ʔ j e ]_w
[_w p e o ɾ a m ũ ]_w
[_w a j e m o ɡ o ]_w
[_w a ɡ u j a ]_w
[_w n i k u ɾ a i ]_w
[_w j e k ɨ w ɨ ɾ i ]_w
[_w ɾ e ɾ e ɡ o ]_w
[_w p ẽ n e k o ɡ a ]_w
[_w k a w a u ]_w
[_w a ɾ u ʔ a a ]_w
[_w ɨ p ɨ a w a ]_w
[_w i ɾ ũ n a m ũ ]_w
[_w a e ɨ p ɨ a j e ]_w
[_w w e ɾ o w i a ɾ ]_w
[_w ɾ u p a w a ]_w
[_w kʷ a p a w a ]_w
[_w t e m a n ũ m ũ ]_w
[_w u ʔ a w a m ũ ]_w
[_w m u ʔ a kʷ a a w ]_w
[_w p ɨ ɨ ɡ ]_w
[_w o j e ʔ e m ]_w
[_w s a m a ɾ i a ]_w
[_w i k o a i ʔ i ]_w
[_w ɾ u w a ɾ a ]_w
[_w i m o n o u ʔ i ]_w
[_w o ɾ a u w e ]_w
[_w m i ɡ e u ]_w
[_w p e ɾ u a ɾ a ]_w
[_w w e ɾ u t ]_w
[_w i p ɨ p i ɾ a ]_w
[_w i m u ɾ a m a ]_w
[_w o p ɨ ɨ ɡ i ]_w
[_w p o a a ɾ a ]_w
[_w j u o w u u ]_w
[_w ɾ u p a w e ]_w
[_w j e ʔ a kʷ a a p ]_w
[_w n a e a ʔ a w ]_w
[_w ɾ o ʔ ɨ a ]_w
[_w n u p a ɾ a ]_w
[_w a j e m o ɡ o i ]_w
[_w m o w o k a ]_w
[_w j e ʔ e k e ɾ a ]_w
[_w ɾ e n ũ i ]_w
[_w j a s ã u ]_w
[_w e ʔ i a ]_w
[_w j e j e w ɨ ɾ ]_w
[_w a e s a ɡ ]_w
[_w j u k a ɾ i ]_w
[_w a a p ɨ ɾ a m ũ ]_w
[_w a f u t a t ]_w
[_w e ɾ o w a ẽ m a ]_w
[_w o p ɨ ɾ u k a ]_w
[_w i a p o a ɾ a ]_w
[_w o s i n i k a ]_w
[_w w e ɾ u u ]_w
[_w i p o j e u p e ]_w
[_w o ɨ m a n a m ũ ]_w
[_w j e m a ʔ e ]_w
[_w j e ɾ e s a k ]_w
[_w n a ʔ u i ]_w
[_w e s a u k a t ]_w
[_w m o n ɨ k ɨ a ]_w
[_w n a e s a k ]_w
[_w t e p e ʔ a a ]_w
[_w i t a o ɡ a ]_w
[_w i kʷ a a p a w a ]_w
[_w s i e s a ɡ e ]_w
[_w t e p e ʔ a ]_w
[_w t i ɡ i k u ]_w
[_w i p ɨ ɾ a ]_w
[_w e j e w a k ]_w
[_w o t ɨ w e ɾ ]_w
[_w kʷ a u k a t ]_w
[_w p e a p e ]_w
[_w e ɾ e a p o ]_w
[_w i m u ʔ a m ]_w
[_w k u m i a m ũ ]_w
[_w p õ ʔ õ ũ ũ ]_w
[_w i a p o p a p ]_w
[_w j u p e ]_w
[_w ɨ w a s i ɡ ]_w
[_w u ʔ e a ]_w
[_w e s a k e a ]_w
[_w t ɨ ʔ a ɾ a m ũ ]_w
[_w j e ɾ e a p ɨ o ]_w
[_w ɾ e ɾ o w i a ɾ ]_w
[_w e j e p ɨ ɾ i ]_w
[_w t e w a w a ]_w
[_w ɾ u p i w a m ũ ]_w
[_w w e m i a ɨ u w ]_w
[_w i a p o i t ]_w
[_w s a m a ɾ a k a ]_w
[_w i m o t e u ]_w
[_w i k u t u k a ]_w
[_w o j e j a k a ]_w
[_w m u ɾ u k a t ]_w
[_w e a e ʔ ɨ i ]_w
[_w j e ʔ e ɡ i ]_w
[_w o j o ʔ o ɡ a ]_w
[_w a j u e j u e ]_w
[_w j e s a k e a ]_w
[_w a j u o w a ]_w
[_w m o n o ʔ o ɡ a ]_w
[_w a w a w e ʔ e m ]_w
[_w w e m i m u ʔ e ]_w
[_w e j e a ʔ a w ]_w
[_w m o k ã ʔ ẽ ]_w
[_w w a p o ]_w
[_w j e m o ɡ ɨ t a ]_w
[_w p e e n u w ]_w
[_w i a p ɨ a ]_w
[_w ɾ e w a ɾ a m ũ ]_w
[_w m a ɡ w a p a ]_w
[_w k a ɾ a s i ɡ a ]_w
[_w n u ʔ a m a ]_w
[_w n a n a ]_w
[_w p e ɾ o w ɨ k ɨ ]_w
[_w p ɨ u ]_w
[_w k a ʔ j a m ]_w
[_w p e ɾ e k o ]_w
[_w m e ʔ ɨ i ]_w
[_w ɾ a j p ɨ ]_w
[_w w e a ʔ a ɾ a ]_w
[_w e a p o i ]_w
[_w a f u ɡ a j a ]_w
[_w m e ɡ i ]_w
[_w e ɾ e e s a k ]_w
[_w e j e m a n ũ ]_w
[_w j e m o ɡ o ]_w
[_w e ʔ i a ɾ ũ m ũ ]_w
[_w e m ɨ ɾ e ɾ a ]_w
[_w m u e a p ɨ k ]_w
[_w a m o n o k a ]_w
[_w n a ɡ u ɾ a i ]_w
[_w m e p ɨ a ]_w
[_w n o j e p o a ]_w
[_w e e s a k e ]_w
[_w a ɡ a k a u ]_w
[_w w e ɾ e w i ɾ i ]_w
[_w ʔ a ɾ a s i k a ]_w
[_w j a n e ʔ e m a ]_w
[_w i m a ɾ a ʔ n e ]_w
[_w n e s e p u ]_w
[_w m o p i ɡ a ]_w
[_w e n u n e ]_w
[_w a m u e ]_w
[_w p e j e kʷ a p a ]_w
[_w i k u ɾ a p ]_w
[_w t a m e p ɨ a a ]_w
[_w p e p ɨ ɨ k ]_w
[_w ʔ a kʷ a a w i ]_w
[_w o j e ʔ a a ]_w
[_w ʔ a ɾ a j w a ]_w
[_w n e s a k i ]_w
[_w w a t a a ]_w
[_w a j e m o ɡ ɨ a ]_w
[_w k ɾ e t a ]_w
[_w ɾ a j t ɨ o ɡ a ]_w
[_w t a j e j u k a ]_w
[_w w e a ʔ a t ]_w
[_w m i ɾ e ɡ o a ]_w
[_w e ɾ o w i a a ]_w
[_w t e ɡ ɨ j t a ]_w
[_w o p o a a ]_w
[_w a k o u ]_w
[_w a j a t ɨ k a i ]_w
[_w i m ũ ]_w
[_w s a p o i ]_w
[_w p e ɾ u a w ]_w
[_w ɾ a ʔ j ɨ ɾ a ]_w
[_w s i p ɨ ɨ k a ]_w
[_w e m o n o k a ]_w
[_w i ɡ u ɾ a w i ]_w
[_w kʷ a a w ]_w
[_w p o j e k ɨ j e ]_w
[_w ɾ o ʔ ɨ ]_w
[_w e ɾ e kʷ a w e ɾ ]_w
[_w ʔ a ɡ a w e ]_w
[_w a s e t o n i ]_w
[_w k ũ i ]_w
[_w n a j e j u w a ]_w
[_w o p o p o ɾ i ]_w
[_w e a p ɨ k a ]_w
[_w n a e a p ɨ o i ]_w
[_w e j e j e a ]_w
[_w s i ɾ e ɡ o ]_w
[_w o p o j ɾ a ]_w
[_w n o j e ʔ e ɡ ]_w
[_w k ũ j m a ʔ e a ]_w
[_w ɾ e ɡ o a ]_w
[_w e ɾ e ɡ o i ]_w
[_w m u a p ɨ a u ]_w
[_w m a t ã u ]_w
[_w a m o m e ʔ u ]_w
[_w o ɡ a m a ]_w
[_w o j e k a u ]_w
