[_w m ɪ r ]_w
[_w tʃ ɪ m ]_w
[_w ʃ tʃ ɛ ]_w
[_w tʃ ɔ ɦ ɔ ]_w
[_w s v i d ]_w
[_w d ɔ ʒ ]_w
[_w n a m ɪ ]_w
[_w u zʲ i x ]_w
[_w i ɦ ɔ r ]_w
[_w p a m ]_w
[_w x ɔ tʃ ]_w
[_w n ɛ m a ]_w
[_w rʲ i k ]_w
[_w p ɛ r ɛ ]_w
[_w ɔ b r a ]_w
[_w s a l ɪ ]_w
[_w m i s tsʲ ]_w
[_w r ɔ s ]_w
[_w x i d ]_w
[_w s t a n ]_w
[_w z l ɔ v ]_w
[_w m ɪ tʲ ]_w
[_w p ɔ k ɪ ]_w
[_w s n d ]_w
[_w m ɛ tʲ i ]_w
[_w dʲ i t ɪ ]_w
[_w d r u k ]_w
[_w b ɔ ɦ ]_w
[_w x lʲ i b ]_w
[_w z ɪ l ɪ ]_w
[_w b ɔ ɦ a ]_w
[_w r a t ]_w
[_w v sʲ i m ]_w
[_w v ɔ n a ]_w
[_w p ɔ r t ]_w
[_w v ɔ t a ]_w
[_w v a m ]_w
[_w z a j t ]_w
[_w t u r u ]_w
[_w d a k ɪ ]_w
[_w lʲ i d ]_w
[_w d a k ɛ ]_w
[_w v ɛ l ɪ ]_w
[_w tʃ u d ɪ ]_w
[_w v i t a ]_w
[_w z d a n ]_w
[_w r ɔ sʲ i ]_w
[_w p ɔ r a ]_w
[_w m ɔ j a ]_w
[_w p l a n ]_w
[_w k u tsʲ a ]_w
[_w n a v ]_w
[_w t ɔ j ]_w
[_w b ɛ r ɛ ]_w
[_w nʲ i j ]_w
[_w j a v ɪ ]_w
[_w ɔ s t a ]_w
[_w t ɔ v i ]_w
[_w k ɔ m u ]_w
[_w l ɛ zʲ a ]_w
[_w i s t ɔ ]_w
[_w ɛ d a p ]_w
[_w r ɔ s v ]_w
[_w r ɛ f ɔ ]_w
[_w n ɛ b ɔ ]_w
[_w b u l ɔ ]_w
[_w d ɛ nʲ ]_w
[_w r u d ]_w
[_w ɔ lʲ i j ]_w
[_w v x i t ]_w
[_w p ɪ ʃ ɛ ]_w
[_w b l a n ]_w
[_w u tʃ nʲ i ]_w
[_w z ɛ l a ]_w
[_w k ɔ l ɪ ]_w
[_w n ɔ v ɪ ]_w
[_w j a k ]_w
[_w s ɔ j u ]_w
[_w p i lʲ ʃ ]_w
[_w m i s t ]_w
[_w r ɔ t ɪ ]_w
[_w d a v ]_w
[_w ʃ i z dʲ ]_w
[_w lʲ i t ɔ ]_w
[_w t r ɪ ]_w
[_w p ɛ r ʒ ]_w
[_w j i m ]_w
[_w s l ɔ v ]_w
[_w b ɛ r ʃ ]_w
[_w m ɛ d ɪ ]_w
[_w v sʲ a ]_w
[_w s u p ɪ ]_w
[_w r ɔ tsʲ i ]_w
[_w u m ɔ v ]_w
[_w n a u k ]_w
[_w s f i t ]_w
[_w b ɔ k ɔ ]_w
[_w v ɔ r m ]_w
[_w z a m ɔ ]_w
[_w i t ɪ ]_w
[_w t lʲ a ]_w
[_w nʲ ɔ m u ]_w
[_w t a l a ]_w
[_w m ɔ r ɛ ]_w
[_w t ɛ j a ]_w
[_w z ɪ n a ]_w
[_w p ɔ lʲ i ]_w
[_w v i n ]_w
[_w t ɔ b ɪ ]_w
[_w m ɛ n ɛ ]_w
[_w d ɔ j ]_w
[_w k rʲ i m ]_w
[_w j ɛ k t ]_w
[_w v ɔ n t ]_w
[_w v d r a ]_w
[_w d ɔ v ɔ ]_w
[_w n a ʒ i ]_w
[_w ɛ f i r ]_w
[_w p i lʲ a ]_w
[_w d a lʲ i ]_w
[_w ɦ ɔ d ]_w
[_w m ɔ ʒ u ]_w
[_w b u d ɛ ]_w
[_w k a ʃ u ]_w
[_w dʲ i m ]_w
[_w k ɔ m a ]_w
[_w s t v ɔ ]_w
[_w p a nʲ i ]_w
[_w x ɔ dʲ i ]_w
[_w n ɪ m ɪ ]_w
[_w d ɛ l ]_w
[_w dʲ i l a ]_w
[_w j ɛ s ]_w
[_w n ɔ v ɛ ]_w
[_w m a r ]_w
[_w r a n ɔ ]_w
[_w i ɦ r ɪ ]_w
[_w v ʒ ɛ ]_w
[_w s ɪ n ]_w
[_w l ɪ ʃ ]_w
[_w s l a v ]_w
[_w v sʲ i j ]_w
[_w t ɛ m i ]_w
[_w d ɔ v a ]_w
[_w b i lʲ ʃ ]_w
[_w z ɔ n ]_w
[_w i ʃ tʃ ɛ ]_w
[_w l ɛ f ]_w
[_w r ɔ s b ]_w
[_w u sʲ i ]_w
[_w p ɔ ɛ d ]_w
[_w s u t u ]_w
[_w sʲ i m ]_w
[_w j a d a ]_w
[_w p r a f ]_w
[_w z d v ɔ ]_w
[_w i t ɛ j ]_w
[_w tʃ ɛ s tʲ ]_w
[_w s a t ɛ ]_w
[_w p r ɪ j ]_w
[_w b i v ]_w
[_w tʃ l ɛ n ]_w
[_w u ɦ k ts ]_w
[_w t ɔ ɦ ɔ ]_w
[_w s a j d ]_w
[_w ɔ j i ]_w
[_w ʃ ɔ u ]_w
[_w p r a v ]_w
[_w p a z ɪ ]_w
[_w d ɛ p ɛ ]_w
[_w ɔ d n ɛ ]_w
[_w k a r ]_w
[_w x t ɔ ]_w
[_w p ɔ dʲ i ]_w
[_w r a dʲ i ]_w
[_w s a m i ]_w
[_w m ɔ v ɪ ]_w
[_w ɔ d nʲ i ]_w
[_w t t b ]_w
[_w k r a j ]_w
[_w p ɛ r ʃ ]_w
[_w r a s ]_w
[_w z a m ]_w
[_w f ɔ n d ]_w
[_w lʲ u t ɪ ]_w
[_w b u v ]_w
[_w z n ɔ v ]_w
[_w r ɛ v ɔ ]_w
[_w d u d ɪ ]_w
[_w j i x ]_w
[_w x ɔ tʃ ɛ ]_w
[_w d ɔ lʲ a ]_w
[_w v i r ɪ ]_w
[_w p ɔ lʲ a ]_w
[_w ʃ a n s ]_w
[_w ɔ b l ]_w
[_w r a nʲ i ]_w
[_w tʃ a z dʲ ]_w
[_w b ɔ r u ]_w
[_w lʲ u d ɪ ]_w
[_w v ɪ d ]_w
[_w m i z dʲ ]_w
[_w m a d tʃ ]_w
[_w j ɛ d ɪ ]_w
[_w t ɔ v a ]_w
[_w v ɪ d u ]_w
[_w s ɪ n a ]_w
[_w d a j ɛ ]_w
[_w ɦ ɔ t ɪ ]_w
[_w z a m i ]_w
[_w s a m ɔ ]_w
[_w k l a z ]_w
[_w v i lʲ m ]_w
[_w ɛ t a b ]_w
[_w r a tʲ i ]_w
[_w n a ʒ a ]_w
[_w l ɪ ʃ ɛ ]_w
[_w d v a ]_w
[_w v ɔ n ɔ ]_w
[_w z v i t ]_w
[_w ts ɪ x ]_w
[_w s a n a ]_w
[_w u m v s ]_w
[_w v a m ɪ ]_w
[_w ɦ a s ]_w
[_w v ɔ t ɔ ]_w
[_w p u l ɔ ]_w
[_w k a v a ]_w
[_w v ɔ d ɔ ]_w
[_w ɔ s n ɔ ]_w
[_w nʲ ɔ ɦ ɔ ]_w
[_w t a v ]_w
[_w s ɛ k s ]_w
[_w p i v ]_w
[_w tʃ a s ]_w
[_w z ɪ n ]_w
[_w d a l ɪ ]_w
[_w j i j i ]_w
[_w t ɪ t ɪ ]_w
[_w t ɔ j i ]_w
[_w d v i r ]_w
[_w s a j t ]_w
[_w p ɔ s a ]_w
[_w d ɪ m ]_w
[_w n ɛ p ɔ ]_w
[_w sʲ ɔ ɦ ɔ ]_w
[_w d a m ]_w
[_w j a k a ]_w
[_w tʲ i m ]_w
[_w b a n a ]_w
[_w d u r ɪ ]_w
[_w tʲ i lʲ a ]_w
[_w zʲ i tʃ i ]_w
[_w k a m ]_w
[_w ɔ t n a ]_w
[_w v t r a ]_w
[_w k ɔ l a ]_w
[_w v ɔ r u ]_w
[_w v a ɦ ɪ ]_w
[_w n ɪ m ]_w
[_w a l ɛ ]_w
[_w m ɔ v i ]_w
[_w n a ʒ u ]_w
[_w z a t ɛ ]_w
[_w k ɔ l ɔ ]_w
[_w p u d u ]_w
[_w s a m ]_w
[_w p a n a ]_w
[_w t ɔ ʒ tʃ ]_w
[_w s m i ]_w
[_w l ɪ ʒ ɛ ]_w
[_w d a i ]_w
[_w t a k ɪ ]_w
[_w k ɔ lʲ i ]_w
[_w v a t ]_w
[_w p a r u ]_w
[_w nʲ i ʃ ]_w
[_w m a j u ]_w
[_w p ɔ tʲ i ]_w
[_w x a j ]_w
[_w i n ʃ i ]_w
[_w p u v ]_w
[_w z v i d ]_w
[_w b r a v ]_w
[_w d r u ɦ ]_w
[_w a ɛ s ]_w
[_w j ɔ ɦ ɔ ]_w
[_w p a r ]_w
[_w b ɔ lʲ i ]_w
[_w d a l a ]_w
[_w f i r ʃ ]_w
[_w d ɔ b i ]_w
[_w s t r a ]_w
[_w k l u b ]_w
[_w v a ʒ ]_w
[_w s t ɔ s ]_w
[_w tsʲ i n a ]_w
[_w tsʲ ɔ m u ]_w
[_w z m i n ]_w
[_w s a l u ]_w
[_w z p i t ]_w
[_w s u tʲ i ]_w
[_w m ɔ ʒ ɛ ]_w
[_w p ɔ d a ]_w
[_w s u dʲ ]_w
[_w nʲ i j a ]_w
[_w i z u s ]_w
[_w x ɔ tʃ a ]_w
[_w n a ʃ i ]_w
[_w dʲ i j ]_w
[_w p ɔ s t ]_w
[_w t ɪ m ɪ ]_w
[_w ɔ d n a ]_w
[_w a v d ɔ ]_w
[_w dʲ i j ɛ ]_w
[_w v i k ]_w
[_w p r a tsʲ ]_w
[_w a k t ɪ ]_w
[_w ʃ lʲ a x ]_w
[_w j i ʃ u ]_w
[_w i s u s ]_w
[_w a n n a ]_w
[_w p ɔ v s ]_w
[_w m ɔ j ɛ ]_w
[_w x r a m ]_w
[_w p u d ɛ ]_w
[_w r ɔ s f ]_w
[_w t ɛ p ɛ ]_w
[_w tʃ a s ɪ ]_w
[_w r ɔ b ɪ ]_w
[_w f ɔ d ɔ ]_w
[_w b a n k ]_w
[_w p a r ɪ ]_w
[_w x a t a ]_w
[_w rʲ i ʃ ɛ ]_w
[_w z ɪ l a ]_w
[_w x a d ɪ ]_w
[_w t v i j ]_w
[_w a v t ɔ ]_w
[_w k i n ɔ ]_w
[_w m i ʃ ]_w
[_w m ɔ ʃ u ]_w
[_w ɔ tʃ ɛ j ]_w
[_w p ɛ s ]_w
[_w lʲ v i v ]_w
[_w d ɔ k ɪ ]_w
[_w ɔ d ɛ tsʲ ]_w
[_w lʲ i t ]_w
[_w s ɛ l ɔ ]_w
[_w r ɔ b i ]_w
[_w ɦ ɔ rʲ i ]_w
[_w t a lʲ i ]_w
[_w p ɔ t a ]_w
[_w s t ɔ z ]_w
[_w dʲ i l ɔ ]_w
[_w s v i t ]_w
[_w t a j u ]_w
[_w p r ɪ v ]_w
[_w d n ɛ m ]_w
[_w t ɪ p u ]_w
[_w p ɔ k ɔ ]_w
[_w k u b u ]_w
[_w j a k i ]_w
[_w s b i r ]_w
[_w j a tʲ i ]_w
[_w v ɛ t ɛ ]_w
[_w k a ʒ ɛ ]_w
[_w b r ɪ j ]_w
[_w v ɛ sʲ ]_w
[_w m a l a ]_w
[_w z m t ]_w
[_w x a t ɪ ]_w
[_w b ɔ dʲ i ]_w
[_w ɦ ɔ d u ]_w
[_w j ɛ t ɪ ]_w
[_w ɔ d ʃ ɛ ]_w
[_w ʒ ɔ u ]_w
[_w r ɛ t a ]_w
[_w t ɔ v ]_w
[_w m a j ɛ ]_w
[_w s t ɪ lʲ ]_w
[_w p r ɪ ]_w
[_w f ɛ l ɪ ]_w
[_w l ɛ tʲ ]_w
[_w i n ʃ a ]_w
[_w m a t tʃ ]_w
[_w d rʲ ɔ x ]_w
[_w k ɔ d ]_w
[_w u sʲ i x ]_w
[_w m ɛ n ʃ ]_w
[_w b ɔ s a ]_w
[_w s n ɪ ]_w
[_w r a t ɪ ]_w
[_w ɔ b i d ]_w
[_w s m a k ]_w
[_w k a ʒ u ]_w
[_w r ɔ lʲ i ]_w
[_w nʲ i ɦ ]_w
[_w n t a ]_w
[_w tʃ u v ]_w
[_w ʒ ɪ v ɛ ]_w
[_w d ɔ lʲ u ]_w
[_w n a m ]_w
[_w t ɔ k ɪ ]_w
[_w m ɔ j i ]_w
[_w dʲ i j u ]_w
[_w k r ɔ k ]_w
[_w tsʲ i l u ]_w
[_w v a k t ]_w
[_w v i r ʃ ]_w
[_w ɔ p r a ]_w
[_w ʃ ɪ v ]_w
[_w d nʲ i v ]_w
[_w r a sʲ i ]_w
[_w ɔ l ɛ ɦ ]_w
[_w m ɛ nʲ u ]_w
[_w ɦ ɔ l ]_w
[_w m ɛ t ɪ ]_w
[_w d a k i ]_w
[_w z r s r ]_w
[_w d ɛ b ɛ ]_w
[_w d a k a ]_w
[_w r u x ɪ ]_w
[_w v ɔ ɦ ɔ ]_w
[_w f i t ]_w
[_w ʒ a n s ]_w
[_w s f i d ]_w
[_w z ɛ l ɔ ]_w
[_w r a zʲ i ]_w
[_w s a lʲ i ]_w
[_w b r a tsʲ ]_w
[_w z u tʲ i ]_w
[_w b u l a ]_w
[_w p i d ɪ ]_w
[_w ʒ tʃ ɛ ]_w
[_w r u x ]_w
[_w z a l ɪ ]_w
[_w z b i lʲ ]_w
[_w ɔ t ɪ n ]_w
[_w tʲ i j ]_w
[_w d ɔ ʒ tʃ ]_w
[_w ʒ a n ɔ ]_w
[_w nʲ i tʃ ]_w
[_w p u dʲ ]_w
[_w p u t ɛ ]_w
[_w k n ɪ ɦ ]_w
[_w a tʃ ɛ ]_w
[_w ɔ b ɪ s ]_w
[_w r ɔ k ɔ ]_w
[_w v i d s ]_w
[_w k u p u ]_w
[_w j ʃ ɔ v ]_w
[_w d ɔ rʲ i ]_w
[_w p a t ]_w
[_w v i t ]_w
[_w ɔ sʲ i b ]_w
[_w lʲ i s u ]_w
[_w tsʲ ɔ ɦ ɔ ]_w
[_w t ɛ ɦ ɪ ]_w
[_w v i r ʒ ]_w
[_w t a k ]_w
[_w j i j ]_w
[_w v a ʃ i ]_w
[_w d nʲ a ]_w
[_w r ɔ k ɪ ]_w
[_w d ɛ m a ]_w
[_w v sʲ i ]_w
[_w z ɔ j u ]_w
[_w t v ɛ r ]_w
[_w ʒ tʃ ɔ sʲ ]_w
[_w z ɔ n ɪ ]_w
[_w k ɔ m p ]_w
[_w p i lʲ ]_w
[_w p r ɛ m ]_w
[_w tʃ u ʒ i ]_w
[_w p a p a ]_w
[_w v i d ]_w
[_w a nʲ i ʃ ]_w
[_w p i j ]_w
[_w m ɔ v a ]_w
[_w tʃ ɪ m ɔ ]_w
[_w f i tsʲ i ]_w
[_w l ɛ sʲ a ]_w
[_w dʲ i j i ]_w
[_w p ɔ l ɛ ]_w
[_w r u k ɪ ]_w
[_w t r u ɦ ]_w
[_w d ɛ k ɪ ]_w
[_w x a dʲ i ]_w
[_w p ɔ ɦ ]_w
[_w k b i ]_w
[_w j ɛ z ]_w
[_w m ɛ nʲ i ]_w
[_w b r ɔ ]_w
[_w v zʲ i j ]_w
[_w m v s ]_w
[_w p a z a ]_w
[_w p ɔ r d ]_w
[_w ɔ z d a ]_w
[_w u zʲ i m ]_w
[_w m ɔ ʃ ɛ ]_w
[_w p ɔ ʒ ɛ ]_w
[_w n a ʃ ]_w
[_w t a t a ]_w
[_w u ʒ ɛ ]_w
[_w ɦ u r d ]_w
[_w t z ɔ v ]_w
[_w s u d ɔ ]_w
[_w p ɪ v ɔ ]_w
[_w ɦ u r t ]_w
[_w m a l ɔ ]_w
[_w k m u ]_w
[_w r a t a ]_w
[_w ʒ ɔ sʲ ]_w
[_w n ɔ r m ]_w
[_w r u sʲ i ]_w
[_w s t a v ]_w
[_w ɔ b ɔ v ]_w
[_w ɦ r u b ]_w
[_w rʲ i tʃ ]_w
[_w n ɔ v u ]_w
[_w p ɛ z ]_w
[_w x lʲ i p ]_w
[_w v s ɛ ]_w
[_w z d ɔ ]_w
[_w d ɔ lʲ i ]_w
[_w p a n k ]_w
[_w tʲ i j ɛ ]_w
[_w z d ɔ z ]_w
[_w j a k ɛ ]_w
[_w n a ʒ ɛ ]_w
[_w r ɔ d u ]_w
[_w i v a n ]_w
[_w b u t ɪ ]_w
[_w r u k ]_w
[_w tʃ ɪ m a ]_w
[_w u zʲ i ]_w
[_w ʃ tʃ ɔ sʲ ]_w
[_w t ɔ sʲ i ]_w
[_w p ɔ v i ]_w
[_w t r ɛ b ]_w
[_w ʃ tʃ ɔ b ]_w
[_w u p a ]_w
[_w z d r a ]_w
[_w ɛ v i r ]_w
[_w ɔ t nʲ i ]_w
[_w s u dʲ i ]_w
[_w r a x u ]_w
[_w r ɔ z ]_w
[_w r ɔ z u ]_w
[_w r ɔ z b ]_w
[_w s m i n ]_w
[_w z ɔ n a ]_w
[_w tsʲ i n ɪ ]_w
[_w k ɔ ɦ ɔ ]_w
[_w n ɔ v i ]_w
[_w t ɪ x ]_w
[_w r u k u ]_w
[_w ɔ t n ɔ ]_w
[_w b a tʃ ɛ ]_w
[_w ɔ d n u ]_w
[_w t nʲ i v ]_w
[_w v ɔ l ɪ ]_w
[_w p a b a ]_w
[_w d ɛ k s ]_w
[_w z u p ɪ ]_w
[_w b a r u ]_w
[_w t a k i ]_w
[_w n ɔ v a ]_w
[_w d u d ]_w
[_w d ɛ j a ]_w
[_w v a s ]_w
[_w f i lʲ m ]_w
[_w m ɔ v ]_w
[_w ʃ k i l ]_w
[_w s lʲ i t ]_w
[_w m l n ]_w
[_w p u d ɪ ]_w
[_w s ɛ lʲ i ]_w
[_w k l u p ]_w
[_w ɛ t a p ]_w
[_w t u ʃ i ]_w
[_w d ɔ sʲ i ]_w
[_w dʲ i lʲ a ]_w
[_w d a nʲ i ]_w
[_w z ɪ l ]_w
[_w s nʲ i ]_w
[_w ts ɪ m ]_w
[_w d u t ɪ ]_w
[_w z n t ]_w
[_w i d ɛ j ]_w
[_w m l r t ]_w
[_w ɔ t ɛ tsʲ ]_w
[_w p ɔ k u ]_w
[_w s ɔ r u ]_w
[_w p ɔ z a ]_w
[_w j ɛ v ]_w
[_w n a ʒ ]_w
[_w s ɪ l a ]_w
[_w s n ɔ v ]_w
[_w t v ɔ x ]_w
[_w m i ɦ ]_w
[_w j a dʲ i ]_w
[_w nʲ i b ɪ ]_w
[_w ʒ ɪ t ɪ ]_w
[_w n ɪ x ]_w
[_w r ɔ d ɪ ]_w
[_w s ɔ n ɪ ]_w
[_w x ɔ tʃ u ]_w
[_w j ɛ r a ]_w
[_w p ɔ ɦ a ]_w
[_w d ɪ m ɪ ]_w
[_w x t ɔ sʲ ]_w
[_w b ɛ r ʒ ]_w
[_w z nʲ i ]_w
[_w m a p a ]_w
[_w v zʲ i ]_w
[_w s s s r ]_w
[_w ɦ rʲ i x ]_w
[_w j i s t ]_w
[_w j ɛ r ]_w
[_w m ɔ rʲ i ]_w
[_w r a t u ]_w
[_w ts a rʲ a ]_w
[_w v a z ]_w
[_w n a tʃ ɛ ]_w
[_w ts ɛ j ]_w
[_w n a ʃ u ]_w
[_w lʲ i d a ]_w
[_w t ɪ d ɪ ]_w
[_w j a tʃ ]_w
[_w p i k ]_w
[_w r u t ]_w
[_w r ɛ tʃ i ]_w
[_w j ɛ k d ]_w
[_w u rʲ a t ]_w
[_w tʃ ɔ l ]_w
[_w t ɔ p i ]_w
[_w t a k a ]_w
[_w t u r ]_w
[_w tʃ a zʲ i ]_w
[_w tʃ ɔ m u ]_w
[_w n ɛ j u ]_w
[_w t u t ]_w
[_w p u l a ]_w
[_w x a t u ]_w
[_w b ɔ r t ]_w
[_w b a tʃ u ]_w
[_w ɦ ɔ r ɪ ]_w
[_w v sʲ a v ]_w
[_w ɔ d ɔ ]_w
[_w ɔ d n ɔ ]_w
[_w d u x a ]_w
[_w r a d ]_w
[_w j ʃ l ɪ ]_w
[_w d r a t ]_w
[_w a t ɔ ]_w
[_w b ɔ ʒ ɛ ]_w
[_w s p u ]_w
[_w rʲ a d ]_w
[_w k u r s ]_w
[_w i s u z ]_w
[_w d a k ]_w
[_w ʒ ɪ v ]_w
[_w d ɛ ʃ ]_w
[_w j t ɛ ]_w
[_w p a r k ]_w
[_w b i d ]_w
[_w s u m ɪ ]_w
[_w p a tʃ u ]_w
[_w l ɪ s t ]_w
[_w a b ɔ r ]_w
[_w b a m ]_w
[_w j d ɛ ]_w
[_w j i z d ]_w
[_w v ɛ d ɛ ]_w
[_w b a sʲ i ]_w
[_w n ɔ tʃ i ]_w
[_w p a n ]_w
[_w z l a v ]_w
[_w u b a ]_w
[_w p r ɔ ]_w
[_w sʲ i tʃ ]_w
[_w d ɔ ɦ ɔ ]_w
[_w u z ɛ ]_w
[_w s p i r ]_w
[_w n ɛ b a ]_w
[_w f ɔ d ]_w
[_w t ɔ b i ]_w
[_w j i ʃ i ]_w
[_w z p i r ]_w
[_w p l ɔ ɦ ]_w
[_w ʃ a lʲ ]_w
[_w n ɛ p a ]_w
[_w k u d ɪ ]_w
[_w m i z d ]_w
[_w ɔ t n u ]_w
[_w d ɔ dʲ i ]_w
[_w t ɪ zʲ a ]_w
[_w s ɪ m ɪ ]_w
[_w r u t ɪ ]_w
[_w f i r a ]_w
[_w tʃ a j ]_w
[_w z a m u ]_w
[_w z d ɪ lʲ ]_w
[_w lʲ i z ]_w
[_w v u x a ]_w
[_w f ɔ n t ]_w
[_w m i j ]_w
[_w b a t ]_w
[_w j ɔ m u ]_w
[_w f ɛ t ɛ ]_w
[_w m a l ɪ ]_w
[_w ɔ tʃ i ]_w
[_w p ɔ z d ]_w
[_w n ɪ nʲ i ]_w
[_w tʃ ɛ r ]_w
[_w t nʲ a ]_w
[_w z u b ɪ ]_w
[_w z n ɔ ]_w
[_w b ɔ d a ]_w
[_w t v i r ]_w
[_w r d a ]_w
[_w u v ɛ sʲ ]_w
[_w t ɔ ʃ tʃ ]_w
[_w v ɔ lʲ u ]_w
[_w ɦ r u p ]_w
[_w ɔ z n ɔ ]_w
[_w p ɛ r u ]_w
[_w z p i lʲ ]_w
[_w lʲ i t a ]_w
[_w d u r ]_w
[_w b a n ]_w
[_w v ɔ d ]_w
[_w u ʃ ɛ ]_w
[_w z l a ]_w
[_w a nʲ i ]_w
[_w d ɛ v ]_w
[_w k rʲ i sʲ ]_w
[_w sʲ i l ]_w
[_w s p i t ]_w
[_w t r u k ]_w
[_w ɔ b ɔ r ]_w
[_w r t a ]_w
[_w b ɔ tʲ i ]_w
[_w a p ɔ ]_w
[_w n a n ]_w
[_w k m t a ]_w
[_w z a l u ]_w
[_w a b ɔ ]_w
[_w b ɔ s t ]_w
[_w f a k d ]_w
[_w m ɔ rʲ a ]_w
[_w m i s tʲ ]_w
[_w a ɛ z ]_w
[_w s n a nʲ ]_w
[_w d v ɛ r ]_w
[_w b i j ]_w
[_w z ɔ ʒ ]_w
[_w d u ʒ i ]_w
[_w n a ʃ a ]_w
[_w s tʲ i l ]_w
[_w b ɔ lʲ a ]_w
[_w r ɔ z v ]_w
[_w p a s a ]_w
[_w p ɔ v ]_w
[_w tsʲ i j ]_w
[_w r a d u ]_w
[_w ɔ d r a ]_w
[_w t u d ]_w
[_w r ɔ z p ]_w
[_w m a m a ]_w
[_w rʲ i ʒ ɛ ]_w
[_w p lʲ u z ]_w
[_w v a ʃ ]_w
[_w m ɪ r u ]_w
[_w v i tsʲ i ]_w
[_w j a k u ]_w
[_w ʃ ɪ d ɪ ]_w
[_w t ɛ k ɪ ]_w
[_w z a l ]_w
[_w r ɔ s u ]_w
[_w d ɪ x ]_w
[_w dʲ i d ɪ ]_w
[_w d ɪ t ɪ ]_w
[_w x i p a ]_w
[_w t a m ]_w
[_w lʲ i sʲ i ]_w
[_w j a t ɔ ]_w
[_w t ɪ sʲ a ]_w
[_w l u tsʲ k ]_w
[_w ɔ dʲ a ɦ ]_w
[_w d ɪ zʲ a ]_w
[_w z lʲ i d ]_w
[_w ɦ ɔ d ɪ ]_w
[_w f i d a ]_w
[_w v dʲ i m ]_w
[_w v u l ]_w
[_w s u b ɪ ]_w
[_w p i l a ]_w
[_w ɦ ɔ tʲ i ]_w
[_w v sʲ i x ]_w
[_w s a m ɛ ]_w
[_w s ɪ l ɪ ]_w
[_w ʃ a n ɔ ]_w
[_w s lʲ i v ]_w
[_w z ɪ r u ]_w
[_w p u t ɪ ]_w
[_w z b i r ]_w
[_w ɔ b ɔ x ]_w
[_w d ɔ zʲ i ]_w
[_w v ɔ n ɪ ]_w
[_w v ɪ n ɪ ]_w
[_w p n b t ]_w
[_w v a ʒ i ]_w
[_w m ɛ r a ]_w
[_w m ɛ d u ]_w
[_w v ɔ lʲ i ]_w
[_w n a d ɔ ]_w
[_w s p i lʲ ]_w
[_w m ɛ t u ]_w
[_w z n a f ]_w
[_w r ɛ m ɔ ]_w
[_w ts ɪ m ɪ ]_w
[_w t ɔ lʲ a ]_w
[_w ʃ tʃ ɔ zʲ ]_w
[_w p t v ]_w
[_w n ɛ s ɛ ]_w
[_w z u m a ]_w
[_w x t ɔ zʲ ]_w
[_w ɦ r a m ]_w
[_w rʲ a t ]_w
[_w n b u ]_w
[_w d a t ɪ ]_w
[_w m a s ɪ ]_w
[_w t n ɛ m ]_w
[_w f ɔ r m ]_w
[_w b ɔ z d ]_w
[_w k ɔ nʲ i ]_w
[_w ɔ z b b ]_w
[_w tsʲ i n ]_w
[_w b i s t ]_w
[_w t u ʒ ɛ ]_w
[_w ɦ r a ]_w
[_w ʒ tʃ ɔ p ]_w
[_w d lʲ a ]_w
[_w l ɪ z d ]_w
[_w v i k u ]_w
[_w p lʲ u s ]_w
[_w d u ʃ i ]_w
[_w f ɔ n ɔ ]_w
[_w r ɛ d a ]_w
[_w t a k ɛ ]_w
[_w b ɛ s ]_w
[_w f ɛ sʲ ]_w
[_w k u t ɪ ]_w
[_w k r ɪ m ]_w
[_w v ɔ d ɪ ]_w
[_w ɦ ɔ dʲ i ]_w
[_w b a r k ]_w
[_w tʃ ɛ z dʲ ]_w
[_w k a v ɪ ]_w
[_w s u m a ]_w
[_w ɦ r ɪ ]_w
[_w s ɔ nʲ i ]_w
[_w p a n ɛ ]_w
[_w d ɛ m ɪ ]_w
[_w p u t u ]_w
[_w n ɛ j i ]_w
[_w n a z ]_w
[_w v ɔ d a ]_w
[_w t nʲ i ]_w
[_w r ɛ s u ]_w
[_w t a i ]_w
[_w tsʲ i l a ]_w
[_w ɦ ɛ dʲ ]_w
[_w j a m ]_w
[_w b u d u ]_w
[_w u sʲ i m ]_w
[_w z u m u ]_w
[_w t u x ]_w
[_w d u ʒ u ]_w
[_w t ɛ nʲ ]_w
[_w p ɔ r u ]_w
[_w v sʲ ɔ ]_w
[_w b ɔ r d ]_w
[_w u s r r ]_w
[_w r ɔ p ɪ ]_w
[_w d ɔ v i ]_w
[_w ɔ tʲ a ɦ ]_w
[_w j a d ɪ ]_w
[_w ɔ t ɔ ʒ ]_w
[_w v i r u ]_w
[_w u m v z ]_w
[_w t ɔ b u ]_w
[_w i n ʃ u ]_w
[_w f i r ɪ ]_w
[_w n a t ɔ ]_w
[_w s ɔ ʒ ]_w
[_w d ɛ sʲ ]_w
[_w p i s t ]_w
[_w m a b a ]_w
[_w b ɔ r a ]_w
[_w z a m a ]_w
[_w v ɔ t u ]_w
[_w z n a k ]_w
[_w s n ɔ ]_w
[_w ʃ ɪ l ɪ ]_w
[_w j a nʲ i ]_w
[_w ʒ tʃ ɔ b ]_w
[_w u r s r ]_w
[_w j ɛ r u ]_w
[_w j a n ]_w
[_w v x i d ]_w
[_w m ɔ j u ]_w
[_w ɦ a z ]_w
[_w t u x u ]_w
[_w d ɔ p ɪ ]_w
[_w b ɔ k ɪ ]_w
[_w i z d ɔ ]_w
[_w z u d ɔ ]_w
[_w d a j u ]_w
[_w s ɛ n s ]_w
[_w n ɛ s u ]_w
[_w z ɛ n s ]_w
[_w f a m ]_w
[_w s lʲ i d ]_w
[_w u s ɛ ]_w
[_w tʲ i l a ]_w
[_w ɦ r u ]_w
[_w j a n ɪ ]_w
[_w x ɔ t ɪ ]_w
[_w s v i j ]_w
[_w z lʲ i t ]_w
[_w k r ɔ v ]_w
[_w t ɪ n a ]_w
[_w z ɛ b ɛ ]_w
[_w k ɪ m ]_w
[_w t r a d ]_w
[_w p i t ɛ ]_w
[_w t d b ]_w
[_w v i d a ]_w
[_w r ɛ z u ]_w
[_w v ɪ t u ]_w
[_w f u l ]_w
[_w d u ʃ u ]_w
[_w x i b a ]_w
[_w t ɛ m u ]_w
[_w u z r r ]_w
[_w z d a v ]_w
[_w l ɪ ʒ ]_w
[_w p r a t ]_w
[_w d u t ]_w
[_w j t u dʲ ]_w
[_w ɔ u n ]_w
[_w d a s tʲ ]_w
[_w b ɔ j u ]_w
[_w f a m ɪ ]_w
[_w d v ɔ x ]_w
[_w r ɔ s p ]_w
[_w ʒ a lʲ ]_w
[_w v ɔ d u ]_w
[_w b lʲ u z ]_w
[_w s ɛ l a ]_w
[_w t r ɛ p ]_w
[_w s m d ]_w
[_w r a z ɪ ]_w
[_w z n d ]_w
[_w b r ɪ ]_w
[_w d ɔ v ]_w
[_w d ɔ j i ]_w
[_w b r a t ]_w
[_w s ɛ p ɛ ]_w
[_w j d ɪ ]_w
[_w t ɔ lʲ i ]_w
[_w z ɪ l u ]_w
[_w s ɪ l ]_w
[_w d ɔ m u ]_w
[_w f ɔ r u ]_w
[_w s ɔ n ]_w
[_w r a s ɪ ]_w
[_w b i d ɪ ]_w
[_w z u m ɪ ]_w
[_w p i d ]_w
[_w ʃ ɪ t ɪ ]_w
[_w z n ɪ ]_w
[_w s u t ]_w
[_w t r a t ]_w
[_w tʃ u j u ]_w
[_w j a t a ]_w
[_w d ɪ n a ]_w
[_w ɦ ɔ t ]_w
[_w ɔ d ɔ ʒ ]_w
[_w m ɛ ʃ i ]_w
[_w n a s ]_w
[_w r a d a ]_w
[_w t u d ɪ ]_w
[_w f a ɦ ɪ ]_w
[_w i d ɛ ]_w
[_w s a l ]_w
[_w t u r ɪ ]_w
[_w n d u u ]_w
[_w k ɔ m b ]_w
[_w s n a k ]_w
[_w ɛ d a b ]_w
[_w k a v ɛ ]_w
[_w ʃ tʃ ɔ ]_w
[_w t a p i ]_w
[_w m ɛ ʒ i ]_w
[_w k ɔ t ]_w
[_w p u l ɪ ]_w
[_w z ɛ lʲ i ]_w
[_w p n p t ]_w
[_w u p ts ]_w
[_w n ɛ z u ]_w
[_w b l ɔ ɦ ]_w
[_w tʃ a z ]_w
[_w v ɪ t ɪ ]_w
[_w j d u dʲ ]_w
[_w t rʲ ɔ x ]_w
[_w m v z ]_w
[_w z a m ɛ ]_w
[_w j ʃ l a ]_w
[_w k m d a ]_w
[_w b i t ɛ ]_w
[_w d ɪ x ɔ ]_w
[_w ɔ d ɪ n ]_w
[_w p ɔ ɦ u ]_w
[_w ɔ t ʒ ɛ ]_w
[_w ʒ i z dʲ ]_w
[_w d ɔ p i ]_w
[_w t ɛ b ɛ ]_w
[_w tsʲ i lʲ i ]_w
[_w s u m u ]_w
[_w v sʲ u ]_w
[_w z u d ]_w
[_w s t a f ]_w
[_w t ɪ m ]_w
[_w ʃ tʃ ɔ p ]_w
[_w ɔ tʃ a x ]_w
[_w ɡ u r s ]_w
[_w d a z dʲ ]_w
[_w s m t ]_w
[_w d u ʃ a ]_w
[_w tʲ i l ɔ ]_w
[_w t u ʃ ɛ ]_w
[_w nʲ i p ɪ ]_w
[_w tʃ a sʲ i ]_w
[_w b r ɛ m ]_w
[_w d r ɪ ]_w
[_w t ɛ ʒ ]_w
[_w ɔ lʲ ɦ a ]_w
[_w n ɔ ɦ ɪ ]_w
[_w ʃ ɪ v ɛ ]_w
[_w ɔ p ɔ v ]_w
[_w d ɪ sʲ a ]_w
[_w d u ʒ a ]_w
[_w f i n ]_w
[_w ɔ d a ]_w
[_w tsʲ i n u ]_w
[_w b a s a ]_w
[_w i n ʃ ɛ ]_w
[_w r u d ɪ ]_w
[_w ɔ p ɔ x ]_w
[_w v i r a ]_w
[_w b i lʲ ]_w
[_w z v i j ]_w
[_w nʲ i dʒ ]_w
[_w s l a ]_w
[_w n t u u ]_w
[_w r ɔ lʲ ]_w
[_w d ɔ b ɪ ]_w
[_w k r a s ]_w
[_w t ɛ m ɪ ]_w
[_w t ɪ b u ]_w
[_w d r ɛ b ]_w
[_w d ɔ f a ]_w
[_w d v i ]_w
[_w d ɔ tʲ i ]_w
[_w m a s u ]_w
[_w t ɛ v ]_w
[_w tʃ a z ɪ ]_w
[_w t ɛ m a ]_w
[_w s ɔ b i ]_w
[_w z n a nʲ ]_w
[_w a k d ɪ ]_w
[_w lʲ i d ɔ ]_w
[_w dʲ i j a ]_w
[_w r ɔ k u ]_w
[_w t ɔ rʲ i ]_w
[_w t ɔ v ɔ ]_w
[_w tʃ ɔ lʲ i ]_w
[_w t ɔ m u ]_w
[_w b ɔ z a ]_w
[_w d a d a ]_w
[_w z ɛ k s ]_w
[_w p i d ɛ ]_w
[_w m ɛ d a ]_w
[_w b ɔ v i ]_w
[_w tʃ a s tʲ ]_w
[_w t u t ɪ ]_w
[_w m a z u ]_w
[_w d ɛ m u ]_w
[_w s t ɔ ]_w
[_w b ɔ ɦ u ]_w
[_w s ɔ n a ]_w
[_w sʲ u d ɪ ]_w
[_w a p ɪ ]_w
[_w r ɔ zʲ i ]_w
[_w ʃ ɔ sʲ ]_w
[_w ɦ r n ]_w
[_w t ɔ lʲ u ]_w
[_w s m i ɦ ]_w
[_w f ɔ n a ]_w
[_w l ɛ v ]_w
[_w r a d ɪ ]_w
[_w m ɔ ɦ ɪ ]_w
[_w j a tʲ ]_w
[_w f a ʒ i ]_w
[_w m i ʒ ]_w
[_w p u tʲ ]_w
[_w m ɔ ɦ ɔ ]_w
[_w t ɛ l ]_w
[_w z b i t ]_w
[_w v ɔ dʲ i ]_w
[_w k l a s ]_w
[_w s ɛ b ɛ ]_w
[_w b n b t ]_w
[_w z u tʲ ]_w
[_w t ɔ ʒ ]_w
[_w s u t ɔ ]_w
[_w s u d ]_w
[_w m ɔ s ]_w
[_w tʃ a s u ]_w
[_w a b ɪ ]_w
[_w t ɔ dʲ i ]_w
[_w b lʲ u s ]_w
[_w ɔ ts ɛ ]_w
[_w t ɛ k s ]_w
[_w t a l ɪ ]_w
[_w f i r ʒ ]_w
[_w b a r ]_w
[_w m ɔ v u ]_w
[_w f ɔ t a ]_w
[_w m a z ɪ ]_w
[_w x ɔ d ɪ ]_w
[_w m a v ]_w
[_w s ɪ l u ]_w
[_w k a ʃ ɛ ]_w
[_w d u x u ]_w
[_w n d a ]_w
[_w b u d ɪ ]_w
[_w u rʲ a d ]_w
[_w t ɪ x ɔ ]_w
[_w s n a v ]_w
[_w ʒ i s tʲ ]_w
[_w tʲ i t ɪ ]_w
[_w lʲ i s ]_w
[_w ɔ b i t ]_w
[_w tʃ a z u ]_w
[_w ɔ t a ]_w
[_w x a tʲ i ]_w
[_w r ɔ t u ]_w
[_w d v i j ]_w
[_w z a lʲ i ]_w
[_w j ɛ f ]_w
[_w r u x u ]_w
[_w d u x ]_w
[_w b ɔ ɛ t ]_w
[_w d r ɛ p ]_w
[_w ɔ p ɔ r ]_w
[_w j i ʒ i ]_w
[_w s ʃ a ]_w
[_w z lʲ i v ]_w
[_w zʲ i tʃ ]_w
[_w z b u ]_w
[_w ɦ ɔ t u ]_w
[_w t a b i ]_w
[_w t u ʒ u ]_w
[_w z d ɔ s ]_w
[_w d u r u ]_w
[_w p ɔ j u ]_w
[_w ʒ tʃ ɔ ]_w
[_w d ɔ ʃ tʃ ]_w
[_w ʒ ɪ d ɪ ]_w
[_w m ɛ dʲ i ]_w
[_w tʲ i j u ]_w
[_w t u ʒ a ]_w
[_w z u b ]_w
[_w a d ɔ ]_w
[_w z ɔ p i ]_w
[_w d ɔ b u ]_w
[_w f i t a ]_w
[_w n a ʃ ɛ ]_w
[_w p a s ɪ ]_w
[_w ʒ k i l ]_w
[_w x ɔ tʲ i ]_w
[_w z u t ]_w
[_w v ɪ d ɪ ]_w
[_w b i lʲ a ]_w
[_w z dʲ i l ]_w
[_w m ɛ t a ]_w
[_w ɔ p i d ]_w
[_w z a j d ]_w
[_w b u dʲ ]_w
[_w lʲ i z u ]_w
[_w d a d ɪ ]_w
[_w b u t u ]_w
[_w v ɔ n d ]_w
[_w j a t ɪ ]_w
[_w f i k u ]_w
[_w d u ʒ ɛ ]_w
[_w s u d u ]_w
[_w p i t ]_w
[_w m ɪ dʲ ]_w
[_w tʃ u ʃ i ]_w
[_w d ɪ d ɪ ]_w
[_w r u zʲ i ]_w
[_w ɦ a s u ]_w
[_w p ɔ v z ]_w
[_w u n r ]_w
[_w s nʲ i ɦ ]_w
[_w z nʲ i ɦ ]_w
[_w ɔ d ɔ ʃ ]_w
[_w b a n ɛ ]_w
[_w t ɔ tʲ i ]_w
[_w d u ʃ ɛ ]_w
[_w ɔ t n ɛ ]_w
[_w rʲ i dʒ ]_w
[_w d a t a ]_w
[_w b ɔ t a ]_w
[_w ʃ i s tʲ ]_w
[_w t u x a ]_w
[_w z p u ]_w
[_w k r a z ]_w
[_w j t u tʲ ]_w
[_w s ɔ ʃ ]_w
[_w s u tʲ ]_w
[_w m l r d ]_w
[_w f ɔ lʲ i ]_w
[_w p ɪ ʒ ɛ ]_w
[_w s r s r ]_w
[_w sʲ i tʃ i ]_w
[_w j a dʲ ]_w
[_w b r ɪ v ]_w
[_w i t ɛ ]_w
[_w d ɛ ʒ ]_w
[_w v z ɛ ]_w
[_w ɔ p l ]_w
[_w r a s u ]_w
[_w t ɔ p ɪ ]_w
[_w j t ɪ ]_w
[_w l ɛ dʲ ]_w
[_w z ɔ nʲ i ]_w
[_w s a m a ]_w
[_w t a k u ]_w
[_w b ɔ ɛ d ]_w
[_w ʒ ɪ f ]_w
[_w ɔ sʲ i p ]_w
[_w f ɔ lʲ u ]_w
[_w t v a ]_w
[_w z u p ]_w
[_w s n t ]_w
[_w p a zʲ i ]_w
[_w n a t ]_w
[_w a p ɔ r ]_w
[_w v a k d ]_w
[_w i d ɪ ]_w
[_w t ɛ zʲ ]_w
[_w d ɛ zʲ ]_w
[_w b ɪ ʃ ɛ ]_w
[_w z m i ɦ ]_w
[_w m a d ɪ ]_w
[_w ɦ ɛ tʲ ]_w
[_w d a k u ]_w
[_w t a v a ]_w
[_w p ɔ ʃ ɛ ]_w
[_w t a nʲ i ]_w
[_w p ɔ ɛ t ]_w
[_w n a d ]_w
[_w d d b ]_w
[_w z n a v ]_w
[_w p a sʲ i ]_w
[_w v ɔ tʲ i ]_w
[_w p r a d ]_w
[_w z m i ]_w
[_w z ɛ p ɛ ]_w
[_w dʒ ɛ s tʲ ]_w
[_w r a z u ]_w
[_w j d u tʲ ]_w
[_w nʲ i ʒ ]_w
[_w ɔ t r a ]_w
[_w v ɔ t ]_w
[_w k u b a ]_w
[_w p a d ]_w
[_w t v i ]_w
[_w b i z d ]_w
[_w s a m u ]_w
[_w tʃ u t ɪ ]_w
[_w t ɛ sʲ ]_w
[_w b ɛ r u ]_w
[_w f i r u ]_w
[_w p ɪ d ɪ ]_w
[_w f a k t ]_w
[_w z a n a ]_w
[_w sʲ i dʒ ]_w
[_w b ɔ ʃ ɛ ]_w
[_w sʲ u t ɪ ]_w
[_w v ɪ t ]_w
[_w p r ɪ f ]_w
[_w z ɔ b i ]_w
[_w f a ʃ ]_w
[_w f ɔ l ɪ ]_w
[_w i z u z ]_w
[_w n ɛ z ɛ ]_w
[_w d a v a ]_w
[_w z u dʲ ]_w
[_w ɔ ɔ n ]_w
[_w b a p a ]_w
[_w b ɔ v ]_w
[_w zʲ i l ]_w
[_w a nʲ i ʒ ]_w
[_w p ɪ t ɪ ]_w
[_w z u dʲ i ]_w
[_w d a p i ]_w
[_w t u ʃ u ]_w
[_w x i t ]_w
[_w z m d ]_w
[_w s ɔ p i ]_w
[_w b j u t ]_w
[_w b u t ɛ ]_w
[_w d ɔ p u ]_w
[_w f ɛ d ɛ ]_w
[_w d ɪ s ]_w
[_w s a d ɛ ]_w
[_w s p i d ]_w
[_w s u p ]_w
[_w z u t u ]_w
[_w b i l a ]_w
[_w d r a d ]_w
[_w x a d a ]_w
[_w m ɔ z ]_w
[_w d nʲ i ]_w
[_w ɔ t ɔ ʃ ]_w
[_w v zʲ a ]_w
[_w r a z ]_w
[_w v a d ]_w
[_w z a d ɛ ]_w
[_w j i ʒ u ]_w
[_w i ʒ tʃ ɛ ]_w
[_w p ɔ f ]_w
[_w s u b ]_w
[_w v ɛ zʲ ]_w
[_w t ɪ s ]_w
[_w k p i ]_w
[_w d ɛ m i ]_w
[_w t a t ɪ ]_w
[_w j ʒ l ɪ ]_w
[_w k u dzʲ a ]_w
[_w s ɪ r u ]_w
[_w v i t z ]_w
[_w t a d a ]_w
[_w tʲ i j i ]_w
[_w b ɪ v ɔ ]_w
[_w b ɔ v s ]_w
[_w t ɔ f ɔ ]_w
[_w u v ɛ zʲ ]_w
[_w t ɔ ʃ ]_w
[_w f ɔ t u ]_w
[_w n ɔ f u ]_w
[_w k u p a ]_w
[_w z m a k ]_w
[_w z ɔ r u ]_w
[_w b ɔ k u ]_w
[_w tʲ i d ɪ ]_w
[_w x a d u ]_w
[_w r ɔ p i ]_w
[_w b i k ]_w
[_w ʒ ɔ zʲ ]_w
[_w ʒ tʃ ɔ zʲ ]_w
[_w z ɪ m ɪ ]_w
[_w f ɔ t ɔ ]_w
[_w d a b i ]_w
[_w b a z a ]_w
[_w d ɪ b u ]_w
[_w z b i d ]_w
[_w t ɛ ʃ ]_w
[_w d s ɔ v ]_w
[_w d ɔ ʃ ]_w
[_w b ɔ f i ]_w
[_w zʲ i m ]_w
[_w z p i d ]_w
[_w p a tʃ ɛ ]_w
[_w v ɔ t ɪ ]_w
[_w ʒ ɪ l ɪ ]_w
[_w ɔ t ɔ ]_w
[_w dʒ ɛ r ]_w
[_w s l a f ]_w
[_w d ɛ f ]_w
[_w d ɛ ɦ ɪ ]_w
[_w b ɔ l ɛ ]_w
[_w f ɔ d ɪ ]_w
[_w ɦ a z u ]_w
[_w p i t ɪ ]_w
[_w v zʲ i m ]_w
[_w j a d ɔ ]_w
[_w s b i lʲ ]_w
[_w b a z ɪ ]_w
[_w z u d u ]_w
[_w b a dʒ ɛ ]_w
[_w v zʲ a v ]_w
[_w z u t ɔ ]_w
[_w m a t ɪ ]_w
[_w f a t ]_w
[_w ɡ u t ɪ ]_w
[_w b a nʲ i ]_w
[_w b i t ]_w
[_w j ʒ l a ]_w
[_w tʲ i j a ]_w
[_w f ɔ n ɪ ]_w
[_w p i z d ]_w
[_w t a z dʲ ]_w
[_w f ɛ zʲ ]_w
[_w t u ʃ a ]_w
[_w b a s ɪ ]_w
[_w f i k ]_w
[_w b ɪ ʒ ɛ ]_w
[_w t a j ɛ ]_w
[_w b u l ɪ ]_w
[_w b ɛ z ]_w
[_w f ɔ d u ]_w
[_w t ɛ f ]_w
[_w d ɪ p u ]_w
[_w t a s tʲ ]_w
[_w t ɔ f a ]_w
[_w n p u ]_w
[_w t ɔ p u ]_w
[_w t ɪ z ]_w
[_w z d a f ]_w
[_w v tʲ i m ]_w
[_w ɔ p ɪ s ]_w
[_w b i d ɛ ]_w
[_w m ɔ f a ]_w
[_w z l ɔ f ]_w
[_w f a ʒ ]_w
[_w f a z ]_w
[_w t t p ]_w
[_w b a r ɪ ]_w
[_w v zʲ i x ]_w
[_w d s ɔ f ]_w
[_w b r a f ]_w
[_w s f i j ]_w
[_w d ɔ f ɔ ]_w
[_w f ɔ dʲ i ]_w
[_w d ɪ z ]_w
[_w d a f ]_w
[_w b a zʲ i ]_w
[_w b u tʲ ]_w
[_w b a b a ]_w
[_w t u ʒ i ]_w
[_w f i d s ]_w
[_w s b u ]_w
[_w j ʒ ɔ v ]_w
[_w ɔ p i t ]_w
[_w t a d ɪ ]_w
[_w f i d ]_w
[_w z ɔ ʃ ]_w
[_w b a d ]_w
[_w d t b ]_w
[_w f u x a ]_w
[_w z l a f ]_w
[_w d ɛ ɡ ɪ ]_w
[_w b r a d ]_w
[_w s b i t ]_w
[_w ɔ b ɪ z ]_w
[_w b j u d ]_w
[_w f ɔ t ]_w
[_w ʃ ɪ f ɛ ]_w
[_w f ɔ tʲ i ]_w
[_w f ɔ t ɪ ]_w
[_w b t v ]_w
[_w f a ʃ i ]_w
[_w ɔ p ɪ z ]_w
[_w d d p ]_w
[_w b r ɪ f ]_w
[_w ɡ u d ɪ ]_w
[_w t d p ]_w
[_w ɔ zʲ i b ]_w
[_w n ɔ f ɛ ]_w
[_w n a f ]_w
[_w b i t ɪ ]_w
[_w b ɪ t ɪ ]_w
[_w p d v ]_w
[_w k a f a ]_w
[_w t a f ]_w
[_w t ɔ zʲ i ]_w
[_w f a s ]_w
[_w b ɔ f ]_w
[_w f ɔ ɦ ɔ ]_w
[_w n ɔ f a ]_w
[_w n a dʒ ɛ ]_w
[_w n ɔ f i ]_w
[_w b ɪ d ɪ ]_w
[_w p ɔ f i ]_w
[_w s l ɔ f ]_w
[_w f i t z ]_w
[_w u m ɔ f ]_w
[_w s n a f ]_w
[_w k a f ɛ ]_w
[_w j a dʒ ]_w
[_w p n p d ]_w
[_w z n ɔ f ]_w
[_w t ɛ ɡ ɪ ]_w
[_w zʲ i dʒ ]_w
[_w k rʲ i zʲ ]_w
[_w j ʃ ɔ f ]_w
[_w b ɔ v z ]_w
[_w ɔ b ɔ f ]_w
[_w f a d ]_w
[_w f ɔ d a ]_w
[_w ʃ ɔ zʲ ]_w
[_w m ɔ f i ]_w
[_w d a f a ]_w
[_w b n p t ]_w
[_w m ɔ f ]_w
[_w ʃ ɪ f ]_w
[_w s b i d ]_w
[_w v sʲ a f ]_w
[_w s n ɔ f ]_w
[_w d t p ]_w
[_w lʲ i zʲ i ]_w
[_w m ɔ f u ]_w
[_w k r ɔ f ]_w
[_w ɔ s b b ]_w
[_w m a f ]_w
[_w p a dʒ ɛ ]_w
[_w t a f a ]_w
[_w ɡ u b a ]_w
[_w a dʒ ɛ ]_w
[_w ɡ ɪ m ]_w
[_w ɡ u tsʲ a ]_w
[_w b n p d ]_w
[_w ʒ ɪ f ɛ ]_w
[_w ɡ u p u ]_w
[_w p ɪ f ɔ ]_w
[_w ɔ zʲ i p ]_w
[_w ɡ u dzʲ a ]_w
[_w t ɔ f ]_w
[_w b ɪ f ɔ ]_w
[_w t z ɔ f ]_w
[_w v zʲ a f ]_w
[_w ɡ u b u ]_w
[_w d ɔ f ]_w
[_w dʒ ɛ z dʲ ]_w
[_w t ɔ f i ]_w
[_w d ɔ f i ]_w
[_w ɡ u p a ]_w
[_w ɔ p ɔ f ]_w
[_w j ʒ ɔ f ]_w
