[_w ɡ a m a ʈ a ]_w
[_w t̪ eː h a ]_w
[_w b i r iː ]_w
[_w t̪ e s i n ]_w
[_w ʋ a j a ]_w
[_w k a r m a j eː ]_w
[_w h a ʈ a ]_w
[_w m a h aː ]_w
[_w p e l a b a ]_w
[_w ʋ u ʋ a t̪ p a d̪ ]_w
[_w ɡ a nː a ʋ aː ]_w
[_w p u d̪ː i j a ]_w
[_w t̪ u m aː k eː ]_w
[_w m e j a ]_w
[_w b aː ʃ aː ʋ a ]_w
[_w k o ʈ a ]_w
[_w b æ h æ ]_w
[_w i lː u m ]_w
[_w l e s a j a ]_w
[_w k r a m a n a ]_w
[_w p æ r a n i n ]_w
[_w d̪ a r u ]_w
[_w l æ b u ʋ eː ]_w
[_w p i r i m i ]_w
[_w r oː t̪ a ]_w
[_w s i t̪ u ʋ a ]_w
[_w m e s eː j a ]_w
[_w p r a k a n u ]_w
[_w n i j a ]_w
[_w tʃ iː ʋ i ]_w
[_w n a k a ʈ a j a ]_w
[_w k aː s t̪ u ]_w
[_w m a t̪ a ʈ a t̪ ]_w
[_w b i ʈ a t̪ i n ]_w
[_w k æ n i m a ʈ a ]_w
[_w æ m e r i k a n ]_w
[_w h a ʋ u l a ]_w
[_w d̪ i n a j a ]_w
[_w s i d̪ː iː n ]_w
[_w p aː ʋ i d̪ a ]_w
[_w k a h a r u ]_w
[_w s eː m a ]_w
[_w p uː m i ]_w
[_w p a t̪ a ]_w
[_w ɡ i s i j a ]_w
[_w æ t̪ u l a t̪ a ]_w
[_w s eː ʋ aː ]_w
[_w ɖ o n ]_w
[_w d̪ a d̪ ]_w
[_w t̪ i b u n i ]_w
[_w e d̪ aː ]_w
[_w l æ b u n i ]_w
[_w p æ h æ j e n ]_w
[_w s i r i ]_w
[_w k a t̪ a ]_w
[_w b uː m i ]_w
[_w k æ n iː m a ɡ ]_w
[_w t̪ a nː a ]_w
[_w s e n a ]_w
[_w r a tʃ u ʈ a ]_w
[_w d̪ a k ʋ a n a ]_w
[_w p i m ]_w
[_w m aː j i m ]_w
[_w dʒ iː ʋ a j a k ]_w
[_w s e n ]_w
[_w s a l a ]_w
[_w ʋ i s i n i ]_w
[_w d̪ r a ʋ j a ]_w
[_w k i r iː m a ]_w
[_w k u l u n u ]_w
[_w n o h æ k i j i ]_w
[_w d̪ æ b i j a ]_w
[_w t̪ a ʋ a s eː ]_w
[_w a t̪ j a j eː ]_w
[_w ʋ a r k a j a ]_w
[_w ʋ a l a k ]_w
[_w p a ʈ a d̪ ]_w
[_w h r i d̪ a ]_w
[_w ɡ r i ʈ aː ]_w
[_w a b eː ]_w
[_w k a ʋ u t̪ a ]_w
[_w ʋ a ʈ a ]_w
[_w d̪ a ʋ a s a n a ]_w
[_w p æ ⁿd̪ a ]_w
[_w n o k a nː aː ]_w
[_w j e d̪ iː m e n ]_w
[_w s u nː i ]_w
[_w h a ʋ u r u d̪ u ]_w
[_w a p eː ]_w
[_w t̪ a p a n a d̪ u ]_w
[_w o b eː ]_w
[_w n i j a m ]_w
[_w t̪ a r b a n a ]_w
[_w æ j a ɡ eː ]_w
[_w t̪ æ m iː m a ]_w
[_w m a s u n ]_w
[_w t̪ i k i n ]_w
[_w k i ʋ i s u ]_w
[_w s e n ɖ i ]_w
[_w a t̪ i k a ]_w
[_w p aː s a l eː ]_w
[_w a s ʋ æ nː a ]_w
[_w o b a ʋ a j a ]_w
[_w ʋ ai r a s a ]_w
[_w ʋ i d̪ a r a j i ]_w
[_w eː ʋ aː j eː ]_w
[_w d̪ i sː a ]_w
[_w j a k a ]_w
[_w s a d̪ u ʈ u ]_w
[_w e lː a ]_w
[_w ɡ a h a ]_w
[_w e j aː ɡ eː ]_w
[_w p r a p a ʋ i n ]_w
[_w a r b u t̪ a ]_w
[_w e r e h i ʋ a ]_w
[_w p aː d̪ a k a t̪ a ]_w
[_w eː k e n ]_w
[_w t̪ i n a k a d̪ ]_w
[_w k aː m a r a n a ]_w
[_w p a h a ]_w
[_w s u b a ]_w
[_w ʋ æ ɖ i j a ]_w
[_w p i h i ʋ uː ]_w
[_w s e s u ]_w
[_w s a r ]_w
[_w a j a ʈ a ]_w
[_w o ʋ u n ɖ a ]_w
[_w d̪ iː l aː ]_w
[_w t̪ i j u n u ]_w
[_w p i l i b i j a ]_w
[_w h a r a ʋ a ]_w
[_w ʋ aː d̪ j a j a ]_w
[_w n iː t̪ i j a ]_w
[_w r a dʒ a j a ɖ a ]_w
[_w a ʈ u ]_w
[_w ʋ u n aː ]_w
[_w j o ʋ u n ɡ eː ]_w
[_w r a dʒ a n a ]_w
[_w ʋ i s u m ]_w
[_w ʋ e n a s k a m ]_w
[_w s a m a ]_w
[_w m o h u ɡ eː ]_w
[_w u d̪ː a l a ]_w
[_w ʋ a s t̪ u ʋ a ]_w
[_w m aː j aː ]_w
[_w p i ʈ a t̪ i n ]_w
[_w d̪ u ɡ a r a j a ]_w
[_w dʒ a n a j aː ]_w
[_w l i j uː ]_w
[_w p æ l a ]_w
[_w s a m a d̪ ]_w
[_w t̪ a m a j eː ]_w
[_w d̪ iː r a j a ]_w
[_w n o k e n a ]_w
[_w h i t̪ a ]_w
[_w ʃ r a m a j a ]_w
[_w s i j a ʋ a n a ]_w
[_w p æ ʋ æ t̪ i ]_w
[_w p a t̪ ʋ uː ]_w
[_w a t̪ a h a ʈ u ]_w
[_w i l a kː a ]_w
[_w a j i t̪ i j a ]_w
[_w k o d̪ a r a ]_w
[_w n a k a ]_w
[_w ʋ i dʒ a j a ʈ a ]_w
[_w dʒ oː r dʒ ]_w
[_w ɡ i j a l u ]_w
[_w s i t̪ i j a ]_w
[_w i d̪ aː l i ]_w
[_w s uː r j aː ]_w
[_w l a t̪ː eː ]_w
[_w ʋ eː l aː ʋ a ]_w
[_w dʒ eː m s ]_w
[_w t̪ æ n ]_w
[_w s a m aː dʒ a ]_w
[_w æ s u r i n ]_w
[_w s p a r ʃ a j a ]_w
[_w a s a m a j a ]_w
[_w j a n d̪ r a ]_w
[_w b a ʋ a t̪ a n a ]_w
[_w k i j a p u ]_w
[_w d̪ æː ɡː a ]_w
[_w h æ r iː ]_w
[_w l a b aː t̪ iː ]_w
[_w p u r u ʃ a ]_w
[_w k r a m a ]_w
[_w l a m u ʋ a ]_w
[_w ʋ i ʈ a m a ]_w
[_w r a dʒ u k eː ]_w
[_w j a ʈ i n ]_w
[_w n aː s aː ]_w
[_w m i n i s aː ]_w
[_w k æ m æ t̪ː a ]_w
[_w n i k aː j a ]_w
[_w b a t̪ r a ]_w
[_w æ t̪ u l a t̪ ]_w
[_w l a m u ]_w
[_w d̪ e nː aː ]_w
[_w s a m p a ]_w
[_w ɡ a n a n a k ]_w
[_w ʋ aː r i ]_w
[_w p a r a n i ]_w
[_w aː t̪ aː r a ]_w
[_w oː n e ]_w
[_w s a m a j a ]_w
[_w a n u p a l a ]_w
[_w k r a m a j a ]_w
[_w l æ ɡ e n a ]_w
[_w k o ʋ i t̪ æ n ]_w
[_w p aː ʋ u l ]_w
[_w k a n a ]_w
[_w a j i t̪ iː n ]_w
[_w i n d̪ i ]_w
[_w ɡ i j a ʋ a ]_w
[_w b a ʋ u l ]_w
[_w a t̪ j a ]_w
[_w h iː n a ]_w
[_w j eː s u s ]_w
[_w s u d̪ u s u ]_w
[_w dʒ a l i d̪ a ]_w
[_w s t̪ aː b i d̪ a ]_w
[_w ʋ æ ʈ i ]_w
[_w i n p a s u ]_w
[_w d̪ i p u n i ]_w
[_w s i t̪ u ʋ i j a ]_w
[_w d̪ iː m a j i ]_w
[_w s i ʈ iː ]_w
[_w d̪ æ k i j aː ]_w
[_w k e s eː d̪ a ]_w
[_w dʒ a n t̪ r iː ]_w
[_w f e ɖ a r a ]_w
[_w p i h i ]_w
[_w ʋ a k a ʈ a d̪ a ]_w
[_w l a p aː t̪ u n ]_w
[_w h u n u ʋ a ʈ a ]_w
[_w a n u ʋ e n ]_w
[_w p i n t̪ uː r a ]_w
[_w n o l æ p eː ]_w
[_w m e d̪ e k ]_w
[_w n æ k iː ]_w
[_w b e d̪ i ]_w
[_w d̪ a h a s a ɡ ]_w
[_w p a ʈ i k a t̪ ]_w
[_w d̪ e ʋ i j a t̪ ]_w
[_w h u r u ]_w
[_w k u n a ]_w
[_w s i r i t̪ ]_w
[_w a k r iː j a ]_w
[_w b a r a m a j a ]_w
[_w t̪ eː ʋ a l ]_w
[_w p a r i m a j a ]_w
[_w ʃ a l j a ]_w
[_w b a s i n ]_w
[_w aː t̪ a r ]_w
[_w ɡ u r ]_w
[_w d̪ a r u ʋ e k i ]_w
[_w p a s a ]_w
[_w s i t̪ u ]_w
[_w d̪ a n d̪ u ]_w
[_w æ t̪ u n ]_w
[_w k iː t̪ a ]_w
[_w m aː s a ]_w
[_w p æ ʋ a d̪ u ]_w
[_w k a nː aː ]_w
[_w ʋ æ ʈ i ʋ a ]_w
[_w l o m ]_w
[_w d̪ a t̪ ]_w
[_w ʋ a d̪ u r a ]_w
[_w d̪ æ k ʋ i j a ]_w
[_w j aː ɡ o b ]_w
[_w p a h u d̪ a ]_w
[_w ʋ a ɡ r a ]_w
[_w t̪ aː r a k ʃ aː ]_w
[_w s aː d̪ a ]_w
[_w dʒ a l a ]_w
[_w h u t̪ e k ]_w
[_w k e ʋ i j a ]_w
[_w eː ʋ aː j a ]_w
[_w ʋ a k aː ʋ a ]_w
[_w a n d̪ a ]_w
[_w s i h i ]_w
[_w ʋ a t̪ u n aː ]_w
[_w o ʋ u h u ]_w
[_w e k d̪ a ]_w
[_w u b a ]_w
[_w m a t̪ a j a n ]_w
[_w ʋ iː m e n ]_w
[_w eː m a ]_w
[_w s e m i n ]_w
[_w e j i n ]_w
[_w d̪ a l a ]_w
[_w n æ ᵐb u r u ]_w
[_w m a n aː ʋ æ ɡ i ]_w
[_w oː d̪ a ʈ o k s ]_w
[_w l æ p u n u ]_w
[_w aː ɡ a m a ]_w
[_w ɡ e r e h i ʋ a ]_w
[_w n o m i l eː ]_w
[_w ɡ a r a ]_w
[_w d̪ i n aː ]_w
[_w u ɖ i n ]_w
[_w i lː u m a k ]_w
[_w ɡ a l ]_w
[_w p a ɖ a r ]_w
[_w d̪ iː r a n a j a ]_w
[_w ɖ i dʒ i ʈ a l ]_w
[_w b a t̪ː i n i ]_w
[_w p aː ʋ i t̪ aː ]_w
[_w j u d̪ː a j e n ]_w
[_w h i t̪ a nː eː ]_w
[_w dʒ oː d̪ a n aː ]_w
[_w b a l aː d̪ i ]_w
[_w tʃ iː ʋ a n a ]_w
[_w p i h i ʈ aː ]_w
[_w tʃ a n d̪ r iː ]_w
[_w ʃ aː ɡ a ]_w
[_w ʋ æ ʈ a ]_w
[_w j u ʋ a ]_w
[_w u n u ]_w
[_w ʋ a l a ʈ a ]_w
[_w a t̪ a h æ r a ]_w
[_w s i ʈ i j eː ]_w
[_w a kː a r a ]_w
[_w m a n u ]_w
[_w n o j e k u t̪ ]_w
[_w n a ɖ a ]_w
[_w ʃ aː n d̪ i k a ]_w
[_w ɡ i h i p a ]_w
[_w p æ r a n i ]_w
[_w ʋ uː ʋ a k i ]_w
[_w r oː m a j eː ]_w
[_w tʃ a n a j a ]_w
[_w ʈ e s ʈ ]_w
[_w ʋ eː t̪ a j a n ]_w
[_w t̪ u l a t̪ ]_w
[_w m aː r ɡ a j a ]_w
[_w d̪ a n d̪ a ]_w
[_w s æ p a j u m a ]_w
[_w t̪ a h a s eː ]_w
[_w d̪ a r u ʋ a n a ]_w
[_w k a n i t̪ a j a ]_w
[_w k u r u ]_w
[_w j aː m a k ]_w
[_w o h u ɖ a ]_w
[_w ɡ iː t̪ a ]_w
[_w t̪ a r ɡ a ]_w
[_w n æ ɖ u m ]_w
[_w p o l o ʋ a ]_w
[_w d̪ a r u n a k i ]_w
[_w ʋ a l a m u ]_w
[_w b i h i ʈ u ]_w
[_w ʋ æ ʈ a k ]_w
[_w d̪ i b u n i ]_w
[_w s r i t̪ u ]_w
[_w ɡ r æ f i k ]_w
[_w l a ʋ aː ]_w
[_w d̪ aː r aː ]_w
[_w ʋ i k r a h a ]_w
[_w a r t̪ a n a n a ]_w
[_w ʈ o l a r ]_w
[_w ɡ r a m a ]_w
[_w l æ b a ]_w
[_w ɡ a n i d̪ i ]_w
[_w ɡ r i ʃ i ]_w
[_w k r i k a n ]_w
[_w t̪ u m aː ]_w
[_w n æ ʋ a t̪ a ]_w
[_w s i j a l i ]_w
[_w n o ʋ uː ]_w
[_w r oː s a ]_w
[_w d̪ æ ɖ i ]_w
[_w d̪ æ k a ]_w
[_w r a l u ]_w
[_w u d̪ u r eː ]_w
[_w t̪ eː r u m a ]_w
[_w ʋ i k r i d̪ i ]_w
[_w m e ʋ æ n i ]_w
[_w o ʋ h u ]_w
[_w l e n ]_w
[_w ʋ u h a ]_w
[_w s i ʋ ]_w
[_w n æ t̪ i ʋ iː m a ]_w
[_w dʒ iː n a ]_w
[_w a r t̪ a ]_w
[_w i lː u m a ɡ ]_w
[_w t̪ u m ]_w
[_w ɡ a l eː ]_w
[_w l a ᵑɡ aː ]_w
[_w d̪ i b uː ]_w
[_w j a m i n ]_w
[_w j u t̪ː a j eː ]_w
[_w n a l a ]_w
[_w p æ ʋ i n ]_w
[_w t̪ u ʋ aː l a ]_w
[_w k i j a ʋ a ]_w
[_w h æ ⁿd̪ i n ʋ eː ]_w
[_w s a m u d̪ u ]_w
[_w b e r eː r aː ]_w
[_w d̪ a h a n ]_w
[_w j aː t̪ r aː ]_w
[_w r aː ʋ a ]_w
[_w ʋ a nː eː ]_w
[_w k æ m æ t̪ː a k ]_w
[_w b æ ʋ a t̪ u m ]_w
[_w ɡ r æː m ]_w
[_w p a l a ]_w
[_w d̪ a k i nː a ]_w
[_w a s a m a k ]_w
[_w k æ n iː m a ]_w
[_w a ʋ a ʃ j a ]_w
[_w t̪ a h a n s eː ]_w
[_w ʋ a ʈ aː d̪ ]_w
[_w s uː t̪ r a ]_w
[_w k a p aː ]_w
[_w ʋ i ʈ a ]_w
[_w j e t̪ iː m e n ]_w
[_w s i ʈ i j a m ]_w
[_w m e h e j a k ]_w
[_w a ʋ a m a ]_w
[_w ʋ a nː a ʈ a ]_w
[_w t̪ e n aː ]_w
[_w h e j i n ]_w
[_w l a p a t̪ ]_w
[_w l a m a j eː ]_w
[_w d̪ e k a k a ]_w
[_w s p a r ʃ a n a ]_w
[_w s i t̪ː i j a ]_w
[_w s æ m a ]_w
[_w t̪ a r a ]_w
[_w dʒ i t̪ r a ]_w
[_w r aː m u ]_w
[_w a n a ʋ a t̪ ʋ aː ]_w
[_w a h a s a ]_w
[_w m a j i n a ]_w
[_w ʋ iː j a ]_w
[_w tʃ ai t̪ j a j eː ]_w
[_w oː n eː ]_w
[_w d̪ æ m iː m a ]_w
[_w d̪ a k n a ʈ a ]_w
[_w eː ɡ a ]_w
[_w p a ʋ a ]_w
[_w k r i ]_w
[_w h eː t̪ u ʋ a n a ]_w
[_w l æ b eː ]_w
[_w k r a h a s ]_w
[_w m i l a ]_w
[_w a j a k ]_w
[_w ʋ i r u d̪ː a ]_w
[_w k u n a ʈ a ]_w
[_w p a ʋ a t̪ i ]_w
[_w b aː ʃ aː n a ]_w
[_w t̪ æ k ʋ iː j a ]_w
[_w s aː t̪ a k a ]_w
[_w e j i ]_w
[_w o bː a ʈ a ]_w
[_w ʋ aː n i tʃ a ]_w
[_w t̪ i ʋ a ]_w
[_w p eː l i ]_w
[_w k a l a ]_w
[_w p u l u ʋ a n a ]_w
[_w a j a t̪ ʋ eː ]_w
[_w t̪ e s a ]_w
[_w s t̪ a r a ]_w
[_w a r d̪ a ]_w
[_w d̪ aː n j a ]_w
[_w u p a ]_w
[_w d̪ e k a k a ɖ a ]_w
[_w s oː ʋ i j a ]_w
[_w ɡ u m a r i k aː ]_w
[_w i k æ n ʋ iː m ]_w
[_w a d̪ i r eː k a ]_w
[_w a d̪ j a j a ]_w
[_w ʋ eː t̪ a ]_w
[_w h a j a ]_w
[_w n i ʋ aː s a ]_w
[_w ʋ iː m a j i ]_w
[_w r a tʃ i t̪ a ]_w
[_w t̪ a ʋ a m a ]_w
[_w ʋ u n u ]_w
[_w h i ʈ a j i ]_w
[_w p a lː i j eː ]_w
[_w l a b aː d̪ u n ]_w
[_w m a ʈː a m i n ]_w
[_w b a t̪ a ]_w
[_w u t̪ u r æ ]_w
[_w h æ ɖ a ]_w
[_w m e k iː ]_w
[_w e l i ]_w
[_w k eː n t̪ r a ]_w
[_w æ t̪ iː ]_w
[_w l æ b u n eː ]_w
[_w d̪ e s i n ]_w
[_w m u t̪ a l a ]_w
[_w s t̪ uː p a d̪ ]_w
[_w r æ ⁿd̪ iː ]_w
[_w m a d̪ i j a ]_w
[_w n aː ʈ j a j a ]_w
[_w b a t̪ a j i ]_w
[_w h æ ɖ i j a ʈ ]_w
[_w k a l p a ]_w
[_w h i s ]_w
[_w k a ⁿd̪ a ]_w
[_w l e s a ]_w
[_w ʋ i j a ]_w
[_w i d̪ aː m a ]_w
[_w n æ t̪ u ʋ a kː u ]_w
[_w d̪ e n e k ]_w
[_w d̪ i n a k a ]_w
[_w ɡ a l aː b a ]_w
[_w t̪ e ʋ a n a ]_w
[_w p aː ɖ a ]_w
[_w k o ʈ a s ]_w
[_w b æ h æ d̪ i ]_w
[_w k æ h æ n ]_w
[_w o j aː t̪ ]_w
[_w e j aː ʈ a ]_w
[_w l au k i ɡ a ]_w
[_w ʋ uː t̪ ]_w
[_w j a ʈ i ]_w
[_w ɡ a n a n a ]_w
[_w aː n ʈ u ]_w
[_w p æ t̪ i r iː ]_w
[_w a n d̪ a m a ]_w
[_w k iː p a ]_w
[_w a j e k i ]_w
[_w s a ʋ i ]_w
[_w k aː ʃ j a p a ]_w
[_w p a ʋ u l ]_w
[_w s a m a k ]_w
[_w ʋ i r oː t̪ iː ]_w
[_w n a m i n i ]_w
[_w b u ʋ a d̪ ]_w
[_w d̪ æ j i ]_w
[_w æː d̪ i n ]_w
[_w a s aː n dʒ ]_w
[_w ʋ i l i j e l a ]_w
[_w h o ⁿd̪ a ɖ a ]_w
[_w k a r a ]_w
[_w eː k a ]_w
[_w ʃ u d̪ː a ]_w
[_w h æ k i j a ]_w
[_w m u h u t̪ a ʈ a ]_w
[_w s i d̪ eː ]_w
[_w ʋ a k aː ]_w
[_w ʋ i ʃ aː l a ]_w
[_w r aː dʒ j a j a ]_w
[_w e l e s a j a ]_w
[_w p a t̪ ʋ eː ]_w
[_w m u t̪ a l ]_w
[_w l i p i ]_w
[_w ɡ o ʈ u ʋ a ]_w
[_w m e ʋ a n ]_w
[_w m aː n a ]_w
[_w ɡ a r u ʋ e k u ]_w
[_w ɡ oː l a ]_w
[_w k aː l a j a ]_w
[_w ʋ eː k a ]_w
[_w h a m u d̪ u n ]_w
[_w dʒ iː ʋ a j a ]_w
[_w ɡ e r e nː eː ]_w
[_w ɡ i n ]_w
[_w n aː m a j a k ]_w
[_w k r iː ɡ a ]_w
[_w u ɡ a t̪ ]_w
[_w a ʃ ʋ a ]_w
[_w o l i m b i k ]_w
[_w t̪ a h a n a ]_w
[_w t̪ a n a m ]_w
[_w h æ r a ]_w
[_w ʋ i d̪ eː ]_w
[_w t̪ o k a ]_w
[_w t̪ i ʋ i j a ]_w
[_w ʋ j u h a j a ]_w
[_w æ t̪ u ʋ a k ]_w
[_w n u ʋ a ʈ a ]_w
[_w t̪ i m oː d̪ i ]_w
[_w a r aː b i ]_w
[_w d̪ i b u n u ]_w
[_w eː k a ɡ a ʈ a ]_w
[_w m aː s a j aː ]_w
[_w d̪ iː r a n a ]_w
[_w p e n iː ]_w
[_w k a r a j a ]_w
[_w r eː ɡ aː ʋ a ]_w
[_w ʋ a n a ]_w
[_w s a ᵑɡ a r aː ]_w
[_w h æ kː eː ]_w
[_w h u ᵑɡ a k ]_w
[_w s a m a ᵑɡ a ]_w
[_w ɡ a n a ]_w
[_w d̪ a k ʋ aː ]_w
[_w h e l i ]_w
[_w j o d̪ aː ]_w
[_w k i j aː d̪ u ]_w
[_w a ʈ aː l a ]_w
[_w m iː ɖ a ]_w
[_w ʋ i k a ]_w
[_w aː ʃ r a j a k ]_w
[_w p a ʈ a n ]_w
[_w l a t̪ː a ɡ ]_w
[_w p uː r n a ]_w
[_w j u t̪ u d̪ a ]_w
[_w r a ʈ aː ʋ a k ]_w
[_w ʋ a r i n ]_w
[_w p æ n a ]_w
[_w r oː ɡ i j aː ]_w
[_w k a ʋ a t̪ a ]_w
[_w n a d̪ u r u ]_w
[_w k a l ]_w
[_w r oː k a j a k ]_w
[_w ɡ a l a ]_w
[_w ʋ a h aː m a ]_w
[_w s æː d̪ iː ]_w
[_w ɡ æ n a ]_w
[_w t̪ e k a k i ]_w
[_w e j a ]_w
[_w ʋ e s e n a ]_w
[_w a m a t̪ ]_w
[_w p e d̪ i ]_w
[_w a l u d̪ ]_w
[_w b o s i l a ]_w
[_w r oː h a l ]_w
[_w a ʋ a s aː ]_w
[_w p a ʋ i t̪ r a ]_w
[_w p iː dʒ a ]_w
[_w d̪ a r a ]_w
[_w n a t̪ː a l ]_w
[_w d̪ æ m uː ]_w
[_w n o ʋ iː m a ]_w
[_w p uː t̪ a j a ɡ ]_w
[_w p iː ʈ aː ]_w
[_w aː l eː p a ]_w
[_w ʋ i b a ʋ a d̪ iː ]_w
[_w u b a j oː ɡ i ]_w
[_w m i ʃ r a ]_w
[_w a d̪ j a ]_w
[_w j oː b ]_w
[_w p oː m p a ]_w
[_w e f iː s a ]_w
[_w n o j e k ]_w
[_w j a ʋ aː ]_w
[_w s a l ]_w
[_w r æ s ]_w
[_w æ j i ]_w
[_w s u p i r i ʋ a ]_w
[_w p i m a ]_w
[_w a b a h a s a ]_w
[_w l a p aː ]_w
[_w a n aː ʋ æ k i ]_w
[_w ʋ a ʃ a j e n ]_w
[_w a r t̪ a j e n ]_w
[_w a t̪ a r i n ]_w
[_w p a h a l a ]_w
[_w ʋ i d̪ ʋ a ]_w
[_w a m l a ]_w
[_w t̪ a d̪ i j a k ]_w
[_w m a ʈ u ]_w
[_w ɡ i j a ʋ a n a ]_w
[_w h æ ᵑɡ iː m a k ]_w
[_w k e l a ʋ a ]_w
[_w d̪ i n a k ]_w
[_w e k a ᵑɡ a ]_w
[_w k i j æ ʋ eː ]_w
[_w dʒ a l a j a n a ]_w
[_w ɡ i h i ]_w
[_w tʃ i d̪ r a ]_w
[_w k aː r a n aː ]_w
[_w p oː k a ]_w
[_w p r a ʋ eː ʃ a ]_w
[_w b i ʈ a b u n ]_w
[_w h i s a ]_w
[_w s eː t̪ a ]_w
[_w k æ n a ]_w
[_w tʃ iː ʋ a t̪ ]_w
[_w d̪ u l a d̪ ]_w
[_w h a t̪ u n ]_w
[_w a j a ɡ ]_w
[_w d̪ aː t̪ u ʋ a kː u ]_w
[_w s i ʈ i nː eː ]_w
[_w s a h a ]_w
[_w p æ ⁿd̪ iː m a ]_w
[_w i p æ r a n i ]_w
[_w m aː r t̪ u ]_w
[_w p a m a n a m a ]_w
[_w ʋ uː ʋ aː j a ]_w
[_w ʋ i ʃ eː ʃ a ]_w
[_w ʃ aː n d̪ i ]_w
[_w d̪ a ʋ a m a t̪ ]_w
[_w s i d̪ u ʋ i l i ]_w
[_w d̪ eː ʋ a l i n ]_w
[_w t̪ a h a ʈ u ]_w
[_w d̪ e k eː ]_w
[_w m au r j a ]_w
[_w s a mː aː n a ]_w
[_w j oː ɡ a ]_w
[_w ʋ i ɡ i r a n a ]_w
[_w ɡ o ʈ a ]_w
[_w ʋ a t̪ m a n ]_w
[_w ɡ o l o sː i ]_w
[_w r a tʃ a ]_w
[_w b o ʈ i ]_w
[_w p a ʋ a j i ]_w
[_w dʒ a r i t̪ a ]_w
[_w s o j aː ɡ eː ]_w
[_w m u d̪ a l a ]_w
[_w d̪ æː ɡ i ]_w
[_w s a r a n a ]_w
[_w r a ʈ e h i ]_w
[_w i l a kː a j a ]_w
[_w s uː t̪ r a j a ]_w
[_w p i h i ʈ u ]_w
[_w l a k aː ]_w
[_w s a m aː d̪ a l eː ]_w
[_w s ʋ aː m iː n ]_w
[_w ʋ a d̪ a ]_w
[_w n i ʋ a s a k ]_w
[_w ɡ oː p i ]_w
[_w p e d̪ aː ]_w
[_w h i ʈ a j a ]_w
[_w ɡ i j aː j i ]_w
[_w s o h o n ]_w
[_w p i d̪ː i ]_w
[_w ʃ ai l a m a j a ]_w
[_w d̪ æ ʋ a ]_w
[_w s a ⁿd̪ a ]_w
[_w k aː l a ]_w
[_w j oː k j a ]_w
[_w h o d̪ i n ]_w
[_w i sː a n ]_w
[_w t̪ i b iː ]_w
[_w p e r a h æ r a ]_w
[_w m a k i n i ]_w
[_w ʋ a r ʃ a n a ]_w
[_w r æ k e n a ]_w
[_w i n d̪ iː j a ]_w
[_w s æ l a k iː ]_w
[_w ʋ i d̪ j aː ]_w
[_w i ɡ e n ]_w
[_w ʋ i ʋ aː t̪ a j a ]_w
[_w m aː s a j a ]_w
[_w n e ʋ e j i ]_w
[_w l a d̪ i n a k ]_w
[_w o h u ]_w
[_w p e n e n a ]_w
[_w ɡ a nː eː ]_w
[_w æ m e r i k aː ]_w
[_w b aː s a l eː ]_w
[_w k a ᵑɡ a ]_w
[_w h eː t̪ u ]_w
[_w m i s a ]_w
[_w ʋ e l aː ]_w
[_w j u r oː b aː ]_w
[_w h a r a ]_w
[_w t̪ u nː a ]_w
[_w d̪ aː k æ b a ]_w
[_w l eː k a m ]_w
[_w ʋ iː m a ʈ a ]_w
[_w k u m a n a ]_w
[_w d̪ e k a ]_w
[_w r a ʈ aː ʋ a ]_w
[_w n i s aː m a ]_w
[_w ʋ a s t̪ uː n ]_w
[_w l aː b a j a n ]_w
[_w b a l a p æː ]_w
[_w r oː ɡ iː n ]_w
[_w t̪ iː r ɡ a ]_w
[_w p a m a n a ]_w
[_w n j aː j a ]_w
[_w e j a j i ]_w
[_w s æ h æ lː u ]_w
[_w ʃ a ʈ a r ]_w
[_w s a t̪ u n ]_w
[_w s uː r j a ]_w
[_w p æ ʋ æ t̪ m a ]_w
[_w eː ʋ aː j i n ]_w
[_w ʋ i l i ]_w
[_w s u p i m ]_w
[_w p u t̪ a ]_w
[_w m iː ʈ a ]_w
[_w p aː p ]_w
[_w ɡ aː s aː ]_w
[_w a k u n eː ]_w
[_w n o ɡ a l a ]_w
[_w æ s u r u m a ]_w
[_w b i l i b i ᵐb u ]_w
[_w ʋ e n a ]_w
[_w p æ h æ t̪ i l i ]_w
[_w p æ h æ d̪ i ]_w
[_w tʃ o k a l a k a ]_w
[_w a ʈ u m a ]_w
[_w p æ h æ ]_w
[_w j u d̪ a ]_w
[_w s a t̪ u ʈ i n ]_w
[_w e lː aː ]_w
[_w h æ t̪ i ]_w
[_w ʋ a n t̪ a j a ]_w
[_w p a ʋ a ɡ eː ]_w
[_w ʋ a r ɡ a j a k ]_w
[_w j u r oː p aː ]_w
[_w r oː ɡ a j eː ]_w
[_w s a k a s ]_w
[_w s a mː aː ]_w
[_w u t̪ s aː h a ]_w
[_w h i m i ʋ eː ]_w
[_w e k a m a n a ]_w
[_w ʋ a l i n ]_w
[_w p a l a m u ]_w
[_w h æ ᵑɡ iː m ]_w
[_w r eː k aː ]_w
[_w r i d̪ iː n ]_w
[_w l æ k e n a ]_w
[_w ʃ i l p iː n ]_w
[_w p a m a n a s eː ]_w
[_w u ɖ a ]_w
[_w a ʋ a b oː t̪ a ]_w
[_w r aː m u ʋ a ]_w
[_w ʃ r a m a ]_w
[_w k i r iː m a t̪ ]_w
[_w s a h a l a ]_w
[_w k æ ɖ a l uː ]_w
[_w j u d̪ u j a ]_w
[_w t̪ æ n iː m ]_w
[_w ʋ a t̪ u n ɡ eː ]_w
[_w ɡ o n t̪ eː s i ]_w
[_w ɡ i h i b a j a ]_w
[_w ʋ æ ʋ ]_w
[_w r a dʒ u ʈ a ]_w
[_w m æ ʈ i ]_w
[_w æ j a ]_w
[_w p a ʋ a d̪ i n i ]_w
[_w p i k ʃ u n ]_w
[_w t̪ e nː eː ]_w
[_w s i t̪ u ʋ a k ]_w
[_w n a m u d̪ aː ]_w
[_w j a t̪ aː ]_w
[_w ʋ uː ʋ aː ]_w
[_w ɡ a n i t̪ ]_w
[_w b i d̪ː i ]_w
[_w k i s i j a ]_w
[_w n aː m a j a ]_w
[_w d̪ i k i n ]_w
[_w d̪ a ʋ a s a ]_w
[_w k aː j i k a ]_w
[_w dʒ a n a n ]_w
[_w ʋ i tʃ a j a ]_w
[_w k e s eː t̪ ]_w
[_w p æ m i n i s ]_w
[_w p i h i ɖ i ]_w
[_w p a ʋ u m ]_w
[_w b a h a l u ]_w
[_w a n aː ʋ a ]_w
[_w dʒ ai d̪ j a ]_w
[_w n i ʋ e s ]_w
[_w e t̪ i n e d̪ aː ]_w
[_w b æ ⁿd̪ iː m a ]_w
[_w æ ⁿd̪ iː m a ]_w
[_w t̪ æ k ʋ e n a ]_w
[_w l i j aː ]_w
[_w æ lː a ]_w
[_w ɡ o ʈ a ɡ ]_w
[_w n æ d̪ i ʋ iː ]_w
[_w a s a b j a ]_w
[_w ʋ eː d̪ i k aː ]_w
[_w r i tʃ u ]_w
[_w n o h æ k i ]_w
[_w e r e h i ]_w
[_w a k a ]_w
[_w ʋ e s a k ]_w
[_w p a r i s a k ]_w
[_w p uː ɡ a t̪ a ʋ aː ]_w
[_w s a t̪ i ]_w
[_w a m l a j a ]_w
[_w n o m æ t̪ a ]_w
[_w n o k a t̪ a ]_w
[_w i h a l a ]_w
[_w a t̪ iː t̪ a ]_w
[_w d̪ eː ʋ a l ]_w
[_w n aː ʃ a ɡ a ]_w
[_w k e r i n i ]_w
[_w p a m a n a k ]_w
[_w a t̪ a ]_w
[_w p a h a t̪ aː ]_w
[_w ɡ i j u r i ]_w
[_w a t̪ h a d̪ aː ]_w
[_w ʋ aː t̪ a ]_w
[_w t̪ r æ ʋ a ]_w
[_w k a l a k a ]_w
[_w t̪ i sː eː ]_w
[_w n i s aː ]_w
[_w aː k a m a ]_w
[_w ɡ e d̪ a r a n a ]_w
[_w ʋ i t̪ j aː ]_w
[_w n i m aː ]_w
[_w l æ b iː ]_w
[_w a p a j a ]_w
[_w e d̪ u m a ]_w
[_w k a n d̪ a ]_w
[_w p e d̪ i j a n ]_w
[_w i ʈ a ]_w
[_w p i ⁿd̪ a ]_w
[_w p a ⁿd̪ a ]_w
[_w e s eː ]_w
[_w b i ʈ a ]_w
[_w i k m a ʋ aː ]_w
[_w s t̪ aː n a ]_w
[_w j aː n aː ]_w
[_w n iː t̪ i ]_w
[_w r a ɖ a ]_w
[_w n i t̪ a ]_w
[_w dʒ a j a ʈ a ]_w
[_w p a r i m a ]_w
[_w a j a ]_w
[_w j a d̪ ]_w
[_w s oː m a ]_w
[_w k a s a ɡ ]_w
[_w e m a ]_w
[_w dʒ a r j aː ]_w
[_w h a ⁿɖ a ]_w
[_w n i r i d̪ ]_w
[_w ʋ e l e ⁿd̪ a ]_w
[_w i t̪ i ]_w
[_w tʃ a r i t̪ i j a ]_w
[_w k æ ʈ a l u ]_w
[_w m o l a j a ]_w
[_w ɡ oː n i k a ]_w
[_w u n a ]_w
[_w d̪ aː ʋ a ]_w
[_w i lː iː m a ]_w
[_w s a p aː ]_w
[_w tʃ a r i t̪ a ]_w
[_w m o l a j eː ]_w
[_w p i j aː ɡ eː ]_w
[_w k a n i t̪ ]_w
[_w k æ n i m a ʋ aː ]_w
[_w ɡ o j i ]_w
[_w n i t̪ a h a ]_w
[_w æ s a ʈ a ]_w
[_w aː k a l p a n aː ]_w
[_w k o ɖ a k ]_w
[_w n o ʋ a nː eː j a ]_w
[_w k i j a ]_w
[_w j a j i ]_w
[_w p i ɖ a ]_w
[_w a s a l a k aː ]_w
[_w ʋ aː j u ʋ a ]_w
[_w s i t̪ a n a ]_w
[_w i n t̪ a ]_w
[_w b u t̪ː i j a ]_w
[_w b i l i b a ⁿd̪ a ]_w
[_w b i l i p ]_w
[_w k a l o d̪ ]_w
[_w a p r eː l ]_w
[_w m u l i n ]_w
[_w p u d̪ a ]_w
[_w ʋ i n i ]_w
[_w d̪ u n i ]_w
[_w d̪ e nː a ]_w
[_w e l i t̪ a ]_w
[_w oː n æː m a ]_w
[_w s m aː r a k a ]_w
[_w ɡ u p t̪ a ]_w
[_w a h a ᵐb u ]_w
[_w h a r i n ]_w
[_w t̪ æ ɡ a k a ɖ a ]_w
[_w æ t̪ u l u ]_w
[_w m a ʈ a ]_w
[_w d̪ æ b iː j a ]_w
[_w ɡ o d̪ u r u ]_w
[_w a p a ʋ a t̪ iː ]_w
[_w d̪ eː ʋ i j a ]_w
[_w ɡ o m i s a ]_w
[_w n i j a ɡ ]_w
[_w m a ᵑɡ i n ]_w
[_w s a d̪ a ]_w
[_w d̪ eː ʋ a l i n i ]_w
[_w u r u m a ]_w
[_w d̪ eː ʃ a ]_w
[_w p r a s i t̪ː a ]_w
[_w æ t̪ a d̪ ]_w
[_w b o h o r a ]_w
[_w j a h a ]_w
[_w æ t̪ː e n m a ]_w
[_w a t̪ i ʃ a j a ]_w
[_w o ʋ u n ʋ a ]_w
[_w s i d̪ a nː eː ]_w
[_w p r eː m a ]_w
[_w i k e n ]_w
[_w aː t̪ eː ʃ a ]_w
[_w o h u ʋ a ]_w
[_w ɡ æ m æ t̪ː a ]_w
[_w ʋ a r n a ]_w
[_w a t̪ aː l a ]_w
[_w k a t̪ i ]_w
[_w u s a ]_w
[_w ɡ a ɖ a ]_w
[_w t̪ u r a ]_w
[_w d̪ a ʃ a ɡ a j a ]_w
[_w a ʃ oː ɡ a ]_w
[_w n æ ʋ a d̪ i ]_w
[_w iː dʒ i b d̪ u ]_w
[_w n i r oː k iː n ]_w
[_w ɖ r aː ɡ eː ]_w
[_w j u k t̪ a ]_w
[_w l a sː a n a ]_w
[_w l o ʋ a ]_w
[_w k a ʋ a t̪ i n ]_w
[_w ɡ r iː k a ]_w
[_w j aː n d̪ r a ]_w
[_w k a n i dʒ a ]_w
[_w m a t̪ a j a ]_w
[_w p i j aː n a ]_w
[_w aː k r i t̪ i ]_w
[_w dʒ a n a ]_w
[_w a ʋ a ʃ eː ʃ a ]_w
[_w ʋ uː h a ]_w
[_w i d̪ i r i ]_w
[_w n i k u d̪ ]_w
[_w k a l aː b a j a ]_w
[_w d̪ e n e k u ʈ a ]_w
[_w ɡ a r u ʋ a n a ]_w
[_w a l e ʋ i ]_w
[_w æ n a ]_w
[_w m i h i ⁿd̪ u ]_w
[_w a h a s ]_w
[_w n o m æ t̪ i ]_w
[_w ɡ e r u n i ]_w
[_w ʋ i s i ʋ a k ]_w
[_w dʒ iː ʋ a t̪ ]_w
[_w l a k ʃ a j a ]_w
[_w d̪ oː r aː ]_w
[_w k r a m a ʈ a ]_w
[_w s a ʈ a n ]_w
[_w ʋ a r n a j a ]_w
[_w aː n a n d̪ a ]_w
[_w s i r u r a ʈ a ]_w
[_w d̪ a ʋ a t̪ ]_w
[_w d̪ iː r u ]_w
[_w s eː ʋ a k a ʈ a ]_w
[_w k a ʋ i ]_w
[_w a j u r i ]_w
[_w aː r t̪ iː k a ]_w
[_w a p a k eː ]_w
[_w d̪ æ n u m a ]_w
[_w e j aː l aː ]_w
[_w æ t̪ u l a ʈ a ]_w
[_w t̪ e ʋ i k eː ]_w
[_w e k a ]_w
[_w ɡ a l aː ʋ a ]_w
[_w d̪ r i ʃ j a ]_w
[_w k r i s t̪ u ]_w
[_w e k a ʈ a ]_w
[_w t̪ u r u ]_w
[_w ʋ aː s i ]_w
[_w ɡ a l aː d̪ eː ]_w
[_w m a d̪ a r a n a ]_w
[_w ʋ i ʃ n u ]_w
[_w s æ b a j u m ]_w
[_w d̪ a m a ]_w
[_w k i r i ]_w
[_w d̪ u nː eː ]_w
[_w ʋ i t̪ i h a d̪ ]_w
[_w t̪ a ʋ a ]_w
[_w b æ ⁿd̪ iː m ]_w
[_w e m a ɡ i n ]_w
[_w k æ ɖ a l u ]_w
[_w n o h æ k a ]_w
[_w l a p aː ɡ a t̪ ]_w
[_w tʃ aː r i t̪ r a ]_w
[_w b a l a ]_w
[_w s æ l æ s m a ]_w
[_w j a nː e n ]_w
[_w j a ɖ a t̪ ]_w
[_w s i l ʋ aː ]_w
[_w b aː s æ l ]_w
[_w p a h u l a ]_w
[_w k a ʈ a j u d̪ u ]_w
[_w a j i s ]_w
[_w k a b u ]_w
[_w d̪ a ʋ a t̪ iː ]_w
[_w d̪ u n iː ]_w
[_w n a ʈ u ]_w
[_w i k e n a ]_w
[_w s æ l a s u m ]_w
[_w ʃ aː ɡ aː ]_w
[_w a t̪ u ]_w
[_w h æ k i ]_w
[_w ʋ a s t̪ u ]_w
[_w s m aː r a k ʃ aː ]_w
[_w n aː m a ]_w
[_w t̪ u n a ɡ ]_w
[_w p r i ʃ ʈ i ]_w
[_w e ʋ æ n i ]_w
[_w k u l a k ]_w
[_w ɡ oː n a j a ]_w
[_w m e d̪ u m ]_w
[_w u p aː d̪ i ]_w
[_w ʋ iː t̪ i ]_w
[_w k a nː a ]_w
[_w a r a m a ]_w
[_w m u h a mː a t̪ a ]_w
[_w t̪ a m aː ɡ eː ]_w
[_w æ s u r u ]_w
[_w a n t̪ a ]_w
[_w s æ k a s u m ]_w
[_w k æ n iː m a k ]_w
[_w p i ʈ u ʋ a ]_w
[_w d̪ æ n ]_w
[_w e nː a t̪ ]_w
[_w b a t̪ a j a n ]_w
[_w d̪ e j a ]_w
[_w b a r i t̪ a ]_w
[_w ɖ i k a ]_w
[_w a k oː s t̪ u ]_w
[_w n i ʋ a ]_w
[_w d̪ u nː eː j a ]_w
[_w ʋ a l a ɖ a ]_w
[_w h a ʈ a ɡ a ʈ a ]_w
[_w ʋ i t̪ ʋ a t̪ u ]_w
[_w n æ t̪ː eː ]_w
[_w r a ʈ a ]_w
[_w ɡ a l aː ʋ eː ]_w
[_w i k m a n i s aː ]_w
[_w t̪ u r a ʈ a ]_w
[_w d̪ a n a d̪ aː ]_w
[_w d̪ e m a l a ]_w
[_w m a r a n a ]_w
[_w l æ b uː ]_w
[_w d̪ u ᵐb u r u ]_w
[_w s i d̪ i j a ]_w
[_w t̪ a t̪ ʋ a ]_w
[_w p aː n ɖ a ]_w
[_w ʋ aː k j a ]_w
[_w d̪ i p u n u ]_w
[_w d̪ a r aː ]_w
[_w ʋ æ j a ]_w
[_w r oː d̪ a ]_w
[_w j a k ʃ a ]_w
[_w a ʈ i ]_w
[_w u d̪ u r æ ]_w
[_w m u d̪ aː ]_w
[_w m a t̪ e ʋ ]_w
[_w r a ᵑɡ a ]_w
[_w k o j i ]_w
[_w k a r aː ]_w
[_w s i j a l u ]_w
[_w a s ʋ a n u ]_w
[_w l a t̪ ]_w
[_w h i m i ]_w
[_w ʋ eː d̪ a n aː ]_w
[_w m a t̪ a ]_w
[_w p æ ʋ æ t̪ ʋ uː ]_w
[_w p a n a ]_w
[_w s i d̪ u ʋ a ]_w
[_w o j a ]_w
[_w p aː h i r a ]_w
[_w j a nː a ʈ a ]_w
[_w b aː t̪ aː ]_w
[_w p a ʋ a d̪ i ]_w
[_w i ʋ a d̪ a ]_w
[_w dʒ eː s u s ʈ a ]_w
[_w h a r a j a k ]_w
[_w j o m u ]_w
[_w n o ɡ a nː aː ]_w
[_w t̪ a ʃ a k a ]_w
[_w ɡ o ʈ a s a k ]_w
[_w aː d̪ a r ʃ a ]_w
[_w n o ʋ iː ]_w
[_w ɡ a l aː p a j a ]_w
[_w r i dʒ u ]_w
[_w p æ h æ j a ]_w
[_w j oː dʒ a n aː ]_w
[_w r a ɖ aː ʋ a ]_w
[_w b u r u ʃ a ]_w
[_w p a ɖ a n ]_w
[_w b i ʈ a d̪ a ]_w
[_w t̪ u r a k ]_w
[_w l aː p a ]_w
[_w r a dʒ a n a d̪ aː ]_w
[_w m o h u k eː ]_w
[_w p a ʈ a ]_w
[_w j a t̪ ]_w
[_w ʋ æ ɖ i b u r a ]_w
[_w p u ʋ a r u ]_w
[_w t̪ eː ʃ a ]_w
[_w ɡ a t̪ h a ]_w
[_w ɡ a r u ]_w
[_w t̪ i k a ]_w
[_w ʋ æ r a t̪ i ]_w
[_w n uː t̪ a n a ]_w
[_w h æ ⁿd̪ i n ʋ uː ]_w
[_w ɡ a s a n ]_w
[_w p aː ʃ aː n a ]_w
[_w p r i j a ɖ a ]_w
[_w a d̪ a r a ]_w
[_w ʋ a nː a ]_w
[_w p i ʈ u ]_w
[_w p æ t̪ i r a ]_w
[_w aː ʃ r a j a ɡ ]_w
[_w p e d̪ eː ]_w
[_w dʒ aː r i t̪ r a ]_w
[_w p e h e ʋ i n ]_w
[_w ʃ aː l aː ]_w
[_w d̪ i b i n i ]_w
[_w p a ʈ u ]_w
[_w s eː ʋ a j a n ]_w
[_w s i j a l a t̪ ]_w
[_w d̪ a ɡ i nː a ]_w
[_w ɡ r i h a ]_w
[_w m a t̪ j a ]_w
[_w o k t̪ oː b a r ]_w
[_w l oː ɡ a j eː ]_w
[_w aː r t̪ iː ɡ a ]_w
[_w tʃ a r m a n ]_w
[_w n i l ]_w
[_w u t̪ e s aː ]_w
[_w t̪ i k u ]_w
[_w d̪ a k ʃ i ]_w
[_w t̪ eː ʋ a l i n ]_w
[_w tʃ o k a l a ]_w
[_w e n a m ]_w
[_w a n u k uː l a ]_w
[_w r oː ɡ a ]_w
[_w m a t̪ a ʈ a d̪ eː ]_w
[_w j aː m e n ]_w
[_w æ ʈ a ]_w
[_w d̪ u n h a ]_w
[_w p a r a n a ]_w
[_w p a h a s a ]_w
[_w ɡ a r a d̪ ]_w
[_w t̪ aː b a j a n ]_w
[_w ʋ e h e s a ]_w
[_w b i l i m a ]_w
[_w d̪ a r ɡ a j a ]_w
[_w h æ k i j a b u ]_w
[_w e j aː l a ]_w
[_w æ m a r aː ]_w
[_w a n t̪ i ]_w
[_w s a b aː ʋ eː ]_w
[_w m a r a n i n ]_w
[_w k r a h a t̪ aː ]_w
[_w d̪ u r a ]_w
[_w b r a dʒ aː ʋ a ]_w
[_w a t̪ i ]_w
[_w ʋ u n i ]_w
[_w ʋ a l a t̪ i ]_w
[_w p a lː i j a ]_w
[_w m e n ]_w
[_w o bː a ɖ a ]_w
[_w d̪ a nː aː ]_w
[_w m a t̪ j a j a n ]_w
[_w tʃ a l a n a ]_w
[_w d̪ j aː ɡ a ]_w
[_w r a p a l a b æː ]_w
[_w æ s i ʈ i j a ]_w
[_w m aː r u ]_w
[_w p u t̪ u ]_w
[_w t̪ e k a ɡ a t̪ a ]_w
[_w m e l o ʋ a ]_w
[_w m a n aː ]_w
[_w b e h e ʋ i n ]_w
[_w æ d̪ i ʋ a ]_w
[_w u p aː t̪ i j a ]_w
[_w t̪ i sː a ]_w
[_w d̪ a m a n ]_w
[_w l æ b e n a ]_w
[_w s a t̪ j a s t̪ a ]_w
[_w ʋ æ s iː ]_w
[_w j a n u ]_w
[_w n i d̪ i ]_w
[_w a d̪ iː t̪ a ]_w
[_w b o r u ]_w
[_w b r a b a r ]_w
[_w n i d̪ a ]_w
[_w ʋ i n a j a ]_w
[_w b u l u ʋ a ]_w
[_w p æ ʋ a s eː ]_w
[_w d̪ a t̪ a ]_w
[_w t̪ o r a ʋ a ]_w
[_w l e n a ]_w
[_w r a ʈ a ʋ i j a ]_w
[_w ʋ e t̪ a ]_w
[_w s a m uː l a ]_w
[_w p e h e d̪ ]_w
[_w ɡ a n i m a ʋ aː ]_w
[_w r uː p a j a ]_w
[_w d̪ o r a d̪ u r a ]_w
[_w m a n a s a ɡ i ]_w
[_w h a d̪ a ]_w
[_w d̪ e ʋ i ʋ a ]_w
[_w j a ʋ a ]_w
[_w ɡ i r iː m ]_w
[_w i d̪ i k a ]_w
[_w d̪ i p u ]_w
[_w h æ k a ]_w
[_w k æ ᵐb u r u ]_w
[_w t̪ a r u ]_w
[_w p aː k a j a ]_w
[_w d̪ e n aː m a j a ]_w
[_w j a n u ʋ e n ]_w
[_w d̪ u m r i j a ]_w
[_w a s a n iː p a ]_w
[_w d̪ e s æ m p a r ]_w
[_w d̪ e ʋ æ n i ]_w
[_w a k a j a ]_w
[_w ɖ e s ʈ ]_w
[_w ʋ i d̪ j u t̪ ]_w
[_w a j a t̪ j a ]_w
[_w s a m a d̪ a ]_w
[_w d̪ e ʋ i t̪ ]_w
[_w m a d̪ u ]_w
[_w t̪ e ʋ i ʋ a ]_w
[_w l æ p u n eː ]_w
[_w r a d̪ a ]_w
[_w n aː ʋ i ɡ a ]_w
[_w oː n æː ]_w
[_w æ s a ɖ a ]_w
[_w p aː ʋ a ]_w
[_w b æ t̪ i r a ]_w
[_w a j a t̪ ]_w
[_w ʃ a r iː r a ]_w
[_w d̪ æ ʈ i ʋ eː ]_w
[_w b i k ʃ uː n ]_w
[_w s i t̪ i n ]_w
[_w k e n e k u ]_w
[_w k æ r a l i ]_w
[_w b r a k aː ]_w
[_w ʋ i k r a h a d̪ ]_w
[_w æ t̪ː eː ]_w
[_w d̪ u r l a b a n ]_w
[_w k iː p a j a n a ]_w
[_w ɡ aː m i n iː ]_w
[_w t̪ æ n u m ]_w
[_w d̪ i ɡ ]_w
[_w p i l i m a j a ]_w
[_w l æ p u ʋ eː ]_w
[_w ɡ æ m æ t̪ː e n ]_w
[_w k a r m a ]_w
[_w k i r iː m eː ]_w
[_w k r i j aː ʋ a ]_w
[_w m a n d̪ a ]_w
[_w a r a ᵐb a n a ]_w
[_w aː ɡ a m ]_w
[_w a n u ]_w
[_w k a r a n a j a ]_w
[_w h a t̪ u n ɖ a ]_w
[_w k r i m iː n ]_w
[_w e t̪ a k o ɖ a k ]_w
[_w d̪ a k u n a ʈ a ]_w
[_w tʃ a l a j u t̪ u ]_w
[_w d̪ u n a ]_w
[_w u n u s u m a ]_w
[_w p r a t̪ a ]_w
[_w ɡ a m ]_w
[_w j u d̪ u ]_w
[_w d̪ ʋ i t̪ iː j a ]_w
[_w h æ b æ j i ]_w
[_w æ t̪ i ʋ uː ]_w
[_w t̪ a m aː ]_w
[_w ʋ a l a ʈ ]_w
[_w p aː r a ]_w
[_w t̪ a r dʒ a n a ]_w
[_w j o ʋ u n ]_w
[_w ɡ e n e k ]_w
[_w u t̪ aː ]_w
[_w s a m aː n a ]_w
[_w e k a ᵑɡ a ʋ a ]_w
[_w k æ n a t̪ ]_w
[_w s u l a b a ]_w
[_w p r aː n t̪ a ]_w
[_w o j aː l aː ]_w
[_w ɡ u l a ]_w
[_w p a r i k a n ]_w
[_w tʃ a n a t̪ u r u ]_w
[_w t̪ a r a ɡ a n a ]_w
[_w ʋ a s aː n a ]_w
[_w p a m a n a m ]_w
[_w s aː r t̪ a k a ]_w
[_w a n i d̪ ]_w
[_w ʋ aː j u ʋ a l a ]_w
[_w æ j a ʈ a ]_w
[_w ɡ a r u n ]_w
[_w t̪ a b aː ]_w
[_w d̪ e s i n i ]_w
[_w aː r a k a j a ]_w
[_w i k e n a ʈ i ]_w
[_w l i b i ᵐb u ]_w
[_w ʋ a r n a j a k ]_w
[_w ʋ e n a s ]_w
[_w a d̪ ɡ a r a ]_w
[_w p a ɖ a r a ]_w
[_w dʒ u m p a ɡ a ]_w
[_w ɡ i j a ʋ eː ]_w
[_w a t̪ a t̪ ]_w
[_w p oː d̪ i ]_w
[_w ʋ i d̪ aː ]_w
[_w s a r a k a ]_w
[_w ʋ e m i n ]_w
[_w s a b u r aː ]_w
[_w k ʋ o n ʈ a m ]_w
[_w s i ʈ i j aː ]_w
[_w s a t̪ u ʈ u ]_w
[_w b i h i ʋ uː ]_w
[_w l i b i ]_w
[_w d̪ aː t̪ ʋ i k a ]_w
[_w ʋ a k aː ʋ a n aː ]_w
[_w b æ r i s ]_w
[_w aː ɡ a m a ʈ a ]_w
[_w p i r i ʋ a ]_w
[_w s aː k ʃ i ]_w
[_w j aː d̪ r aː ]_w
[_w l a b a ]_w
[_w j a ʈ i d̪ a l a ]_w
[_w t̪ iː r u ]_w
[_w t̪ e n aː m a ]_w
[_w n i s aː ʋ e n ]_w
[_w k æ ɖ u m ]_w
[_w l a p aː d̪ iː ]_w
[_w a t̪ i ɡ a ʋ a ]_w
[_w k o ʋ iː n ]_w
[_w ʋ uː ʋ a t̪ ]_w
[_w m a n ʈ a n ]_w
[_w u p a d̪ e s ]_w
[_w ʋ a r a ]_w
[_w k a r æ n u ]_w
[_w k aː ʃ j a b a ]_w
[_w h a t̪ i s i ]_w
[_w d̪ o r a ʈ u ]_w
[_w aː d̪ eː ʃ a ]_w
[_w eː k a k a ]_w
[_w a ʋ i ]_w
[_w h eː t̪ u ʋ e n ]_w
[_w ʃ aː n t̪ a ]_w
[_w p æ ⁿd̪ iː m ]_w
[_w s a m iː p a ]_w
[_w aː b a d̪ aː r d̪ a ]_w
[_w d̪ e s a ʈ a n ]_w
[_w n i l a ]_w
[_w b au t̪ i k a r a ]_w
[_w dʒ a l a j a k ]_w
[_w ʋ ai d̪ j a ]_w
[_w ʋ i d̪ i ]_w
[_w b æ s i f i k ]_w
[_w a ᵐb a ]_w
[_w a n a t̪ aː ]_w
[_w r a t̪ a r a ]_w
[_w o ʋ u n ɡ eː ]_w
[_w h i ʈ i ]_w
[_w a r a m i n ]_w
[_w ʋ i s i n m a ]_w
[_w ʋ a r ʃ aː ʋ a ]_w
[_w b æ m i n a ]_w
[_w s a m p a n a ]_w
[_w b æ l a ]_w
[_w ʋ u n a k ]_w
[_w p a n a ʋ a ]_w
[_w d̪ e n u ]_w
[_w t̪ r a ʋ j a j a ]_w
[_w s a t̪ u ɖ a ]_w
[_w t̪ a l a t̪ iː ]_w
[_w d̪ a r u ʋ e k ]_w
[_w p i r i s a k ]_w
[_w u t̪ p a d̪ː i n i ]_w
[_w j aː n a j a ]_w
[_w m e k a l a k a ]_w
[_w n a m i n ]_w
[_w h æ ɖ i j a ]_w
[_w s a p aː ʋ a ]_w
[_w b a n d̪ u ]_w
[_w s o j aː k eː ]_w
[_w ɡ iː m a ʈ a ]_w
[_w aː r aː m a ]_w
[_w t̪ a ʈː u ]_w
[_w ʋ a k a ]_w
[_w e h i ]_w
[_w o k s i dʒ a n ]_w
[_w d̪ e n aː m a ]_w
[_w b a ʋ a d̪ ]_w
[_w k e n e k t̪ a ]_w
[_w h a m u ʋ a ]_w
[_w n i t̪ a h a m a ]_w
[_w s æ m a t̪ aː ]_w
[_w k a l aː ʋ a ]_w
[_w ʋ aː s a ]_w
[_w t̪ r i t̪ ʋ a ]_w
[_w p aː r a j a ]_w
[_w p oː ʃ a n a ]_w
[_w j aː m a ]_w
[_w dʒ oː t̪ a n aː ]_w
[_w u ʈ a ]_w
[_w h r i t̪ a j a ]_w
[_w n a r a k a ]_w
[_w k a n a n ]_w
[_w iː ʈ a ]_w
[_w r oː ɡ i j aː j i ]_w
[_w d̪ u p a t̪ e s ]_w
[_w ɡ a n a n a j a ]_w
[_w ɡ u ʈ u ]_w
[_w e n i s aː t̪ ]_w
[_w n i d̪ a s u n ]_w
[_w e s eː t̪ a ]_w
[_w d̪ o r a ]_w
[_w j æ j i ]_w
[_w e h e m a ]_w
[_w dʒ aː l s ]_w
[_w dʒ iː ʋ i ]_w
[_w k oː l a ]_w
[_w ʋ iː m eː ]_w
[_w ʋ a l a ]_w
[_w m u h u n u ]_w
[_w aː b a d̪ aː ]_w
[_w k i j a b u ]_w
[_w i d̪ i r i j e n ]_w
[_w n o b e l ]_w
[_w e d̪ æ n ]_w
[_w aː s a nː a ]_w
[_w h a r i ]_w
[_w d̪ e k a ɡ i n ]_w
[_w t̪ i j a ]_w
[_w d̪ iː n d̪ a ]_w
[_w k o ʈ a s a k ]_w
[_w ɡ a n a j a ]_w
[_w r a h i d̪ a ]_w
[_w k a nː a ɖ a ]_w
[_w t̪ a r a j a k ]_w
[_w k o tʃː a r a ]_w
[_w a l u t̪ ]_w
[_w l i j a ]_w
[_w ɡ u ʈ aː m a ]_w
[_w a l i ]_w
[_w k e d̪ a r a j a ]_w
[_w s t̪ i r a s ]_w
[_w b a ʋ u m ]_w
[_w j eː s u s ʋ a ]_w
[_w b a t̪ ʋ iː m a ]_w
[_w aː s a nː a d̪ː a ]_w
[_w i nː a ]_w
[_w u t̪ u r u ]_w
[_w n æ t̪ i ]_w
[_w k oː l a j eː ]_w
[_w u ɡ a t̪ u ]_w
[_w æ t̪ i ʋ a ]_w
[_w ɡ aː d̪ a n ]_w
[_w d̪ æ n a k a ]_w
[_w h a m u ʋ iː ]_w
[_w dʒ iː n a j eː ]_w
[_w j a l i ]_w
[_w æ d̪ u m ]_w
[_w d̪ e ʋ i ]_w
[_w tʃ a l a ]_w
[_w d̪ e n e k u ]_w
[_w b e n ʋ iː m ]_w
[_w ɡ æ h æ n ]_w
[_w ɡ o tʃː a r a ]_w
[_w r a dʒ a j a ʈ a ]_w
[_w s a h aː j a ]_w
[_w æ m a j i n ]_w
[_w m i d̪ iː ]_w
[_w e j aː l a ʈ a ]_w
[_w a s a m a k i n ]_w
[_w b a j a ]_w
[_w t̪ e k m a ]_w
[_w d̪ eː ʃ iː j a ]_w
[_w a j i d̪ i j a ]_w
[_w b a r i n ]_w
[_w d̪ a n a j a ɡ ]_w
[_w h i ʈ a ]_w
[_w h æ m oː m a ]_w
[_w s aː j a ]_w
[_w n i ʋ aː s a j aː ]_w
[_w d̪ a r a m u n ]_w
[_w n o ʋ a ]_w
[_w ʋ æ l a k eː ]_w
[_w k eː n d̪ r a ]_w
[_w p æ ʋ æ t̪ ʋ eː ]_w
[_w b o h oː ]_w
[_w m æ sː a n ]_w
[_w l e s i n i ]_w
[_w r æ s ʋ iː m ]_w
[_w p a sː eː ]_w
[_w aː n a n ]_w
[_w j aː m eː ]_w
[_w k æ n a d̪ a ]_w
[_w ʋ aː ɡ eː ]_w
[_w b o l a ]_w
[_w u k r a ]_w
[_w dʒ a n t̪ r a ]_w
[_w k oː l a j a ]_w
[_w d̪ i j a ]_w
[_w a n e k a ]_w
[_w n æ m æ t̪ i h a ]_w
[_w p u d̪ u n ]_w
[_w æ d̪ u l a d̪ a ]_w
[_w ʋ a r ʃ a ]_w
[_w t̪ a k i nː a ]_w
[_w s k o ʈ ]_w
[_w p a l a j a n ]_w
[_w s aː j a m ]_w
[_w tʃ iː ʋ iː n ]_w
[_w ɡ i h i n ]_w
[_w p o l ]_w
[_w ʋ a h a l a ]_w
[_w k a l a j e n ]_w
[_w tʃ a r m a j a ]_w
[_w e n a m a ]_w
[_w b e h e d̪ ]_w
[_w n i s i ]_w
[_w d̪ oː m a s ]_w
[_w ʋ e d̪ a ]_w
[_w m æ n i k ]_w
[_w j e t̪ eː ]_w
[_w h æ ʈ a j a m ]_w
[_w k i ʋ a n a ]_w
[_w aː h aː r a ]_w
[_w ɡ i j a j a ]_w
[_w i nː eː ]_w
[_w s u l u ]_w
[_w b r i j a ]_w
[_w p u h u n u ]_w
[_w s i j a ]_w
[_w h o ⁿd̪ i n ]_w
[_w k a t̪ aː ʋ a ]_w
[_w h eː t̪ u ʋ e j i ]_w
[_w p i j aː k eː ]_w
[_w j aː l u ʋ oː ]_w
[_w a p a ]_w
[_w ʋ e j i ]_w
[_w s a ɖ a ]_w
[_w ʋ eː ɡ a j e n ]_w
[_w r aː m u ʋ a k ]_w
[_w u d̪ e s aː ]_w
[_w ʋ e h e r a ]_w
[_w d̪ i k u ]_w
[_w p a s i n ]_w
[_w j aː n a n ]_w
[_w m u t̪ u ]_w
[_w a k ʃ i n a ]_w
[_w ʋ a n u j eː ]_w
[_w d̪ j aː ɡ a j eː ]_w
[_w k e l i n m a ]_w
[_w ʋ eː t̪ i k aː ]_w
[_w ɡ e n a ]_w
[_w a n i k u t̪ ]_w
[_w p a d̪ aː ]_w
[_w h a j a k e n a ]_w
[_w k r æː m ]_w
[_w b æ ʋ a t̪ i j a ]_w
[_w n i ʋ aː s a j eː ]_w
[_w d̪ aː d̪ u ʋ a ]_w
[_w a t̪ i k a ʈ ]_w
[_w aː ʃ r i t̪ a j a ]_w
[_w j a ɖ a ]_w
[_w d̪ i b u n aː ]_w
[_w m a k eː ]_w
[_w t̪ oː m a s ]_w
[_w m a l a ]_w
[_w d̪ u r a ʈ æ ᵐb a ]_w
[_w u p a r i m a ]_w
[_w s n aː j u ]_w
[_w p e n ʋ iː m ]_w
[_w m aː k eː ]_w
[_w ʋ e p ]_w
[_w ʋ a l a d̪ a ]_w
[_w k ʃ a j a ]_w
[_w p a l a j a ]_w
[_w i r a ]_w
[_w ɡ æ n i m a ]_w
[_w a d̪ i n a k a ]_w
[_w ʋ i n aː ʈ i ]_w
[_w t̪ iː l aː ]_w
[_w eː ʋ aː ɖ a ]_w
[_w h æ ʈ a j e n ]_w
[_w m e j a ʈ a ]_w
[_w n a j a ]_w
[_w k a l aː ʋ eː ]_w
[_w t̪ u ʋ a ]_w
[_w ʋ a l a l u ]_w
[_w a ʋ a t̪ a ]_w
[_w ʋ i d̪ j aː ʋ a ]_w
[_w k æ m a t̪ i ]_w
[_w dʒ aː r i d̪ r a ]_w
[_w ɡ a l aː b a j a ]_w
[_w p i j aː ]_w
[_w m u h u d̪ u ]_w
[_w a ʋ a s t̪ u ʋ eː ]_w
[_w ʋ u ʋ a h o t̪ ]_w
[_w p æ ʋ a s uː ]_w
[_w d̪ æ r i j a ]_w
[_w d̪ a k i n ]_w
[_w d̪ æ n æ t̪ː aː ]_w
[_w i n t̪ u ]_w
[_w s a d̪ j a ]_w
[_w s a m a n ]_w
[_w o r o t̪ː u ]_w
[_w h o d̪ a ]_w
[_w s eː ʋ a j a ]_w
[_w a t̪ k a r a n u ]_w
[_w s i r u r u ]_w
[_w p e n ʋ a n a ]_w
[_w k a l aː ]_w
[_w t̪ u b a t̪ e s ]_w
[_w m u l a d̪ a ]_w
[_w n o ʋ iː j a ]_w
[_w b u d̪ ]_w
[_w aː j u ]_w
[_w h i ʈ i j a ]_w
[_w æ m a j i ]_w
[_w r uː p a ]_w
[_w j e t̪ iː m ]_w
[_w ɡ i r i ]_w
[_w m u h u d̪ eː ]_w
[_w r a t̪ a ]_w
[_w p u d̪ː i ]_w
[_w i t̪ aː ]_w
[_w d̪ o r a ɖ u ʋ a ]_w
[_w ʋ æ n i ]_w
[_w n i ʋ ]_w
[_w s k a n d̪ a j a ]_w
[_w t̪ e j a k m a ]_w
[_w b a h a s a ]_w
[_w a k a l ]_w
[_w i h a l i n ]_w
[_w m a ʋ ]_w
[_w i k m a n i n ]_w
[_w a ʋ u ]_w
[_w ʋ i s i ]_w
[_w a l u ]_w
[_w d̪ æ k ʋ u ]_w
[_w s a m p a nː a ]_w
[_w d̪ e l ]_w
[_w n a b i ]_w
[_w s i ʋ i l ]_w
[_w ʋ i m a ]_w
[_w ɡ a l a h a ]_w
[_w a t̪ u r u ]_w
[_w ɡ a l f ]_w
[_w ʋ ai r a s a j a ]_w
[_w a m a d̪ ]_w
[_w e m a k i n ]_w
[_w p e r a ]_w
[_w p a d̪ a ]_w
[_w s eː ʋ a j a k ]_w
[_w s a p a j a k ]_w
[_w k u n a j a ]_w
[_w m u t̪ ]_w
[_w aː tʃ aː r a ]_w
[_w t̪ u n a k ]_w
[_w ʋ a t̪ u n i ]_w
[_w t̪ i p i j a ]_w
[_w b au m i k a m ]_w
[_w h u s m a ]_w
[_w n i t̪ a r a ɡ ]_w
[_w l a p a j a ]_w
[_w m i l a ʈ a ]_w
[_w k æ b iː ]_w
[_w tʃ a r i d̪ i j a ]_w
[_w b a h a l a ]_w
[_w k i j eː j a ]_w
[_w m o n a ]_w
[_w k r i h a ]_w
[_w p i r i ʋ æ j a ]_w
[_w ɡ aː b a n ]_w
[_w i s m a t̪ u ]_w
[_w s i ʈ i d̪ i ]_w
[_w m a ᵑɡ a ]_w
[_w s ʋ a r a t̪ a ]_w
[_w s i d̪ u ʋ e n ]_w
[_w ɡ aː tʃ a ]_w
[_w ʋ a k aː ʋ a n ]_w
[_w d̪ e k a k ]_w
[_w n i ʋ j oː r ɡ ]_w
[_w a l p a ]_w
[_w i k æ n ʋ iː m a ]_w
[_w h e l a ]_w
[_w m o k a t̪ː a ]_w
[_w ʋ e ʈ i ]_w
[_w m e n m a ]_w
[_w ʃ r eː n i j a m ]_w
[_w aː d̪ i j a ]_w
[_w æ s a ]_w
[_w k a nː eː ]_w
[_w t̪ e ʋ i k e n ]_w
[_w ɡ a b u ]_w
[_w ʋ i ʋ r i t̪ a ]_w
[_w s ʋ a k iː j a ]_w
[_w ʋ i t̪ a ]_w
[_w s i t̪ u ʋ a kː u ]_w
[_w k a m eː ]_w
[_w p aː ɡ a j a ]_w
[_w k a l a ʋ aː ]_w
[_w s a d̪ a h æ r a ]_w
[_w æ t̪ æ j i ]_w
[_w ɡ e r i n i ]_w
[_w h i m i k a ]_w
[_w e k i n e k aː ]_w
[_w r a t̪ u ]_w
[_w d̪ a ʋ a t̪ i ]_w
[_w e k a l a d̪ aː ]_w
[_w p uː dʒ aː ʋ a ]_w
[_w m a t̪ a k ]_w
[_w s i k u r u ]_w
[_w r i d̪ iː ]_w
[_w b i t̪ː a r a ]_w
[_w p i r i m eː ]_w
[_w a b a r aː t̪ a ]_w
[_w tʃ i t̪ r a ]_w
[_w p a n d̪ i m a ]_w
[_w ɡ a l u ]_w
[_w k æ l æː ]_w
[_w b a t̪ ʋ iː m a k ]_w
[_w b æ s a ]_w
[_w ʋ a r ɡ a ]_w
[_w k e ʋ i j a t̪ a ]_w
[_w n i d̪ a r a j a ]_w
[_w ʋ uː ʋ a d̪ a ]_w
[_w p r a m u ɡ a ]_w
[_w ɡ æ m æ d̪ː a ]_w
[_w k æ n iː m a t̪ ]_w
[_w p o l o ʋ eː ]_w
[_w r u t̪ i r a ]_w
[_w p i n i ]_w
[_w ʋ a ʈ aː ]_w
[_w e n dʒ i m a ]_w
[_w e k ʋ a ]_w
[_w o j aː ɖ a ]_w
[_w r a dʒ a r a ʈ a ]_w
[_w ɡ æ l a p e n a ]_w
[_w k oː l iː j a ]_w
[_w s aː h i d̪ j a ]_w
[_w n i r m i d̪ a ]_w
[_w b i ɖ a t̪ a ]_w
[_w d̪ æ n e n a ]_w
[_w k iː k a r u ]_w
[_w l oː k a j a ]_w
[_w h r i t̪ a ]_w
[_w ɡ a r a d̪ a r a ]_w
[_w t̪ a m a n a k ]_w
[_w p u h u n a ]_w
[_w ʋ e d̪ː iː ]_w
[_w n i s aː d̪ ]_w
[_w m e s eː j i ]_w
[_w l e ɖ a ]_w
[_w ʃ r a m a j i ]_w
[_w t̪ i b e nː eː ]_w
[_w ɡ r i s t̪ u s ]_w
[_w t̪ u n a ]_w
[_w ʋ i m u k t̪ i ]_w
[_w ʋ e l a ⁿd̪ a ]_w
[_w p aː n ʈ a ]_w
[_w e m a ᵑɡ i n ]_w
[_w k u m a r u ]_w
[_w a h a s u ]_w
[_w t̪ e t̪ e n a ]_w
[_w t̪ eː ʃ i j a k ]_w
[_w m e h i t̪ i ]_w
[_w p a t̪ r a j aː ]_w
[_w a b i ʈ a t̪ a ]_w
[_w h a m u ʋ eː ]_w
[_w s i j a l ]_w
[_w p u ʋ a t̪ ]_w
[_w æ ⁿd̪ u m ]_w
[_w j a m i d̪ a ]_w
[_w r aː ʋ a n aː ]_w
[_w m r i t̪ u ]_w
[_w p i ʈ a t̪ a ]_w
[_w t̪ æ n a ]_w
[_w p aː s æ l ]_w
[_w l a k ʋ a n a ]_w
[_w i ʈ a k a ]_w
[_w æ ᵑɡ i l i ]_w
[_w k a r u ]_w
[_w s t̪ aː ʋ a ]_w
[_w m a ʋ a ]_w
[_w ɡ r i t̪ i j a ]_w
[_w a t̪ a r a m ]_w
[_w r i t̪ iː n ]_w
[_w ʋ a t̪ u ]_w
[_w k o n u ]_w
[_w ʋ u ʋ a ]_w
[_w k a l u ]_w
[_w o h u ʈ a ]_w
[_w p a ʋ aː ]_w
[_w i lː u m a k d̪ a ]_w
[_w ʋ a s aː ]_w
[_w p a ʋ u l a ]_w
[_w p i d̪ i ]_w
[_w ʋ a h a l ]_w
[_w ʋ ai t̪ j a ]_w
[_w d̪ aː n i j e l a ]_w
[_w d̪ eː ʃ a j eː ]_w
[_w ʋ æ t̪ i ]_w
[_w dʒ aː d̪ i k a ]_w
[_w m u l i n m a ]_w
[_w d̪ u m ]_w
[_w m a h i n d̪ u ]_w
[_w s aː d̪ a k a ]_w
[_w s i ʈ i j i ]_w
[_w aː d̪ i ]_w
[_w s a m aː ɡ a m ]_w
[_w t̪ aː r aː ʋ a n a ]_w
[_w k aː d̪ a n a ]_w
[_w k a m ]_w
[_w ʋ iː m ]_w
[_w a ʋ a k ]_w
[_w h æ m a ]_w
[_w a t̪ a r u n a ]_w
[_w p æ r i ]_w
[_w m u l u lː eː ]_w
[_w ʋ æ ʈ eː ]_w
[_w k a ʋ a ]_w
[_w s o j aː ]_w
[_w d̪ iː r ɡ a ]_w
[_w t̪ i p iː ]_w
[_w b a h a r u ]_w
[_w s a d̪ u ʈ i n ]_w
[_w j e t̪ iː m a j i ]_w
[_w k a n u ]_w
[_w ɡ æ ᵐb u r u ]_w
[_w n æ h æ ]_w
[_w ʋ aː s i j a l u ]_w
[_w æː t̪ a ]_w
[_w d̪ æ p uː ]_w
[_w a ɖ a k a ]_w
[_w h a t̪ aː ]_w
[_w t̪ eː ʃ iː j a ]_w
[_w e k s a t̪ ]_w
[_w d̪ eː ʃ i j a ]_w
[_w p i m eː ]_w
[_w n a k a ɖ a ]_w
[_w n i r a d̪ a ]_w
[_w j u d̪ u j i ]_w
[_w d̪ æ ʋ æ n d̪ a ]_w
[_w b o l i s ]_w
[_w t̪ a nː aː ]_w
[_w b æ s i f i ɡ ]_w
[_w k r a h a j aː ]_w
[_w t̪ i b iː m a ]_w
[_w s a l a k a j a ]_w
[_w b a s u ]_w
[_w s i d̪ aː ]_w
[_w d̪ eː r u m a ]_w
[_w m a t̪ i n ]_w
[_w u d̪ u r a n ]_w
[_w d̪ e n a ]_w
[_w ʋ e l a ]_w
[_w ʋ i ʋ i t̪ a ]_w
[_w n i ʋ a n a ]_w
[_w p a s ]_w
[_w s i ʈ a ]_w
[_w t̪ r i m aː n a ]_w
[_w d̪ u ʈ u ]_w
[_w ʋ i r a h i t̪ a ]_w
[_w dʒ a n d̪ a ]_w
[_w s i j a l u m a ]_w
[_w d̪ æ ʈ i ]_w
[_w e k e n ]_w
[_w dʒ a k r a ]_w
[_w t̪ e m i n ]_w
[_w m e j a j i ]_w
[_w p a h a n ]_w
[_w s a m a h a r u ]_w
[_w e m a n a ]_w
[_w a ᵑɡ a l ]_w
[_w p a j a k ]_w
[_w k u l a ]_w
[_w dʒ eː s u s ]_w
[_w ʋ æ s i ]_w
[_w k r iː ɖ aː ]_w
[_w n a ʈ a t̪ː u ]_w
[_w b e n ʋ aː ]_w
[_w ʋ e n u ʋ a ]_w
[_w t̪ iː m eː ]_w
[_w a t̪ p a r a ]_w
[_w j a n d̪ r iː ]_w
[_w ɡ aː r m i k a ]_w
[_w ʋ i j a ʈ ]_w
[_w r a ʈ a ɡ ]_w
[_w p eː ʈ a n ɖ ]_w
[_w ʋ a k r a j a ɡ ]_w
[_w dʒ ai n a ]_w
[_w n a t̪ i j a ]_w
[_w t̪ i ʋ aː ]_w
[_w a t̪ d̪ æ k iː m ]_w
[_w p oː l ]_w
[_w i r aː k a ]_w
[_w u n u s u m ]_w
[_w ʃ a k t̪ i j a ]_w
[_w i nː a ʋ aː ]_w
[_w s t̪ aː ʋ a k ]_w
[_w s i ɖ i j eː ]_w
[_w m a s a ]_w
[_w h a r a h aː ]_w
[_w n a t̪ u r a ]_w
[_w k e r u n ]_w
[_w æ l a ]_w
[_w b a j i ]_w
[_w h æ ʋ i r i t̪ a ]_w
[_w s a h a l ]_w
[_w ɡ u n a j a ]_w
[_w u k a t̪ ]_w
[_w ʋ a r ɡ a j aː ]_w
[_w n o ʋ e j i ]_w
[_w u t̪ u m ]_w
[_w s a ʈ a ]_w
[_w n a ʋ a t̪ ]_w
[_w u s i n ]_w
[_w tʃ iː n a j a ]_w
[_w d̪ æ n a ʈ a ]_w
[_w d̪ j aː k a j a ]_w
[_w k a l a ʈ a ]_w
[_w s æ b a ]_w
[_w ɡ r i t̪ iː n ]_w
[_w æ t̪ n a m ]_w
[_w p i t̪ː a r a ]_w
[_w d̪ a h a s ]_w
[_w d̪ æ n a ɖ a ]_w
[_w ɡ a t̪ aː ʋ a r a ]_w
[_w m aː r ɡ a j aː ]_w
[_w m i n i s a j i ]_w
[_w u p a j oː k i ]_w
[_w e n i s aː ]_w
[_w u k a n ʋ a n a ]_w
[_w b e n ʋ a j i n ]_w
[_w s i ʈ i j a ]_w
[_w d̪ e k a m a ]_w
[_w h aː n i ]_w
[_w d̪ i p i n i ]_w
[_w h a ʋ u s ]_w
[_w b u d̪ː i j a ]_w
[_w tʃ a n d̪ a n aː ]_w
[_w b æ h æ j a ]_w
[_w k r i d̪ i ]_w
[_w p i r u n u ]_w
[_w p a l a d̪ i n i ]_w
[_w p a h a k a r u ]_w
[_w n o k a r a nː eː ]_w
[_w ʋ a d̪ ɡ a r a n ]_w
[_w n a m æ t̪ i ]_w
[_w s i r u r eː ]_w
[_w tʃ a k r a ]_w
[_w ʋ e n ɡ a r a ]_w
[_w aː n d̪ i ]_w
[_w m æ n iː m a ]_w
[_w k æ n eː ]_w
[_w k a r a n a ]_w
[_w ɡ r i t̪ i ]_w
[_w ɡ aː r j a ]_w
[_w h u d̪ e k ]_w
[_w k a m a ɡ a j a ]_w
[_w n o ʋ eː ]_w
[_w d̪ a r a m a ]_w
[_w a d̪ i n ]_w
[_w d̪ a ʈ a ]_w
[_w i m a h a ]_w
[_w ʋ a s a ]_w
[_w b u r aː m a ]_w
[_w p e n ʋ aː ]_w
[_w l o ʋ a ɖ a ]_w
[_w d̪ e s a ʈ a ]_w
[_w a t̪ h a ]_w
[_w ɡ u ᵐb u r u ]_w
[_w ʋ uː j eː j a ]_w
[_w p o d̪ u ʋ eː ]_w
[_w d̪ a n a m a ]_w
[_w p r a m aː n a ]_w
[_w t̪ a t̪ ]_w
[_w m e l e s a ]_w
[_w s aː m a j e n ]_w
[_w p i n ]_w
[_w l a p a nː a ]_w
[_w n a k a r a n a ]_w
[_w s a m aː t̪ a ]_w
[_w p æ s i f i ɡ ]_w
[_w k i ʋː eː ]_w
[_w h u n u ]_w
[_w ɡ æ n iː m a t̪ ]_w
[_w n o ʋ i j aː ]_w
[_w e n a m u d̪ ]_w
[_w d̪ u r a ʈ a ]_w
[_w a ʈ a ʋ a l ]_w
[_w b a m a n a m a ]_w
[_w a j a j i ]_w
[_w m u d̪ r a ]_w
[_w e kː a ]_w
[_w d̪ a h a m eː ]_w
[_w a ʈ u ʋ eː ]_w
[_w t̪ o r a ]_w
[_w ʋ æ ʈ u n u ]_w
[_w o ʋ u n ]_w
[_w ʋ uː ʋ a t̪ a ʈ a ]_w
[_w m uː l i ɡ a d̪ a ]_w
[_w a ʈ a ]_w
[_w ʋ r i t̪ː i j a ]_w
[_w m o k a d̪ː a ]_w
[_w ɡ a n u ]_w
[_w ʋ iː m a ]_w
[_w d̪ a h a ʈ u ]_w
[_w s a p a j a j i ]_w
[_w t̪ a k ʃ a j a ]_w
[_w s iː m i d̪ a ]_w
[_w p i ʈ u p a s a ]_w
[_w ʋ aː r a ]_w
[_w b a n t̪ u ]_w
[_w a t̪ k a r a n a ]_w
[_w m i n i t̪ː u ]_w
[_w k l i n ʈ a n ]_w
[_w ɡ r i d̪ i ]_w
[_w u l e l a ]_w
[_w ʃ aː n d̪ a ]_w
[_w m u l a t̪ ]_w
[_w n i ʃ tʃ i t̪ a ]_w
[_w s i j a m i t̪ a ]_w
[_w p r eː m a j a ]_w
[_w i lː iː m ]_w
[_w l a k ʃ a ]_w
[_w t̪ e k a k ]_w
[_w p æ s a ]_w
[_w p i l i ]_w
[_w t̪ e k ]_w
[_w ʋ aː n i dʒ a ]_w
[_w aː t̪ aː r a k a ]_w
[_w b aː l a ]_w
[_w ʋ æ ɖ i ]_w
[_w d̪ e k e h i ]_w
[_w p u ʋ a r a ]_w
[_w h a r a pː aː ]_w
[_w h i r u ]_w
[_w o b a k eː ]_w
[_w l a p aː k a d̪ ]_w
[_w b aː l a n a ]_w
[_w b uː dʒ aː ]_w
[_w ʋ aː n eː ]_w
[_w ɡ o l a ]_w
[_w d̪ a p aː ]_w
[_w t̪ i b uː ]_w
[_w k a l o t̪ ]_w
[_w k aː n ɖ a ]_w
[_w m o h u ]_w
[_w i r aː ɡ a ]_w
[_w k a r a p u ]_w
[_w ʋ i r a h i d̪ a ]_w
[_w s a b aː ʋ a ]_w
[_w a k a j a ɡ ]_w
[_w b a ʋ a d̪ i ]_w
[_w p i j a ]_w
[_w m oː ɖ a r ]_w
[_w p a t̪ ʋ a ]_w
[_w k aː l ]_w
[_w aː j a t̪ a ]_w
[_w s a k a s aː ]_w
[_w ʋ a j a s ]_w
[_w m uː l j a ]_w
[_w s æ k a ]_w
[_w j o t̪ a n a ]_w
[_w k a l f ]_w
[_w u t̪ s a h a ]_w
[_w p a s u ʋ a ]_w
[_w tʃ a l a j e n ]_w
[_w ʋ æ ʈ a ɡ ]_w
[_w b a h a s ]_w
[_w m a k i n ]_w
[_w m æ n a ʋ i n ]_w
[_w k l i n ɖ a n ]_w
[_w ʋ a t̪ ]_w
[_w a p i ]_w
[_w p u t̪ u n ]_w
[_w s iː m aː ]_w
[_w t̪ a m a ]_w
[_w ɡ aː n ]_w
[_w ʋ a ʈ aː t̪ ]_w
[_w k æ n iː m e n ]_w
[_w p a ɖ a ]_w
[_w p r i j a ]_w
[_w k i n ]_w
[_w t̪ e b a s a ]_w
[_w e m a ᵑɡ i n i ]_w
[_w l oː h a ]_w
[_w p i l i ɡ e n ]_w
[_w h æ r u n u ]_w
[_w ʃ a k t̪ i m a ]_w
[_w s a r a ]_w
[_w p aː s a l ]_w
[_w k a ʈ a ]_w
[_w ʋ i ʋ aː h a ]_w
[_w a j a d̪ ]_w
[_w ʋ æ ɖ a ]_w
[_w r a h a j aː ]_w
[_w j aː m a ɡ ]_w
[_w ɡ r a h a d̪ ]_w
[_w p a ʈ a t̪ a ]_w
[_w k i r iː m e n ]_w
[_w d̪ aː d̪ u ]_w
[_w b a ɖ a ]_w
[_w n i t̪ a r a ]_w
[_w s eː ʋ a j eː ]_w
[_w ɡ u ʋ a n ]_w
[_w t̪ e ʋ i j a d̪ ]_w
[_w b a ʈ u ]_w
[_w p a t̪ i d̪ a ]_w
[_w a t̪ i r eː ɡ a ]_w
[_w u j a n a ]_w
[_w b uː r n a ]_w
[_w e k a ʋ a ]_w
[_w ɡ æ ɖ a l u ʋ a ]_w
[_w aː t̪ a r a ]_w
[_w ʃ aː l aː ʋ a ]_w
[_w p u l u l ]_w
[_w k æ b a l i ]_w
[_w d̪ u nː aː ]_w
[_w ɡ eː n d̪ r a ]_w
[_w s a t̪ a h a ]_w
[_w k iː m a ʈ a ]_w
[_w n o k a l a ʈ a ]_w
[_w k a t̪ aː ]_w
[_w d̪ a t̪ː ʋ a ]_w
[_w dʒ iː ʋ a n a ]_w
[_w ʋ æ l i ]_w
[_w l i j u ]_w
[_w a ʈ a ɡ ]_w
[_w a ʋ a t̪ ]_w
[_w ʋ æ ʋ a ]_w
[_w r a dʒ u ]_w
[_w s t̪ i r a ]_w
[_w d̪ u m aː ]_w
[_w d̪ u b a t̪ a ]_w
[_w s a d̪ a r a ]_w
[_w ʃ i l p a j a ]_w
[_w m a n a j a ]_w
[_w a n i k ]_w
[_w k e ʋ iː m a ]_w
[_w ʋ a l a k a ]_w
[_w aː r t̪ i k a ]_w
[_w m a ʈː a m ]_w
[_w æ t̪ u l a t̪ iː ]_w
[_w l i j a ʋ aː ]_w
[_w s æ b a j u m a ]_w
[_w i n t̪ i ]_w
[_w p a ʋ a t̪ i j eː ]_w
[_w æ s i ʈ i j aː ]_w
[_w k i s i ]_w
[_w ɡ a s a ]_w
[_w ʋ æ ɖ eː ]_w
[_w j eː s u s ʈ a ]_w
[_w e p a m a n ]_w
[_w ɡ æ n iː m eː ]_w
[_w ʋ aː k eː ]_w
[_w k o ʈ a k e n a ]_w
[_w m e t̪ u m aː ]_w
[_w b æ h æ t̪ i ]_w
[_w p a s ʋ a n u ]_w
[_w p i h i ʈ a ]_w
[_w b æ t̪ a l i ]_w
[_w n j aː j a n ]_w
[_w ʋ u ʋ a t̪ ]_w
[_w a b a ]_w
[_w n i ʋ a s eː ]_w
[_w n o ʋ a n a ]_w
[_w t̪ e j i ]_w
[_w o ʋ u n ʋ a n a ]_w
[_w dʒ aː t̪ i j a k ]_w
[_w s iː k i r i m eː ]_w
[_w s k a n d̪ a ]_w
[_w t̪ u m r i j a ]_w
[_w d̪ e ʋ e n i ]_w
[_w p aː l a ]_w
[_w i s l aː m ]_w
[_w d̪ aː p a ]_w
[_w k a l oː j a ]_w
[_w d̪ a ɡ u n eː ]_w
[_w h æ ɖ a j a ]_w
[_w æ d̪ i k a ]_w
[_w ɡ æ ɖ a l uː ]_w
[_w d̪ a m a n ʈ a n ]_w
[_w u t̪ a ʋ ]_w
[_w ʋ i ɡ u n a j a ]_w
[_w ʋ æ l a k iː ]_w
[_w p æ t̪ i ]_w
[_w b aː ɡ a ]_w
[_w p i l i k a ]_w
[_w ʋ aː ʃ p a ]_w
[_w p e t̪ eː ]_w
[_w ʋ æ ɖ e n a ]_w
[_w s a l a k a ]_w
[_w r a ʈ eː ]_w
[_w t̪ i ɡ a ]_w
[_w p a r i n ]_w
[_w a m l a j a ʈ a ]_w
[_w aː r j a ]_w
[_w l a t̪ː a k i ]_w
[_w s æː d̪ iː m a j i ]_w
[_w dʒ iː ʋ a ]_w
[_w p a t̪ː a ]_w
[_w d̪ i ʋ a j i ]_w
[_w d̪ iː j a ]_w
[_w t̪ a r a m u ]_w
[_w b a s a ]_w
[_w d̪ eː p a l a ]_w
[_w m a t̪ a ʈ a ]_w
[_w a ʋ a t̪ aː ʋ a ]_w
[_w p a l a m ]_w
[_w a n a ]_w
[_w d̪ a ɡ u n u ]_w
[_w s u ʋ a ]_w
[_w u p a n ]_w
[_w h i d̪ a ʈ a ]_w
[_w s ʋ a ɡ iː j a ]_w
[_w k e n ]_w
[_w a s aː n a ]_w
[_w r a dʒ a n a j eː ]_w
[_w p a l a j eː ]_w
[_w p a s u p a s a ]_w
[_w k r iː k a ]_w
[_w m iː ʈ a r ]_w
[_w j a n u ʋ a ]_w
[_w t̪ i j a k ]_w
[_w m i n i s u n ]_w
[_w s iː ɡ i r i m eː ]_w
[_w p u r a ]_w
[_w u d̪ u r u ]_w
[_w a r a n a ]_w
[_w ʋ i d̪ j u d̪ ]_w
[_w n æ t̪ n a m ]_w
[_w a t̪ i r eː k a ]_w
[_w t̪ a k ʋ a ]_w
[_w t̪ u n a ɡ a ]_w
[_w ɡ a r a ʋ a ]_w
[_w ʋ e n ʋ a ]_w
[_w m uː l i k a ]_w
[_w n o m æ t̪ i ʋ eː ]_w
[_w s r i dʒ u ]_w
[_w s r i dʒ u ʋ a ]_w
[_w t̪ æ m uː ]_w
[_w d̪ u l i ]_w
[_w b a h a l a ʈ a ]_w
[_w n a ʋ a d̪ ]_w
[_w p oː ɡ a ]_w
[_w a t̪ a ʈ a t̪ ]_w
[_w d̪ o r a ʋ a ]_w
[_w æ t̪ u l a d̪ a ]_w
[_w u p a t̪ ]_w
[_w aː dʒ aː r a ]_w
[_w ʋ a k eː ]_w
[_w k æ n a t̪ a ]_w
[_w e n a ]_w
[_w s a b aː ʋ a j a ]_w
[_w t̪ i b u n a t̪ ]_w
[_w m u d̪ u n ]_w
[_w ɡ oː t̪ r a ]_w
[_w a k ʃ i ]_w
[_w t̪ i b i n a ]_w
[_w h o t̪ ]_w
[_w h o d̪ ]_w
[_w l e s i n ]_w
[_w p o l a ]_w
[_w k aː s aː ]_w
[_w p a t̪ a j a ]_w
[_w p i l i k aː ]_w
[_w k a r a k a t̪ ]_w
[_w n o k a r a d̪ː iː ]_w
[_w tʃ iː ʋ i t̪ eː ]_w
[_w ʋ i t̪ i ]_w
[_w b o t̪ a k ]_w
[_w æ t̪ u m ]_w
[_w p iː ɖ a n a ]_w
[_w æ j a ʋ a r a ]_w
[_w d̪ eː ʃ i j a k ]_w
[_w ɡ oː ʈː eː ]_w
[_w ʋ æ ʈ iː ]_w
[_w d̪ r æ ʋ a ]_w
[_w h i d̪ a nː a ʋ aː ]_w
[_w p u t̪ r a n a ]_w
[_w ʋ e n a s a ]_w
[_w p a m a n ʈ a ]_w
[_w a m aː r u ]_w
[_w a ʋ a h i r a ]_w
[_w p u d̪ u m a ]_w
[_w k o s ]_w
[_w b r a t̪ aː n a ]_w
[_w l uː ɡ ]_w
[_w d̪ aː ʋ a n ]_w
[_w k æː m a ]_w
[_w b i h i ʈ a j a ]_w
[_w j e t̪ u m aː ɡ eː ]_w
[_w p a t̪ r a j a ]_w
[_w æ t̪ u l ]_w
[_w p a ʋ a d̪ ]_w
[_w tʃ a l i t̪ a j a ]_w
[_w a r a m u n i n ]_w
[_w h a r a h aː r a ]_w
[_w p aː d̪ a ]_w
[_w p aː d̪ a k a ]_w
[_w p i l i k e n a ]_w
[_w m æː d̪ a ]_w
[_w p a ʈ a l a ]_w
[_w r a dʒ a ʋ a r a ]_w
[_w b u l u ʋ a n ]_w
[_w j e h oː ʋ aː ]_w
[_w l a p aː k a j a ]_w
[_w j u d̪ː a ]_w
[_w p a s u ʋ a ⁿd̪ a ]_w
[_w k a t̪ː aː j a ]_w
[_w i ʈ a m ]_w
[_w m e h i t̪ iː ]_w
[_w k aː tʃ a ]_w
[_w b a h a l ]_w
[_w p uː r ʋ a ]_w
[_w s æː m a ]_w
[_w ʋ i s i n ]_w
[_w ʋ iː m a k ]_w
[_w t̪ u nː eː j a ]_w
[_w d̪ i ʋ j a ]_w
[_w s i t̪ ]_w
[_w p i ɖ u p a s a ]_w
[_w ʋ eː t̪ a j a ]_w
[_w b æ n i ]_w
[_w d̪ æ k i j a ]_w
[_w l æ p iː m a ]_w
[_w ʋ æ s i j a j a ]_w
[_w p æ m i n i ]_w
[_w d̪ a r ʃ a j eː ]_w
[_w p a ʃ tʃ aː d̪ ]_w
[_w k a nː a ʈ a ]_w
[_w æ d̪ u l ]_w
[_w ʋ a n t̪ i m a t̪ ]_w
[_w dʒ i d̪ r a ]_w
[_w m æ ɖ a ]_w
[_w m i n i s e k u ]_w
[_w n a t̪ a ]_w
[_w s a t̪ u ɖ u ]_w
[_w d̪ iː n d̪ u ]_w
[_w p a ʋ a ɖ a ]_w
[_w k a n a n a k i ]_w
[_w e k a t̪ ]_w
[_w p a ⁿd̪ u n ʋ aː ]_w
[_w p u d̪ aː ]_w
[_w m i j a k ]_w
[_w d̪ a ʋ a ]_w
[_w d̪ aː s a j a ]_w
[_w ʋ aː ɡ j a ]_w
[_w b e d̪ iː ]_w
[_w tʃ aː l a j a ]_w
[_w l e s a ʈ a n ]_w
[_w u s a s ]_w
[_w a j i t̪ i ]_w
[_w n aː ʋ i k a ]_w
[_w s i n a m aː ]_w
[_w b r i t̪ i ]_w
[_w j u d̪ u ʋ a ]_w
[_w ɡ aː l iː n a ]_w
[_w s t̪ aː n a j a ]_w
[_w aː r a k a ]_w
[_w s a ⁿd̪ e h i ]_w
[_w d̪ æ k ʋ iː m a ]_w
[_w m aː l aː ʋ a ]_w
[_w j oː n i ]_w
[_w ɡ i j a l u m a ]_w
[_w ʋ i d̪ u l i n ]_w
[_w s i j a l aː ]_w
[_w a t̪ s a n ]_w
[_w p u dʒ aː ]_w
[_w a t̪ i k u n u ]_w
[_w p eː t̪ r i s ]_w
[_w u k a d̪ u ]_w
[_w m u h u d̪ a ]_w
[_w d̪ u r u ]_w
[_w j aː m a ʈ a ]_w
[_w u d̪ j aː n a ]_w
[_w a b r eː l ]_w
[_w h a ɖ a ]_w
[_w a ʈ u ʋ iː m a ]_w
[_w h æ k i j aː d̪ u ]_w
[_w d̪ e j i ]_w
[_w k a l eː ]_w
[_w dʒ a j a ]_w
[_w i ʋ a h a n ]_w
[_w æ t̪ i ʋ i ]_w
[_w a d̪ i ]_w
[_w s a d̪ u ʈ a ]_w
[_w s æ l a ɡ iː ]_w
[_w i h a l a ɖ a ]_w
[_w m oː ʈ a r ]_w
[_w s i s u ʋ e k i ]_w
[_w n æ ʋ a ]_w
[_w d̪ a n a ]_w
[_w t̪ aː d̪ u n ]_w
[_w b æ ⁿd̪ u n u ]_w
[_w i ʈ u ]_w
[_w æ t̪ i ʋ iː ]_w
[_w m o ʋ u n a k ]_w
[_w s æ t̪ k a m ]_w
[_w n i r a t̪ a r a ]_w
[_w tʃ a n t̪ a ]_w
[_w k a r a nː a n ]_w
[_w b a ʋ a ]_w
[_w p aː d̪ r a ]_w
[_w t̪ u n e n ]_w
[_w d̪ æ n u ʋ a ]_w
[_w t̪ i p u n u ]_w
[_w a ʋ a ʃ j a j a ]_w
[_w tʃ iː n a ]_w
[_w ʋ i n ɖ oː s ]_w
[_w h o ⁿd̪ a ]_w
[_w i t̪ i r i ᵑɡ u ]_w
[_w b a s u p i m ]_w
[_w d̪ æ k ʋ eː ]_w
[_w e k a k a ]_w
[_w l æ b iː j a ]_w
[_w s k a n t̪ a ]_w
[_w a ᵑɡ u r u ]_w
[_w ʋ a k r a ]_w
[_w s a m a h a r a ]_w
[_w b a s u ʋ a ]_w
[_w n a j a n ]_w
[_w ɡ æ n iː m ]_w
[_w s a m a ᵑɡ a m a ]_w
[_w p u t̪ː i ]_w
[_w b a ʈ a h aː ]_w
[_w p a l a l u ]_w
[_w p oː ʃ a ɡ a ]_w
[_w t̪ a l a ]_w
[_w a s ʋ a n a ]_w
[_w p e n u m a t̪ a ]_w
[_w ʋ æ r a t̪ i m aː ]_w
[_w b o l o ʋ eː ]_w
[_w m u d̪ r aː ]_w
[_w i n d̪ u ]_w
[_w t̪ æ n u m a ]_w
[_w b i j aː ɡ eː ]_w
[_w d̪ e j a k i ]_w
[_w ɡ u r u s a ]_w
[_w o k t̪ oː p a r ]_w
[_w dʒ iː ʋ iː n ]_w
[_w h eː t̪ u n ]_w
[_w t̪ u n a k i n ]_w
[_w p æ j a ]_w
[_w a b i ʈ a b a d̪ ]_w
[_w dʒ a n a k a ]_w
[_w l æ b e nː eː ]_w
[_w m u d̪ ]_w
[_w d̪ r a ʋ a j i ]_w
[_w e h aː ]_w
[_w s a t̪ u ɖ a ʈ a ]_w
[_w t̪ u r a n ]_w
[_w p aː d̪ aː ]_w
[_w p i r i ⁿd̪ a ]_w
[_w k r i t̪ iː ]_w
[_w ɡ a m a n a ]_w
[_w m æ j i ]_w
[_w p i r i ]_w
[_w a n i k a ]_w
[_w n a ʋ iː n a ]_w
[_w p a ʋ a j a ]_w
[_w s i s i l ]_w
[_w dʒ a r m aː n a ]_w
[_w p æ l uː ]_w
[_w p a k ʃ a j aː ]_w
[_w d̪ e j a k i n ]_w
[_w p a t̪ j a n a ]_w
[_w h i t̪ a ʈ a ]_w
[_w k o ʈ a ɡ e n a ]_w
[_w ʋ aː d̪ a ]_w
[_w p u d̪ ]_w
[_w s a h i d̪ a ]_w
[_w ʋ i t̪ i h aː s a ]_w
[_w a k a n ɖ a ]_w
[_w b a ʋ a t̪ ]_w
[_w m u t̪ r aː ]_w
[_w ɡ e ʋ iː m ]_w
[_w n i m a ʋ aː ]_w
[_w p æ h æ r a ]_w
[_w s i ʈ iː m a ]_w
[_w p r a d̪ aː n a ]_w
[_w e k t̪ a ]_w
[_w h æ k i j a l u ]_w
[_w m a n aː ʋ æ k i ]_w
[_w s a t̪ u ]_w
[_w d̪ iː m a ʈ a ]_w
[_w p a n t̪ u ]_w
[_w ʋ i ʃ i ʃ ʈ a ]_w
[_w e k i n e k a ]_w
[_w ʋ e b ]_w
[_w b æ l æː ʈ i ]_w
[_w p e n eː ]_w
[_w ʋ eː ɡ a j a ]_w
[_w s i j a ʋ eː ]_w
[_w ʋ e nː a ]_w
[_w s a r ʋ a t̪ a ]_w
[_w ɡ a d̪ aː ʋ a ]_w
[_w a t̪ i n ]_w
[_w s a h a l a ʈ a ]_w
[_w r aː d̪ r iː ]_w
[_w ʋ i j a n ]_w
[_w p a k ʃ a n a ]_w
[_w b æ m i n e n a ]_w
[_w p æ ⁿd̪ iː m a k ]_w
[_w p æ ⁿd̪ u n u ]_w
[_w p r a ʋ eː n i ]_w
[_w j e d̪ iː m a ]_w
[_w h a m u ]_w
[_w k æː m a ʈ a ]_w
[_w b a h a t̪ i k a ]_w
[_w p aː t̪ aː ]_w
[_w dʒ a n i d̪ a r a ]_w
[_w m u t̪ r a j aː ]_w
[_w p a d̪ː i n i ]_w
[_w m i n i s ]_w
[_w m aː ʋ a ]_w
[_w ɡ o ʋ i d̪ æ n ]_w
[_w r a ɖ aː ]_w
[_w ʋ i d̪ a r a ]_w
[_w k u m a r i j a ]_w
[_w b uː m i j eː ]_w
[_w m i s a j i ]_w
[_w ɡ i j eː ]_w
[_w s a t̪ u ɖ a ɡ ]_w
[_w a d̪ː æ k iː m ]_w
[_w a ʋ a s a r a ]_w
[_w s i h i n ]_w
[_w p i d̪ a ]_w
[_w b a ʋ u l a k ]_w
[_w ʈ i k a k ]_w
[_w k a n a n a j eː ]_w
[_w k i j aː j i ]_w
[_w p a h a t̪ ]_w
[_w ʋ u n a t̪ a ]_w
[_w p a ʈ i k a k ]_w
[_w j u d̪ː eː ]_w
[_w t̪ aː t̪ u n ]_w
[_w ʃ ai l i j a ʋ a ]_w
[_w iː l a ᵑɡ a ʈ a ]_w
[_w tʃ a n a ]_w
[_w m a r aː ]_w
[_w ɡ r i ]_w
[_w j u k a j eː ]_w
[_w b u t̪ː i m a t̪ ]_w
[_w h i t̪ a ʋ a s ]_w
[_w s i ɖ a m a ]_w
[_w e k a d̪ u n i ]_w
[_w k a m p a n a ]_w
[_w r e d̪ i ]_w
[_w d̪ i k u n a j a ]_w
[_w e ʋ a k a k iː m ]_w
[_w m a h a ]_w
[_w e k a m a ]_w
[_w d̪ i r a ]_w
[_w ʋ o ʃ i n ʈ a n ]_w
[_w u p a j oː ɡ i ]_w
[_w h æ r iː m a t̪ ]_w
[_w ʋ aː r ʃ i k a ]_w
[_w t̪ a n i ]_w
[_w a ʃ oː k a ]_w
[_w o b a d̪ ]_w
[_w t̪ æ ʋ a ]_w
[_w a ʋ a j a ]_w
[_w b u t̪ r a j a ]_w
[_w b a h a r a pː aː ]_w
[_w d̪ æ n a ]_w
[_w n i r t̪ eː ʃ a ]_w
[_w tʃ a n d̪ a ]_w
[_w k o l o sː i ]_w
[_w d̪ a r a ɡ a ]_w
[_w s t̪ uː p a ]_w
[_w d̪ i j a n ]_w
[_w æ m a r i k aː ]_w
[_w m e r a ʈ a ]_w
[_w dʒ aː t̪ i j a ]_w
[_w m aː t̪ j a ]_w
[_w b a n d̪ i m a t̪ ]_w
[_w d̪ e s a ]_w
[_w b e d̪ aː ]_w
[_w ʋ a r a k a ]_w
[_w i t̪ aː l i j a ]_w
[_w m u h u t̪ eː ]_w
[_w d̪ e d̪ ]_w
[_w ɡ e l i n m a ]_w
[_w e l e s a ɖ a ]_w
[_w p e d̪ e s ]_w
[_w j æː m a ʈ a ]_w
[_w k i j a h a ]_w
[_w ɡ oː b i ]_w
[_w ʋ a s a r eː ]_w
[_w dʒ iː n a j a ]_w
[_w m a d̪ j a s t̪ a ]_w
[_w b a d̪ ʋ eː ]_w
[_w r oː ɡ iː ]_w
[_w d̪ i b iː m a ]_w
[_w e ʋ a k a ʈ a ]_w
[_w h a ⁿd̪ u n ʋ aː ]_w
[_w l a ᵑɡ a ]_w
[_w b a h a d̪ ]_w
[_w ʃ u n j a ]_w
[_w d̪ i k a ]_w
[_w b i ʈ a d̪ ]_w
[_w dʒ iː ʋ i d̪ a ]_w
[_w e s eː n a m ]_w
[_w i ʈ a m a ]_w
[_w b aː t̪ a ]_w
[_w e j a t̪ a n ]_w
[_w l i p i j a ]_w
[_w ʋ aː t̪ a j a ]_w
[_w b aː ʋ i t̪ a ]_w
[_w aː ʃ aː ʋ a ]_w
[_w dʒ i t̪ː a ]_w
[_w p a l a j a ʈ a ]_w
[_w ʃ ai l a m a ]_w
[_w i t̪ aː l i ]_w
[_w n i r n a j a ]_w
[_w p r a ʃ n a j a ]_w
[_w t̪ æ n a k ]_w
[_w m eː d̪ a ]_w
[_w k aː b a n ]_w
[_w s a d̪ u n aː ]_w
[_w e b a m a n a ]_w
[_w k i j aː ]_w
[_w d̪ iː m e n ]_w
[_w d̪ a d̪ ʋ a j a ]_w
[_w r a ʈ aː ʋ a n aː ]_w
[_w r oː k iː n ]_w
[_w d̪ a r m a j a ]_w
[_w s t̪ r iː ]_w
[_w m a ɡ eː ]_w
[_w a k a n u ]_w
[_w ɡ a m i ʈ u ʋ eː ]_w
[_w d̪ e k a ɡ a ]_w
[_w i t̪ i h a t̪ a k ]_w
[_w p æ k i n ]_w
[_w n o k a d̪ ]_w
[_w ʋ i ʃ r aː m a ]_w
[_w ɡ e r eː ]_w
[_w m u h a mː a d̪ ]_w
[_w d̪ e ʋ a n a ]_w
[_w b æ t̪ iː ]_w
[_w t̪ æ n ʋ iː m ]_w
[_w dʒ eː s u s ʋ a ]_w
[_w e p aː ]_w
[_w h a ʋ u r æ d̪ u ]_w
[_w n ai t̪ i k a ]_w
[_w s a r i l a n a ]_w
[_w j a n aː ]_w
[_w t̪ æ k ʋ eː ]_w
[_w n i j a m a j a ]_w
[_w k a r a k ]_w
[_w b æ l uː ]_w
[_w p a h a r u ]_w
[_w ɡ a n a n j a ]_w
[_w h æ r iː m a ]_w
[_w m æ n iː m ]_w
[_w tʃ ai d̪ j a ]_w
[_w l eː s a r ]_w
[_w a j e k u ]_w
[_w r aː ʋ a n a ]_w
[_w ʋ e s e n a ᵑɡ a ]_w
[_w e s eː m a ]_w
[_w ʋ i k u n a ]_w
[_w p a h a s a k ]_w
[_w iː l a ᵑɡ a ]_w
[_w ɡ o ʈ a s a ɡ ]_w
[_w p aː ɡ a j eː ]_w
[_w k a ɖ u l u ]_w
[_w oː n a ]_w
[_w t̪ a nː eː ]_w
[_w a d̪ iː t̪ a j a ]_w
[_w p a ʋ a d̪ iː ]_w
[_w u r u m ]_w
[_w e h i t̪ iː ]_w
[_w n a ʈ a ]_w
[_w u p aː t̪ i ]_w
[_w h æ ʈ a ]_w
[_w l a b a nː a ]_w
[_w k u ᵐb u r u ]_w
[_w tʃ aː d̪ i ɡ a ]_w
[_w ʋ eː k a ʋ a ]_w
[_w j e d̪ i j a ]_w
[_w l a t̪ a ]_w
[_w ɡ a d̪ u ]_w
[_w s a t̪ a ]_w
[_w s æ m i j aː ]_w
[_w m u h u n a ]_w
[_w d̪ eː r u m ]_w
[_w p i l i b a d̪ ]_w
[_w s t̪ aː j iː ]_w
[_w p aː l a k a n a ]_w
[_w d̪ a k s eː r u ]_w
[_w p a t̪ː a t̪ i ]_w
[_w m u r a ʈ a ɖ a ]_w
[_w ʃ i l p i j aː ]_w
[_w ʋ a r ɡ a j a ]_w
[_w a s t̪ i ]_w
[_w ɡ r a m a j a ]_w
[_w m u s l i m ]_w
[_w d̪ r i m aː n a ]_w
[_w l a ʋ a d̪ ]_w
[_w k i s i ⁿd̪ u ]_w
[_w k i h i b a ]_w
[_w ʋ i m a ʈ a ]_w
[_w ʋ a nː aː ]_w
[_w o h u k e n ]_w
[_w j a nː e h i ]_w
[_w s a t̪ u ʋ a k ]_w
[_w a k u r u ]_w
[_w ɡ a p aː ]_w
[_w u p a k aː r a ]_w
[_w ɡ a r a d̪ a k a ]_w
[_w n o ʋ iː m a ʈ a ]_w
[_w k i r i m i ]_w
[_w i t̪ i h a t̪ ]_w
[_w m a n ʈ a ]_w
[_w ʋ a l ]_w
[_w p a n s a l ]_w
[_w t̪ æ n e nː eː ]_w
[_w u d̪ u r a ]_w
[_w m i s a j i l a ]_w
[_w l a b a nː eː ]_w
[_w dʒ a l a n a ]_w
[_w æ t̪ i ʋ eː ]_w
[_w p æ ʋ a d̪ a ]_w
[_w d̪ a k ʃ a r a ]_w
[_w b a lː i j a ]_w
[_w b e l a ]_w
[_w h o ⁿd̪ a ʈ a ]_w
[_w l i b i j a ]_w
[_w r iː t̪ i ]_w
[_w dʒ aː d̪ a k a ]_w
[_w l a t̪ a h æ r a ]_w
[_w j a k ʃ a j a ]_w
[_w d̪ u r l a p a ]_w
[_w b aː ʈ a ]_w
[_w s a k a s a k ]_w
[_w d̪ aː n a ]_w
[_w d̪ i p e nː eː ]_w
[_w eː ʋ aː ʈ a ]_w
[_w p o t̪ a k ]_w
[_w h e j a ]_w
[_w ʋ i j a t̪ ]_w
[_w ɡ i j a ]_w
[_w t̪ æ r i j a ]_w
[_w ʋ j aː tʃ a ]_w
[_w a k a n a ]_w
[_w l u n u ]_w
[_w a b a r ]_w
[_w p a n d̪ i j a m ]_w
[_w p a m a n ]_w
[_w ʋ a r u n a k ]_w
[_w p uː t̪ a j a ]_w
[_w a r a m u n ]_w
[_w p o h oː ]_w
[_w l a m a ]_w
[_w ʋ r i t̪ː i j e n ]_w
[_w e j a ʈ a ]_w
[_w m e m a ]_w
[_w s i ʋ i l i ]_w
[_w n iː t̪ i j eː ]_w
[_w b r aː n d̪ a ]_w
[_w ʋ uː ʋ a n ]_w
[_w i r aː n a ]_w
[_w n i t̪ a h aː ]_w
[_w k r i ʃ i ]_w
[_w a k a h a ]_w
[_w u d̪ æː s a n a ]_w
[_w ʋ i ʈ a k a t̪ ]_w
[_w p e n u m a ]_w
[_w a j i d̪ iː n ]_w
[_w b u ʋ a r u ]_w
[_w l i p i ᵐb u ]_w
[_w b aː k a t̪ ]_w
[_w eː k a ʈ a ]_w
[_w k a m i k a m ]_w
[_w m a h a t̪ ]_w
[_w p æ m i n e n a ]_w
[_w s r i tʃ u ]_w
[_w k aː n ]_w
[_w t̪ e l ]_w
[_w s a m aː ɡ eː ]_w
[_w p a n i ʋ a s eː ]_w
[_w ɡ æ m i ]_w
[_w b a ʋ a t̪ a ]_w
[_w h i t̪ eː ]_w
[_w n æ ʋ a t̪ i j a ]_w
[_w a t̪ a r a j i ]_w
[_w n æ t̪ i ʋ uː ]_w
[_w a p i t̪ ]_w
[_w ʋ a n d̪ a ]_w
[_w u d̪ u r i n ]_w
[_w b a l a t̪ a ]_w
[_w k aː m i n iː ]_w
[_w k i m h aː n a ]_w
[_w a k a j i ]_w
[_w dʒ iː ʋ i n ]_w
[_w r æ h æ n ]_w
[_w d̪ i n a j a k ]_w
[_w ʋ e n a m u d̪ ]_w
[_w r oː k i j aː ]_w
[_w b a h a ]_w
[_w p a r a ]_w
[_w b a n a ]_w
[_w a n a ʋ a t̪ ]_w
[_w p a ʋ a t̪ ]_w
[_w p a n i ʋ a n a ]_w
[_w æ t̪ i ]_w
[_w ʋ aː j u ]_w
[_w aː ʃ r i d̪ a ]_w
[_w b a t̪ ʋ a j eː ]_w
[_w ʋ a r aː j a ]_w
[_w p æ t̪ː eː ]_w
[_w p o t̪ u ʋ eː ]_w
[_w ʋ aː t̪ a j a n ]_w
[_w p r aː ɡ ]_w
[_w k u ʈ aː m a ]_w
[_w a ʋ u r æ t̪ u ]_w
[_w ʋ a r n a j e n ]_w
[_w d̪ a t̪ ʋ a ]_w
[_w s æ l a k e n ]_w
[_w b æ ʋ æ t̪ ʋ eː ]_w
[_w t̪ u ʃ ʈ a ]_w
[_w d̪ i b e nː eː ]_w
[_w æ s u r u m ]_w
[_w ʃ i l p a j a k ]_w
[_w b a m a n a ]_w
[_w æ d̪ i ʋ uː ]_w
[_w m u l u ]_w
[_w k a m a n ]_w
[_w aː r j a j a n ]_w
[_w a ɖ u j a ]_w
[_w b i ʈ u p a s a ]_w
[_w b eː r aː ]_w
[_w t̪ e k a k a j a ]_w
[_w t̪ i p uː ]_w
[_w a ʋ a ɖ a ]_w
[_w a j i d̪ i ]_w
[_w k u n aː ɖ a ]_w
[_w d̪ e k ]_w
[_w t̪ a k ʃ i n a ]_w
[_w d̪ uː p a ]_w
[_w m a n a j i ]_w
[_w p a d̪ ]_w
[_w s u p a ]_w
[_w dʒ aː t̪ iː n ]_w
[_w n o j e k u ]_w
[_w t̪ æ ɡ a ]_w
[_w s i r u r a ]_w
[_w m u d̪ a l ]_w
[_w t̪ u n i ]_w
[_w d̪ a r ɡ a ]_w
[_w m iː ɖ a r a l aː ]_w
[_w p i ʈ a p u ]_w
[_w d̪ aː n i j a ]_w
[_w i r i ᵑɡ u ]_w
[_w m a h a d̪ aː ]_w
[_w i k e n u m a ]_w
[_w n i m n a ]_w
[_w d̪ æ ʈ i ʋ a ]_w
[_w h a t̪ u n aː ]_w
[_w ɡ au t̪ a m a ]_w
[_w s r i d̪ u ]_w
[_w h o t̪ a m a ]_w
[_w m u t̪ r aː ʋ a ]_w
[_w d̪ i b eː ]_w
[_w s a b a j a ]_w
[_w s i ʈ i ɡ ]_w
[_w k a r m a j a ]_w
[_w ʃ a t̪ a ]_w
[_w ɡ i j a n a ]_w
[_w t̪ a k i n ]_w
[_w j a ʈ a ]_w
[_w b u d̪ u ]_w
[_w b a ʋ i n ]_w
[_w k i r i m a j a ]_w
[_w m e h i ]_w
[_w j u t̪ː a j a ]_w
[_w d̪ aː r a ]_w
[_w i b æ r a n i ]_w
[_w b æ ʋ æ t̪ ʋ uː ]_w
[_w t̪ i n a m aː ]_w
[_w s i t̪ː a ]_w
[_w ʋ a d̪ aː ʋ a ]_w
[_w a d̪ i j a ]_w
[_w æ m e r i k a ʈ ]_w
[_w l oː ɡ a j a k ]_w
[_w d̪ eː h a ]_w
[_w s a m a t̪ a j a ]_w
[_w d̪ iː r k a ]_w
[_w o ʋ u n ɡ e n ]_w
[_w i t̪ aː m a t̪ ]_w
[_w n æ d̪ u ʋ a n a ]_w
[_w b a ʋ a t̪ i j a ]_w
[_w l æ p i n a ]_w
[_w s a t̪ ]_w
[_w p a m a n ɡ eː ]_w
[_w s i d̪ u k a r a ]_w
[_w m o h o t̪ ]_w
[_w t̪ eː ʋ a ]_w
[_w r æ s a k ]_w
[_w r a t̪ ]_w
[_w b a s ]_w
[_w d̪ u n a k a r a ]_w
[_w p u ʃ ]_w
[_w t̪ eː ʃ a n aː ]_w
[_w ʋ i s t̪ a r a ɡ ]_w
[_w p a h u ]_w
[_w d̪ a r a ʋ ]_w
[_w ɡ i d̪ u n u ]_w
[_w ʋ a r u ]_w
[_w iː ʈ a d̪ ]_w
[_w a n a r ɡ a ]_w
[_w n au k aː ]_w
[_w d̪ a b a n a ]_w
[_w dʒ oː l a ]_w
[_w ʋ i b a ʋ a d̪ i ]_w
[_w r æ t̪ iː ]_w
[_w aː ʋ aː ʈ a ]_w
[_w d̪ a r b a n a ]_w
[_w dʒ a n a ɡ i ]_w
[_w a ɡ u n u m ]_w
[_w s a l a ɡ aː ]_w
[_w a t̪ i b a t̪ ]_w
[_w l a t̪ iː ]_w
[_w s i t̪ u ʋ e j i ]_w
[_w p a r i m a j i ]_w
[_w b aː h i r a ]_w
[_w ʋ æ ʈ iː m a ]_w
[_w s u ʋ a ⁿd̪ a ]_w
[_w d̪ u nː a ]_w
[_w n i r a t̪ a m a ]_w
[_w m o h o t̪ eː ]_w
[_w s u l i ]_w
[_w ʋ aː h a ]_w
[_w aː r a m b a t̪ ]_w
[_w l o k u ]_w
[_w j u k a ]_w
[_w l a k ]_w
[_w p a h a l ]_w
[_w k iː p a j a ]_w
[_w p a ʋ a k aː ʋ a ]_w
[_w s a m uː h a ]_w
[_w n i s a ]_w
[_w t̪ i n a j a ɖ a ]_w
[_w t̪ r a ʋ a ]_w
[_w ʋ iː d̪ i ]_w
[_w b i ⁿd̪ a ]_w
[_w s aː d̪ a n a ]_w
[_w t̪ a n d̪ u ]_w
[_w r æ h æ n u ]_w
[_w dʒ aː r i ɡ aː ]_w
[_w m a d̪ j a ]_w
[_w s i t̪ u ʋ eː ]_w
[_w k a r u n u ]_w
[_w m a d̪ u p i ʈ a ]_w
[_w ʋ e n u ʋ e n ]_w
[_w r oː k iː ]_w
[_w p a d̪ ʋ iː ]_w
[_w t̪ a k ʃ a m a n ]_w
[_w b i ɖ a t̪ ]_w
[_w n o l æ b eː ]_w
[_w b i t̪ a ]_w
[_w r aː dʒ j a ]_w
[_w k æː m a ɖ a ]_w
[_w d̪ a ʃ a k a j a ]_w
[_w h e j a k m a ]_w
[_w s a t̪ a h æ r a ]_w
[_w ʋ i ʃ ʋ a ]_w
[_w ʋ e j i t̪ a ]_w
[_w d̪ u r i n ]_w
[_w h i t̪ a l aː ]_w
[_w t̪ e k a m a n ]_w
[_w m e s eː ]_w
[_w b a r a k a t̪ ]_w
[_w k a l eː j a ]_w
[_w au ʃ a t̪ a ]_w
[_w d̪ e k e n ]_w
[_w dʒ i d̪ː a ]_w
[_w aː r a m p a t̪ ]_w
[_w b a l a j e n ]_w
[_w a t̪ j a s t̪ a ]_w
[_w p a t̪ ʋ a j a s ]_w
[_w p a s u b i m ]_w
[_w s a l a s aː ]_w
[_w e t̪ a r a ]_w
[_w s i d̪ a ]_w
[_w l a m aː ]_w
[_w d̪ æ n a ɡ e n a ]_w
[_w u s a ʈ a ]_w
[_w p o h o r a ]_w
[_w m aː n a ʋ a t̪ a ]_w
[_w k a n iː ]_w
[_w a j a ʈ a t̪ ]_w
[_w e k iː ]_w
[_w ɡ a l aː ]_w
[_w ʋ i ʋ eː k a ʋ a ]_w
[_w d̪ aː ʋ a r a ]_w
[_w t̪ i m oː t̪ i ]_w
[_w r e t̪ i ]_w
[_w m iː ʈ a r a ]_w
[_w m a n a ]_w
[_w t̪ e ʋ e n i ]_w
[_w h a r a ʋ aː ]_w
[_w s æ t̪ a p u m ]_w
[_w e j aː ]_w
[_w k i j a n a ]_w
[_w b i l i ɡ aː ]_w
[_w p eː ɖ a n ɖ ]_w
[_w p u t̪ː a ]_w
[_w d̪ i r a j a ]_w
[_w b r a ]_w
[_w dʒ aː r i k aː ]_w
[_w a t̪ k a r a ]_w
[_w m a n oː ]_w
[_w t̪ aː s a j eː ]_w
[_w b a l a j a ɡ ]_w
[_w ʋ æ ɖ a k ]_w
[_w d̪ e ʋ a n ]_w
[_w ʃ i l p a j a n ]_w
[_w a ʋ a d̪ i ]_w
[_w p eː d̪ r i s ]_w
[_w ʋ u n o d̪ ]_w
[_w p a ʋ a r aː j a ]_w
[_w a n i t̪ a h aː ]_w
[_w ɡ a l h i ]_w
[_w t̪ a ʋ a d̪ ]_w
[_w o j aː ]_w
[_w s a ⁿd̪ a h aː d̪ ]_w
[_w e d̪ i n e d̪ aː ]_w
[_w t̪ æ b uː ]_w
[_w æ t̪ æ m ʋ i ʈ a ]_w
[_w m i d̪ u r a n ]_w
[_w b a h a k ]_w
[_w p a ʈ a r a l aː ]_w
[_w d̪ a t̪ː a ]_w
[_w s a h a t̪ aː ]_w
[_w p i ʈ a ]_w
[_w d̪ i b u ]_w
[_w a k u r u s a ]_w
[_w f i l i pː i ]_w
[_w h æ ʈ i j a h a ]_w
[_w p aː n a ]_w
[_w æ t̪ː a ]_w
[_w m e h i d̪ i ]_w
[_w b a l a ʋ aː ]_w
[_w m a n ɖ a l a ]_w
[_w p a j a ]_w
[_w b i n t̪ uː r a ]_w
[_w h e t̪ e m a l a ]_w
[_w n o ʋ æ m p a r ]_w
[_w t̪ a t̪ i n ]_w
[_w m æ n i ɡ ]_w
[_w j e d̪ u m aː ]_w
[_w m e m a ᵑɡ i n ]_w
[_w j a n aː t̪ a ]_w
[_w dʒ u n i ]_w
[_w p aː t̪ a k a ]_w
[_w a d̪ a t̪ ]_w
[_w æ t̪ a ]_w
[_w m aː r ɡ a ]_w
[_w p u r n a ]_w
[_w j a m a ]_w
[_w j a m k i s i ]_w
[_w aː s a n a ]_w
[_w n i ʋ a s a j a ]_w
[_w a ⁿd̪ a ]_w
[_w ɡ a l a d̪ a ]_w
[_w e k t̪ a r aː ]_w
[_w s a p u r aː n a ]_w
[_w n o ʋ a nː eː ]_w
[_w ɡ i h i b a ]_w
[_w p aː h eː ]_w
[_w m a d̪ a j a ]_w
[_w ɡ o ɖ a ]_w
[_w d̪ a r a ᵑɡ a j a ]_w
[_w d̪ o s ]_w
[_w h a j a ɡ ]_w
[_w s i d̪ i ʋ i ]_w
[_w u d̪ u r a ʈ a ]_w
[_w m a n aː ʋ a ]_w
[_w k ʃ a j aː ]_w
[_w i n d̪ i j eː ]_w
[_w l i p i j eː ]_w
[_w ʋ a j a n ]_w
[_w a lː aː ]_w
[_w a b i j oː ɡ a ]_w
[_w p aː ʃ aː ]_w
[_w k aː ʋ j a ]_w
[_w r eː k aː ʋ a ]_w
[_w h æ ɖ i j a m ]_w
[_w i ʋ a t̪ a n ]_w
[_w e b æ ʋ i n ]_w
[_w ɡ a r a d̪ː iː ]_w
[_w t̪ aː ʋ a n ]_w
[_w a s aː ]_w
[_w r aː ʃ i j a ɡ ]_w
[_w k a n a n a ɡ ]_w
[_w b a h u l a ʋ a ]_w
[_w e d̪ e k ]_w
[_w u t̪ u r eː ]_w
[_w p æ ʋ i d̪ ]_w
[_w a ⁿd̪ u r u ]_w
[_w dʒ a l a j a ɡ ]_w
[_w ʋ æ ɖ i ʋ a ]_w
[_w ʋ a ʈ a d̪ ]_w
[_w p a l a nː a ]_w
[_w d̪ aː n i j e l ]_w
[_w a t̪ a h a s u ]_w
[_w e b aː ]_w
[_w t̪ aː ʋ a r a ]_w
[_w i ʋ a t̪ a ]_w
[_w s a r a l aː ]_w
[_w n o t̪ a nː aː ]_w
[_w ɡ a r a j i ]_w
[_w d̪ r a ʋ j a j a ]_w
[_w i ʋ u r eː ]_w
[_w a j a n u ]_w
[_w p oː m b a ]_w
[_w o b a ]_w
[_w ʋ a l a l a ]_w
[_w ʋ i t̪ a r a m ]_w
[_w s a l a k a n u ]_w
[_w p i ʈ i n ]_w
[_w p r a m a ɡ ]_w
[_w r a ʈ aː ]_w
[_w m i d̪ u r a ]_w
[_w u t̪ u r a n ]_w
[_w t̪ a r u ʋ e k i ]_w
[_w k æ ɖ a j e n ]_w
[_w ɡ u l a j a k ]_w
[_w s i d̪ː i ]_w
[_w k e r u n i ]_w
[_w d̪ e ʋ i ʈ a ]_w
[_w ʃ ai l i j a m ]_w
[_w r oː ɡ a j a n ]_w
[_w b i ʈ a d̪ i n ]_w
[_w t̪ i b eː ]_w
[_w d̪ æ b uː ]_w
[_w p aː ʈ a m ]_w
[_w d̪ i l iː r a ]_w
[_w ʋ i k i r a n a ]_w
[_w ʋ i t̪ j u d̪ ]_w
[_w b aː s a l ]_w
[_w ɡ a r m a n ]_w
[_w n æ d̪ i ]_w
[_w k aː r a ]_w
[_w i ʋ a d̪ ]_w
[_w n o k a r a ]_w
[_w ʋ a t̪ a ]_w
[_w æ t̪ː a ʈ a m a ]_w
[_w ʋ i b a ʋ a ]_w
[_w b r a t̪ i ]_w
[_w t̪ e n e k u ʈ a ]_w
[_w ɡ a r a p u ]_w
[_w p o r u ]_w
[_w p u l a t̪ iː ]_w
[_w s t̪ aː ʋ a n a ]_w
[_w n a k aː ]_w
[_w b a ʈ a ]_w
[_w d̪ i b u n a t̪ a ]_w
[_w b æː ʋ u m ]_w
[_w s æ l a k eː ]_w
[_w dʒ iː ʋ i t̪ a ]_w
[_w p e r a m u n a ]_w
[_w h e d̪ e m a l a ]_w
[_w d̪ e ʋ i ɡ e n a ]_w
[_w t̪ æ n a ɡ ]_w
[_w a p a h a r u ]_w
[_w aː d̪ iː ]_w
[_w e ʋ a n a ]_w
[_w t̪ æ k ʋ iː m ]_w
[_w k e n e k ]_w
[_w d̪ a r a j a ]_w
[_w k æ l a b e n a ]_w
[_w u d̪ aː ]_w
[_w p i j a ʋ a s eː ]_w
[_w b i l i j a m ]_w
[_w dʒ a p a n a ]_w
[_w n i m æ ʋ u m ]_w
[_w a r i j a ]_w
[_w tʃ a n d̪ r a ]_w
[_w h a t̪ a k ]_w
[_w a h oː s i ]_w
[_w d̪ i b u n a t̪ ]_w
[_w ʋ æ l a k e n a ]_w
[_w k i s i m a ]_w
[_w d̪ e n a ʋ aː ]_w
[_w k æ m a d̪ aː ]_w
[_w d̪ a ʋ a s aː ]_w
[_w m a n a s a ]_w
[_w d̪ a ɡ u n i n ]_w
[_w b a r a ]_w
[_w b i d̪ i ]_w
[_w k r i s t̪ u s ]_w
[_w m a ʋ a ɡ ]_w
[_w ʋ a n u ]_w
[_w k a n i j a ]_w
[_w b i r i ]_w
[_w m u t̪ u n ]_w
[_w e j a ɖ a ]_w
[_w p o d̪ ]_w
[_w r oː ɡ a j a ]_w
[_w k e n e k ʈ a ]_w
[_w p o t̪ a ɡ a t̪ a ]_w
[_w t̪ r i n a ]_w
[_w d̪ i p u n a d̪ ]_w
[_w b æ k i n ]_w
[_w p i l i m a ]_w
[_w p aː t̪ r a ]_w
[_w aː dʒ aː r j a ]_w
[_w ɡ i r iː m eː ]_w
[_w b aː ɖ a ]_w
[_w s au k j a ]_w
[_w p a d̪ a j a ]_w
[_w ɡ a t̪ aː ]_w
[_w a d̪ i p a t̪ a ]_w
[_w m u t̪ u n ɡ eː ]_w
[_w t̪ i b i j a ]_w
[_w k a s eː ]_w
[_w ʋ i s i ʋ a n a ]_w
[_w ɡ o ʈ a s ]_w
[_w ʋ eː d̪ a j a ]_w
[_w æ j a ʋ a r a t̪ ]_w
[_w j a n a ]_w
[_w p eː r aː ]_w
[_w d̪ e m i n ]_w
[_w m æ ʈ a ]_w
[_w ʋ a nː eː j a ]_w
[_w s a m a n a ]_w
[_w a ʋ a s a ]_w
[_w d̪ a m aː ʈ a ]_w
[_w b aː ʋ i tʃː i ]_w
[_w p a h a t̪ a ɡ ]_w
[_w dʒ a n d̪ r a ]_w
[_w d̪ æ k ʋ e n a s ]_w
[_w p uː m i j eː ]_w
[_w k a r a l aː ]_w
[_w d̪ u l a ʈ a ]_w
[_w aː r a m p a nː a ]_w
[_w m u d̪ r a n a ]_w
[_w u t̪ j aː n a j eː ]_w
[_w ʋ a ɡ r a m a ]_w
[_w ʋ æ ʈ e n a ]_w
[_w i n p a s u p a ]_w
[_w p a s u ]_w
[_w j aː n a j a k ]_w
[_w æ ʋ i t̪ i h a ]_w
[_w ʋ a r ʃ aː ]_w
[_w s iː n i ]_w
[_w i lː u m a ]_w
[_w n i ʋ a s a r a ]_w
[_w k a r a t̪ a ]_w
[_w p i l i m a j i ]_w
[_w k o ʋ i ]_w
[_w k i j u r i n ]_w
[_w u t̪ s a ʋ a ]_w
[_w aː j a d̪ a ]_w
[_w m aː ɡ ]_w
[_w i n p a s u ʋ a ]_w
[_w s a d̪ u n ]_w
[_w a n u r uː p a ]_w
[_w ʋ e t̪ i n ]_w
[_w a ᵑɡ a h a r a ]_w
[_w n i r i t̪ a ]_w
[_w n a m æ d̪ i ]_w
[_w e k a k a ɖ a ]_w
[_w s r i n a ]_w
[_w m o k a t̪ a ʋ aː ]_w
[_w p r a t̪ a r a k ]_w
[_w p aː l a k a n u ]_w
[_w ʋ a r t̪ a n a ]_w
[_w s a t̪ u ʈ a ʈ a ]_w
[_w d̪ u l i n m a ]_w
[_w m a ʈː a m a ]_w
[_w d̪ a h a s u ]_w
[_w t̪ a r a m ]_w
[_w k æ h æ n u ]_w
[_w ɡ a s aː ]_w
[_w t̪ æ n a ʈ a ]_w
[_w s a d̪ u n i ]_w
[_w m æ ɖ i ]_w
[_w t̪ o r a ʋ a n a ]_w
[_w n i r i d̪ i ]_w
[_w d̪ oː ʃ a ]_w
[_w ʋ i l i j a n a ]_w
[_w ɡ a t̪ː eː j a ]_w
[_w u t̪ s a ʋ a n a ]_w
[_w r a ɖ a j i ]_w
[_w s a m aː d̪ i ]_w
[_w ɡ a d̪ ]_w
[_w b au d̪ː a ]_w
[_w h iː l i j a n ]_w
[_w d̪ æ n a ɡ ]_w
[_w k a r a k a ]_w
[_w u b a r i n a ]_w
[_w d̪ a r a k a ʈ a ]_w
[_w h e n r i ]_w
[_w l i ɡ i d̪ a ]_w
[_w a ʋ a s a n ]_w
[_w ɡ æ n eː ]_w
[_w tʃ u n i ]_w
[_w u ʃ n a t̪ ʋ a ]_w
[_w n æ t̪ u ʋ a ]_w
[_w ʋ aː s i j a ]_w
[_w d̪ i n a j eː ]_w
[_w ɡ æ m a r aː ]_w
[_w p æ t̪ i r a j a ]_w
[_w s u d̪ u ]_w
[_w t̪ a r a j i ]_w
[_w ʋ e nː eː ]_w
[_w b i j a ]_w
[_w d̪ i ʋ i j a ]_w
[_w d̪ e r u n ]_w
[_w d̪ a r dʒ a n a ]_w
[_w a ʈ u ʋ a ]_w
[_w p a ⁿd̪ a ʋ aː ]_w
[_w e h i d̪ i ]_w
[_w j a ɖ i ]_w
[_w m a j i n oː ]_w
[_w a t̪ h a t̪ aː ]_w
[_w ʋ i ʈ e k a ]_w
[_w ɡ a k ʃ a j a ]_w
[_w p oː ʋ a n a ]_w
[_w h a t̪ i n a ]_w
[_w d̪ eː ʋ a ]_w
[_w m u r a ʈ æ ᵐb a ]_w
[_w b i r i s a ]_w
[_w m e d̪ u m a ]_w
[_w s a l a k ʋ uː ]_w
[_w j u d̪ː a j eː ]_w
[_w p r a p eː d̪ a ]_w
[_w t̪ i j e nː eː ]_w
[_w b o t̪ ]_w
[_w ʋ a s a j a ]_w
[_w s aː m a ]_w
[_w k e ʈ i ]_w
[_w ɡ r a m a j e n ]_w
[_w a h a nː a ]_w
[_w d̪ u n ]_w
[_w a ʋ a t̪ aː ]_w
[_w s a m a s t̪ a ]_w
[_w ʋ a s ]_w
[_w ʃ a k d̪ i j a ]_w
[_w dʒ ai ʋ a ]_w
[_w n æ ʋ ]_w
[_w k a ʋ u d̪ a ]_w
[_w aː p a t̪ aː r t̪ a ]_w
[_w k a ⁿd̪ u ]_w
[_w j a n u ʋ a n ]_w
[_w k i r iː m a k ]_w
[_w o ʋ u n k eː ]_w
[_w l a k ʋ i j a ]_w
[_w d̪ i n a ]_w
[_w s æ m a t̪ i ]_w
[_w ɡ aː r a ]_w
[_w s iː ɡ i r i m i ]_w
[_w k r a m a j i ]_w
[_w b a l a n a ]_w
[_w d̪ r i t̪ a ]_w
[_w h i ʈ i j eː ]_w
[_w ʋ a t̪ aː ʋ a ]_w
[_w ɡ e l a ʋ a r aː ]_w
[_w æ ɖ a ]_w
[_w p oː ʃ a k a ]_w
[_w d̪ i j e nː eː ]_w
[_w b r i s ʈ l i ]_w
[_w b e n ʋ a j i ]_w
[_w s a m aː ʋ a d̪ a ]_w
[_w s æ l a ɡ eː ]_w
[_w r a d̪ u r a n ]_w
[_w m o k a t̪ a ]_w
[_w d̪ a ɡ u n u m ]_w
[_w j u d̪ e ʋ ]_w
[_w n æ ʋ a t̪ u n i ]_w
[_w h æ k i ʋ eː ]_w
[_w t̪ a l a j e n ]_w
[_w i t̪ aː m a ]_w
[_w r a ʈ a k ]_w
[_w ʋ a s a ʈ a ]_w
[_w k æ ʈ a l u ʋ a ]_w
[_w k u ɖ aː m a ]_w
[_w ɡ aː j i k a ]_w
[_w d̪ a r a m i n ]_w
[_w s au k j a j a ]_w
[_w d̪ a n aː ]_w
[_w ɡ a t̪ i ]_w
[_w i k m a n ]_w
[_w d̪ i m oː d̪ i ]_w
[_w æ t̪ u l a ]_w
[_w i r aː n a j eː ]_w
[_w s a t̪ aː m ]_w
[_w k u ʈ aː ]_w
[_w t̪ æ b i j a k i ]_w
[_w ʋ æ n i d̪ aː ]_w
[_w s a nː a t̪ː a ]_w
[_w b æ ʋ a s eː ]_w
[_w p r a t̪ eː ʃ a ]_w
[_w h a t̪ u n i ]_w
[_w s i d̪ː i j a ]_w
[_w d̪ i j e n ]_w
[_w p i r i s a ɡ ]_w
[_w d̪ u r ʋ a l a ]_w
[_w k i j a ʋ i l i ]_w
[_w ʋ uː ʋ a ɡ i ]_w
[_w p a l a p æː ]_w
[_w m i l a ɖ a ]_w
[_w j a nː eː ]_w
[_w b u d̪ u m a ]_w
[_w ʋ u j eː ]_w
[_w p r a b a r ]_w
[_w n æ m a d̪ aː ]_w
[_w d̪ e t̪ e n a ]_w
[_w m u l j a ]_w
[_w d̪ i j e n a ]_w
[_w ʋ eː ɡ a ]_w
[_w ɡ r i m i ]_w
[_w k aː j i k a l ]_w
[_w j a m ]_w
[_w d̪ i j u n u ]_w
