[_w s a m kʰ a m ]_w
[_w n uː l u ]_w
[_w uː r i l oː ]_w
[_w b iː tʃ ]_w
[_w k o l oː n ]_w
[_w a d̪ a ɖ i ]_w
[_w tʃ a r i t̪ r a ]_w
[_w a m ʃ aː l u ]_w
[_w a m d̪ i ]_w
[_w k aː ɡ a ]_w
[_w p a ɖ i n a ]_w
[_w aː s a k t̪ i ]_w
[_w w aː ɭː u ]_w
[_w w aː h a n a ]_w
[_w d̪ aː n a m ]_w
[_w l i m ɡ a n uː ]_w
[_w t̪ a m a ]_w
[_w a n a ɡ u ]_w
[_w h e n r iː ]_w
[_w a r u t̪ a j n aː ]_w
[_w i n u p a m d̪ʱ a ]_w
[_w w a r ɡ aː l a ]_w
[_w w a n ]_w
[_w tʃ aː d̪ i k i ]_w
[_w tʃ uː p eː ]_w
[_w p aː t̪ r a n u ]_w
[_w k a m p e n iː ]_w
[_w w aː n i k i ]_w
[_w t̪ i ɡ u w a ]_w
[_w b a r ʂ i j a n ]_w
[_w t̪ a pː u ɖ u ]_w
[_w p e d̪ː a ]_w
[_w aː w i ʈ a ]_w
[_w n eː n uː ]_w
[_w p u r u ʂ u l u ]_w
[_w n a d̪ i ]_w
[_w s aː d̪ʱ a n a m ]_w
[_w b aː t̪ r a ]_w
[_w ʃ a j l i ]_w
[_w s ʈ i r l i m ɡ ]_w
[_w s a m s t̪ʰ a n u ]_w
[_w u d̪ i k eː ]_w
[_w r aː s i m d̪ i ]_w
[_w bʱ aː ɡ aː l a ]_w
[_w ɡ a ɳ a ]_w
[_w k uː ɖ aː ]_w
[_w l e kː a l u ]_w
[_w d̪ʱ aː m a s ]_w
[_w dʒ eː d̪ a ]_w
[_w a w ʂ a t̪ʰ a ]_w
[_w m a m ɖ a l u ]_w
[_w w eː l u ]_w
[_w aː dʒ aː r j a ]_w
[_w b r a d̪ i ]_w
[_w dʒ a k r a ]_w
[_w ɡ aː j a l u ]_w
[_w t̪ aː n i ]_w
[_w ɡ aː n iː ]_w
[_w tʃ eː p a l u ]_w
[_w k a d̪ aː ]_w
[_w j a s ]_w
[_w p r a t̪ʰ a m a ]_w
[_w aː k s pʰ a r ɖ ]_w
[_w tʃ aː n iː ]_w
[_w t̪ eː t̪ iː ]_w
[_w bʱ uː m u l u ]_w
[_w u m ʈ eː ]_w
[_w b aː l a ]_w
[_w m o kː a ]_w
[_w k a d̪ʱ a l oː ]_w
[_w dʒ eː p a l a m ]_w
[_w i m ɖ i ]_w
[_w a pː u ]_w
[_w d̪ aː ʈ u l a ]_w
[_w d̪ e l u s aː ]_w
[_w pʰ a j n a l ]_w
[_w l a ɡ u ]_w
[_w t̪ aː n i p a j ]_w
[_w s a m s t̪ʰ a l a ]_w
[_w w e r ʂ a n ]_w
[_w n i w aː s a ]_w
[_w p e s ʈ ]_w
[_w tʃ eː d̪ i t̪ oː ]_w
[_w w e jː i ]_w
[_w m aː s ʈ a r s ]_w
[_w m a m ɖ a l a ]_w
[_w p aː l a n iː ]_w
[_w r a j t̪ u l a ]_w
[_w l oː n i k i ]_w
[_w e pː u ʈ uː ]_w
[_w d̪ʱ w a m s a m ]_w
[_w m a d̪ a ]_w
[_w s a bʱ j u l u ]_w
[_w m o d̪ː a m ]_w
[_w t̪ a n a ɡ u ]_w
[_w k u l a m ]_w
[_w p o mː a ]_w
[_w a n u bʱ uː t̪ i ]_w
[_w n a j r u t̪ i ]_w
[_w s t̪ʰ aː n a m ]_w
[_w l aː ɡ aː ]_w
[_w a j i n aː ]_w
[_w s t̪ r iː ]_w
[_w m a d̪ː a d̪ i ]_w
[_w aː tʃ aː r j a ]_w
[_w i r aː ɡ ]_w
[_w w eː ɖ u ɡ a ]_w
[_w i d̪ a r a l i ]_w
[_w p e ɖː a ʈ a m ]_w
[_w w i ʃ eː ʂ a m ]_w
[_w a n i ]_w
[_w p e ʈ i t̪ eː ]_w
[_w u d̪ː eː ʃ a m ]_w
[_w w aː ɭ l u ]_w
[_w h aː s j a m ]_w
[_w dʒ eː r eː ]_w
[_w r i p a p l i k ]_w
[_w m u m d̪ eː ]_w
[_w dʒ e p t̪ aː r u ]_w
[_w ʃ aː kʰ a ]_w
[_w a t̪ʰ i ɡ a ]_w
[_w dʒ u l a j ]_w
[_w eː ɖ a ]_w
[_w k u r u w u ]_w
[_w t̪ a t̪ i t̪ a r a ]_w
[_w m u n u p u ]_w
[_w a m d̪ u l u ]_w
[_w m a m d̪ i ]_w
[_w m o d̪ a ɖ l oː ]_w
[_w b a pː u ]_w
[_w p iː p a mː a ]_w
[_w m a m d̪ r a ]_w
[_w p r a t̪ iː d̪ i ]_w
[_w w i ʈ u t̪ a l a ]_w
[_w w i nː a ]_w
[_w kʰ a mː a m ]_w
[_w tʃ aː r iː ]_w
[_w l eː dʒ i ]_w
[_w ʃ a t̪ a ɡ a m ]_w
[_w pʰ aː ʂ a l u ]_w
[_w m u s l i m l u ]_w
[_w s i m ɡ i l s ]_w
[_w d̪ aː n i ]_w
[_w w i t̪ j aː ]_w
[_w p oː j i ]_w
[_w w aː s t̪ u ]_w
[_w a jː i m d̪ i ]_w
[_w t̪ r u ʂ ʈ i n i ]_w
[_w u m ʈ u n u ]_w
[_w i t̪ i l aː ]_w
[_w w e m ɖ a w a ]_w
[_w p a m ɖ u ]_w
[_w a ɖ i ɡ i ]_w
[_w ɡ aː k aː ]_w
[_w b oː j i n aː ]_w
[_w aː l p a m ]_w
[_w s i d̪ʱː a m ]_w
[_w o k a ɖ i ]_w
[_w tʃ a n a l a ]_w
[_w u m ʈ eː t̪ i ]_w
[_w p uː l a ]_w
[_w a n eː ]_w
[_w i d̪ː a r i ]_w
[_w r u dʒ i ]_w
[_w w aː r d̪ aː ]_w
[_w s e m ɖ r a l ]_w
[_w p r a w n ]_w
[_w aː j a n a ]_w
[_w b a ʈː a l u ]_w
[_w tʃ eː ʃ aː j i ]_w
[_w w i l u w a l u ]_w
[_w e l aː m ɖ ]_w
[_w k r iː ]_w
[_w m iː ɖ a r l u ]_w
[_w p a w i t̪ a ]_w
[_w s a bʱ j u ɖ u ]_w
[_w aː pʰ iː s u ]_w
[_w i pː u ʈ eː ]_w
[_w p u n aː t̪ i ]_w
[_w tʃ i t̪ r aː l a ]_w
[_w m a m t̪ i ]_w
[_w ɡ r u ʂ ɳ a ]_w
[_w kʰ a r tʃ u ]_w
[_w s aː k i n a ]_w
[_w o bː a m d̪ i ]_w
[_w s uː p a r ]_w
[_w s a m aː n a ]_w
[_w s a m kʰ j a l u ]_w
[_w bʱ a s ʈ ]_w
[_w m uː s i ]_w
[_w w i m aː n a ]_w
[_w oː ʈ l u ]_w
[_w u nː aː ]_w
[_w i m ʈ a r ]_w
[_w t̪ iː n i l oː ]_w
[_w s a m ɡʱ a ]_w
[_w b o mː a l a ]_w
[_w iː j a n a ]_w
[_w p aː ʈ a l u ]_w
[_w m a t̪ u r a j ]_w
[_w m a t̪ a m l oː ]_w
[_w t̪ aː t̪ aː p u ]_w
[_w i m t̪ u ]_w
[_w tʃ eː s i ]_w
[_w tʃ a r m a ]_w
[_w t̪ o l u t̪ a ]_w
[_w k iː t̪ aː ]_w
[_w aː ɖ i j oː ]_w
[_w i w i ]_w
[_w m u kʰ j a m ]_w
[_w b a j n a ]_w
[_w ʃ a n i ]_w
[_w a pː u ɖ eː ]_w
[_w s u l t̪ aː n ]_w
[_w ɖ a j ʈ i l ]_w
[_w s a m b a t̪ a ]_w
[_w m a d̪ j a ]_w
[_w ɖ a pː u n u ]_w
[_w p aː ʈ a ]_w
[_w p oː j aː ɖ u ]_w
[_w tʃ a r m a n iː ]_w
[_w k i s ]_w
[_w ʃ a r iː r a ]_w
[_w s a r eː ]_w
[_w w i ʂ a j a ]_w
[_w w a r d̪ a k a m ]_w
[_w tʃ eː s eː d̪ i ]_w
[_w ɖ r eː ɖ ]_w
[_w j uː n i j a r ]_w
[_w k aː m d̪ʱ iː ]_w
[_w k eː m ]_w
[_w dʒ a r i p eː ]_w
[_w a t̪ a n i ]_w
[_w ɡ u r t̪ u l u ]_w
[_w w a m ɖ i ]_w
[_w h iː r oː ]_w
[_w t̪ a j aː r iː ]_w
[_w d̪ʱ a j r j a m ]_w
[_w tʃ a r j a l u ]_w
[_w tʃ eː s i n a ]_w
[_w tʃ a r i p i n a ]_w
[_w t̪ a n a l oː ]_w
[_w a mː aː j i ]_w
[_w t̪ a kː a r i ]_w
[_w a m tʃ a ]_w
[_w k w aː r ɖ a r ]_w
[_w dʒ e ɖ l a ]_w
[_w m a r u s a ɖ i ]_w
[_w s a m aː d̪ʱ i ]_w
[_w n iː k u ]_w
[_w aː m d̪ʱ r aː ]_w
[_w m oː ʈ aː r u ]_w
[_w dʒ eː s aː r u ]_w
[_w k a d̪ a m l oː ]_w
[_w m e j i n ]_w
[_w n eː ɖ i k iː ]_w
[_w tʃ a ʈ l u ]_w
[_w bʱ u tʃ a m ]_w
[_w s a m a s t̪ a ]_w
[_w w a s uː l u ]_w
[_w w a s t̪ eː ]_w
[_w s a l a h aː ]_w
[_w dʒ oː s ]_w
[_w i m ɡ a ]_w
[_w w aː j u w u ]_w
[_w p a ʈ i n i ]_w
[_w k a ʈ a b a ]_w
[_w a j s ]_w
[_w ɡ a w i t̪ a m ]_w
[_w s aː j a m ]_w
[_w ɡ aː t̪ u ]_w
[_w n j uː s ]_w
[_w bʱ a k t̪ i ]_w
[_w eː ʈ a w a r ]_w
[_w p a m d̪ i ]_w
[_w k aː j a l u ]_w
[_w ɡ aː r u ]_w
[_w b o ɖ a w u ]_w
[_w m a r a l i ]_w
[_w pʰ aː w a ]_w
[_w aː ʈ i n a ]_w
[_w s a j n j a m ]_w
[_w r e w i n j uː ]_w
[_w tʃ aː l a ]_w
[_w s t̪ʰ i d̪ i ]_w
[_w m u k i m b u ]_w
[_w ɡ i m iː ]_w
[_w m eː r a k u ]_w
[_w d̪ oː ʈ a l u ]_w
[_w eː m i ʈ oː ]_w
[_w ʃ aː s t̪ r a m ]_w
[_w p iː dʒ ]_w
[_w n i r ɳ iː d̪ a ]_w
[_w tʃ uː ɖ a ɖ a m ]_w
[_w w aː ɖ i n i ]_w
[_w e pː u ɖ oː ]_w
[_w ʃ i l p aː l u ]_w
[_w p r a ʃ n a k u ]_w
[_w m a d̪ʱ j a ]_w
[_w m aː n a m u ]_w
[_w i wː aː l i ]_w
[_w s a h aː j a m ]_w
[_w h a w s ]_w
[_w ʃ r iː h a r i ]_w
[_w n iː l a m ]_w
[_w e kː u w a ]_w
[_w t̪ w aː r aː ]_w
[_w i m k a n uː ]_w
[_w k aː j aː l u ]_w
[_w h aː m iː ]_w
[_w a k b a r ]_w
[_w r aː dʒ j a m ]_w
[_w ʃ r a m a m ]_w
[_w n u m ʈ i ]_w
[_w a r d̪ʱ a m ]_w
[_w r aː j i ]_w
[_w n eː r u ɡ aː ]_w
[_w k a d̪ʱ a l a n a ]_w
[_w w u m ɖ aː ɖ u ]_w
[_w t̪ aː ʈ i ]_w
[_w tʃ uː ɖ a ʈ a m ]_w
[_w t̪ aː n a m u ]_w
[_w m u m d̪ u ]_w
[_w s a r a m ]_w
[_w s aː k i m d̪ i ]_w
[_w s i m ɡ i l ]_w
[_w w i d̪ʱ aː n a m ]_w
[_w a j t̪ a m ]_w
[_w w aː s a n a m ]_w
[_w k i l oː ]_w
[_w t̪ aː n u ]_w
[_w p r aː m ʈ ]_w
[_w b aː d̪ r a l u ]_w
[_w e nː i k a ]_w
[_w k a nː a ]_w
[_w s u m aː r t̪ e ]_w
[_w tʃ e pː a m ʈ i ]_w
[_w n aː l u k u r u ]_w
[_w n e ɖ w a r ɡ ]_w
[_w p aː m ʈ ]_w
[_w n a l u ]_w
[_w h aː ɖ ]_w
[_w w a r m a m ]_w
[_w u n i k i ]_w
[_w w u nː aː j i ]_w
[_w a ʈ u k u ]_w
[_w b aː ɖ aː r u ]_w
[_w r aː ʃ aː r u ]_w
[_w r e ʈ ]_w
[_w t̪ iː r a ]_w
[_w k aː n eː ]_w
[_w a jː aː r u ]_w
[_w j u k a m ]_w
[_w w a s t̪ aː r u ]_w
[_w s w i s ]_w
[_w e d̪ u r u ]_w
[_w p l eː ]_w
[_w e nː i ]_w
[_w b aː ʈ aː r u ]_w
[_w ʃ i w u ʈ u ]_w
[_w i kː a ɖ eː ]_w
[_w m e d̪ a ]_w
[_w w u m ʈ i ]_w
[_w m aː r i m t̪ i ]_w
[_w b r a j w ]_w
[_w t̪ u l a ]_w
[_w n oː p e l ]_w
[_w a nː eː ]_w
[_w k u rː a m ]_w
[_w a m d̪ u w u ]_w
[_w w e ɭː aː ʈ u ]_w
[_w u m ɖ uː ]_w
[_w s eː w a l a ]_w
[_w m o t̪ː a m ]_w
[_w k a t̪ i l oː ]_w
[_w i m ɖ l oː ]_w
[_w u m ʈ a ʈ a m ]_w
[_w i m ɖ i n a ]_w
[_w w aː r i t̪ oː ]_w
[_w r oː ɡ a ]_w
[_w n u m dʒ iː ]_w
[_w tʃ oː j e l ]_w
[_w tʃ oː ʈ a ]_w
[_w a r a bː iː ]_w
[_w n a j ʈ ]_w
[_w ɡ a w i d̪ a l u ]_w
[_w s u p r iː m ]_w
[_w p a m ʈ u ɡ a ]_w
[_w i m ɡ oː ]_w
[_w l a k ʂ m iː ]_w
[_w r aː ɭː u ]_w
[_w oː ʈ a ]_w
[_w k a d̪ i ]_w
[_w a m t̪ a ]_w
[_w m i n a h aː ]_w
[_w i d̪ a r u l a ]_w
[_w w a j r a s ]_w
[_w tʃ eː s t̪ eː ]_w
[_w n a d̪ i l i ]_w
[_w tʃ uː n ]_w
[_w t̪ a r a h aː ]_w
[_w ɡ r u ʂ i ]_w
[_w ɖ i m aː m ]_w
[_w ɡ aː r ɖ u ]_w
[_w r e m ɖ uː ]_w
[_w r aː s i n a ]_w
[_w p r o pʰ e s a r ]_w
[_w a jː eː ]_w
[_w p oː d̪ eː ]_w
[_w k aː w aː l i ]_w
[_w p o r a ]_w
[_w r aː dʒ u l a j ]_w
[_w eː ʈ aː ]_w
[_w n a d̪ u l u ]_w
[_w p a m p i ɳ iː ]_w
[_w k aː w a ʈ a m ]_w
[_w k o pː a r i ]_w
[_w d̪ a r w aː d̪ i ]_w
[_w tʃ a kː a ɖ a k u ]_w
[_w w eː l aː t̪ i ]_w
[_w k r i t̪ a m ]_w
[_w s e m ɖ a ]_w
[_w w a m ʃ a m ɡ aː ]_w
[_w i d̪ i ]_w
[_w s a m ɡ a m ]_w
[_w tʃ e ʈ u ]_w
[_w h a kː u l u ]_w
[_w p a n i n i ]_w
[_w u m ʈ i ]_w
[_w o l i m b i ɡ a ]_w
[_w i s t̪ aː r u ]_w
[_w l i p i ]_w
[_w m u s l i m l a ]_w
[_w ɡ o nː i ]_w
[_w ʃ r a d̪ʱː a ]_w
[_w w aː ɖ i n a ]_w
[_w p a r iː k ʂ a ]_w
[_w u m ʈ oː m d̪ i ]_w
[_w l i m ɡ ]_w
[_w a m i d̪ i ]_w
[_w m a r a ɳ a ]_w
[_w n r u t̪ j a m ]_w
[_w l a k u ]_w
[_w r aː w a ʈ a m ]_w
[_w b aː t̪ r a l a ]_w
[_w tʃ oː ʈ u ]_w
[_w k a r e n s iː ]_w
[_w p a t̪ r a m ]_w
[_w tʃ e ʈː u ]_w
[_w b iː h aː r ]_w
[_w d̪ a b a ]_w
[_w s a m kʰ j a n u ]_w
[_w b a m ɡ aː ]_w
[_w a t̪ʰ i k a ]_w
[_w t̪ u t̪ i ]_w
[_w dʒ a n a ]_w
[_w i pː u ɖ u ]_w
[_w a sː aː m ]_w
[_w d̪ a kː a r i ]_w
[_w k a l i k a ]_w
[_w n i r m aː d̪ a ]_w
[_w ʃ a j l i n i ]_w
[_w s eː w aː ]_w
[_w ɡ oː l s ]_w
[_w l oː n i ]_w
[_w bʱ aː r a t̪ i ]_w
[_w d̪ a n a l oː ]_w
[_w r a k aː ]_w
[_w w i dʒ a j a m ]_w
[_w p a ɖ i ]_w
[_w r a m a m ]_w
[_w n aː m a ]_w
[_w tʃ eː r i ]_w
[_w s uː r j u n i ]_w
[_w aː d̪ʱ u n i k i ]_w
[_w r a m k a m ]_w
[_w t̪ r u ʂ ʈ i ]_w
[_w w aː s t̪ a ]_w
[_w w a r ʂ a m ]_w
[_w tʃ uː tʃ i ]_w
[_w k iː d̪ a m ]_w
[_w i m ʈ l oː ]_w
[_w aː r ɖ s ]_w
[_w ɡ u m aː r u ]_w
[_w s a m a k u ]_w
[_w s u ɡ a ]_w
[_w m u h a mː a d̪ ]_w
[_w u nː a w i ]_w
[_w t̪ a pː u k aː ]_w
[_w n a t̪ u l u ]_w
[_w t̪ e l u s u ]_w
[_w i t̪ː a r uː ]_w
[_w ɖ a w a ]_w
[_w d̪ e tʃː i n a ]_w
[_w w e ɭː aː ɖ u ]_w
[_w s a k a ʈ u ]_w
[_w t̪ aː dʒ aː ]_w
[_w aː h aː r a ]_w
[_w e n i m i d̪ː a m ]_w
[_w m a t̪ j a m ]_w
[_w w i dʒ a j n a ]_w
[_w t̪ a l a ]_w
[_w r aː dʒ u l a ]_w
[_w aː m ɡ l a m ]_w
[_w a ɳ u ]_w
[_w ʂ eː k ]_w
[_w a m ʃ aː l a ]_w
[_w a n a b u ]_w
[_w bʱ uː m i l oː ]_w
[_w tʃ a w aː b u ]_w
[_w ɡʱ a n a m u ]_w
[_w ɡ a m ʈ a ]_w
[_w aː d̪ʱ aː r a ]_w
[_w p o ɖ i ]_w
[_w l i m i ʈ e ɖ ]_w
[_w n aː k u ]_w
[_w pʰ aː r iː ]_w
[_w bʱ aː k aː l a ]_w
[_w r aː ʂ ʈ r a ]_w
[_w p a j p i l ]_w
[_w l oː t̪ a j n aː ]_w
[_w ɖ a bː u l u ]_w
[_w p a w r u l u ]_w
[_w dʒ a w t̪ a r i ]_w
[_w n eː p aː l ]_w
[_w ʃ a t̪ a k a m ]_w
[_w r aː t̪ i ]_w
[_w r i dʒ a r w ]_w
[_w k u kː a ]_w
[_w d̪ e lː a n i ]_w
[_w t̪ a ʃ a ]_w
[_w p i l i dʒ i ]_w
[_w s a m tʃ i d̪ i ]_w
[_w b aː k s ]_w
[_w dʒ uː ɖ a ɖ a m ]_w
[_w d̪ eː ʃ a m ]_w
[_w s a m d̪ a ]_w
[_w w a d̪ː a k u ]_w
[_w d̪ uː r b u ]_w
[_w t̪ aː m u ]_w
[_w p u ʈː i m t̪ i ]_w
[_w ɡ oː w aː ]_w
[_w p r a t̪ i ]_w
[_w w a j p u l aː ]_w
[_w i t̪ a n u ]_w
[_w w i bʱ i nː a ]_w
[_w n i sː aː n ]_w
[_w p e m tʃ eː ]_w
[_w uː p i r i ]_w
[_w p e d̪ː a k aː ]_w
[_w a bː u ɖ eː ]_w
[_w n i m i t̪ː a m ]_w
[_w p a h u ʃ aː ]_w
[_w w a s t̪ aː j i ]_w
[_w a t̪ a ʈ u ]_w
[_w m iː ʈ a r l a ]_w
[_w n oː ʈ i ]_w
[_w p a ʈː a ɳ a ]_w
[_w p u ʂ p aː l u ]_w
[_w u mː a ɖ i ]_w
[_w a bʱ j a r t̪ʰ i ]_w
[_w a m t̪ a t̪ i ]_w
[_w n a w aː p u ]_w
[_w dʒ e m d̪ i ]_w
[_w bʱ i l i m ]_w
[_w n eː s i n a ]_w
[_w m a d̪ j a m ]_w
[_w d̪ e l iː t̪ u ]_w
[_w r aː dʒ aː ]_w
[_w bʱ oː n ]_w
[_w k a l p a n a ]_w
[_w k a w n s i l ]_w
[_w m a r oː ]_w
[_w s iː dʒ a n ]_w
[_w p eː dʒ iː l u ]_w
[_w k o d̪ː a k aː ]_w
[_w i pː a m d̪ i ]_w
[_w a pː a ɖ l oː ]_w
[_w w i ʂ ɳ u ]_w
[_w k aː r m i ɡ a ]_w
[_w b e r i k aː ]_w
[_w w a j p u n a ]_w
[_w e ʈ u w a m ɖ i ]_w
[_w p o r u k u ]_w
[_w u m ɖ eː ]_w
[_w i m d̪ u k u ]_w
[_w dʒ eː r aː r u ]_w
[_w n a lː a ]_w
[_w ɡ u mː a ɖ i ]_w
[_w w u m ʈ eː ]_w
[_w dʒ e jː i ]_w
[_w p a d̪ a w i ɡ i ]_w
[_w aː n a m ]_w
[_w s aː r l u ]_w
[_w m a j ɭː u ]_w
[_w p aː m ɖ ]_w
[_w w i l u w a ]_w
[_w a m d̪ i m a ]_w
[_w w a tʃː aː r u ]_w
[_w w eː ɖ a ]_w
[_w m aː t̪ r a m u ]_w
[_w ɡ r i m d̪ a ]_w
[_w d̪ i l ]_w
[_w s a m d̪ʱ i m dʒ i ]_w
[_w tʃ eː j a ʈ a k u ]_w
[_w r aː dʒ ]_w
[_w i lː u ]_w
[_w p a d̪ʱː a t̪ i ]_w
[_w eː t̪ oː ]_w
[_w bʱ oː dʒ a n a ]_w
[_w p oː r ʈ ]_w
[_w o k a ʈ eː ]_w
[_w tʃ e r u w u ]_w
[_w i ʈ a l iː ]_w
[_w tʃ e m d̪ i m a ]_w
[_w t̪ oː h a t̪ a ]_w
[_w p a t̪ i ]_w
[_w p a r i m i d̪ i ]_w
[_w i s l aː m ]_w
[_w t̪ eː ʃ aː l a ]_w
[_w ɡ a l i s eː ]_w
[_w j o kː a ]_w
[_w tʃ i w a r i ]_w
[_w t̪ r u ʃ j a ]_w
[_w aː r a m ]_w
[_w eː m i ]_w
[_w aː r d̪ʱ i k a ]_w
[_w bʱ u ɖ ]_w
[_w m aː d̪ r a ]_w
[_w a jː aː ʈ u ]_w
[_w p aː k u m d̪ i ]_w
[_w aː s a k t̪ i ɡ i ]_w
[_w m a kː aː ]_w
[_w w aː r i l oː ]_w
[_w tʃ aː m d̪ ]_w
[_w dʒ n aː n a ]_w
[_w tʃ uː s eː ]_w
[_w s a pʰ a ]_w
[_w ɡ o pː a ]_w
[_w t̪ w i t̪ iː j a ]_w
[_w d̪ iː k ʂ a ]_w
[_w ɡ u l a ]_w
[_w e k u w a ]_w
[_w u ʂ ɳ a ]_w
[_w ɖ i tʃ i ]_w
[_w w u m ɖ aː ]_w
[_w tʃ aː r tʃ ]_w
[_w p o kː u ]_w
[_w aː r m iː ]_w
[_w i d̪ a ɖ u ]_w
[_w ʈ a j m ]_w
[_w e m d̪ a r oː ]_w
[_w t̪ eː d̪ iː ]_w
[_w m iː ɡ u ]_w
[_w k aː d̪ʱ a l i k a ]_w
[_w k uː k u l ]_w
[_w a h m a ]_w
[_w t̪ a n a k u ]_w
[_w u nː a ɖ l u ]_w
[_w a n iː ]_w
[_w a t̪ a ɖ i t̪ i ]_w
[_w w i t̪ eː ʃ iː j a ]_w
[_w p a k ʂ i ɳ a ]_w
[_w p e r i k i ]_w
[_w p r a s i d̪ʱː i ]_w
[_w r aː dʒ a j n iː s ]_w
[_w a m d̪ u ]_w
[_w tʃ e r a k u ]_w
[_w l oː b a l i ]_w
[_w o ɡ a w eː ɭ a ]_w
[_w tʃ aː p i t̪ aː ]_w
[_w k a w m ʈ iː ]_w
[_w e kː a ʈ oː ]_w
[_w tʃ a j p uː r ]_w
[_w p r e s ]_w
[_w r aː w u ]_w
[_w ʈ a tʃ ]_w
[_w aː ɡ r u d̪ i ]_w
[_w s t̪ʰ aː b a n a ]_w
[_w k aː r u ]_w
[_w i d̪ a m ]_w
[_w a d̪ a n u ]_w
[_w u nː aː r u ]_w
[_w u mː a ʈ i ]_w
[_w k r aː s ]_w
[_w ʃ u k l a ]_w
[_w n i m ɖ i ɡ i ]_w
[_w n i ʂ p a d̪ː i ]_w
[_w a m ʃ aː nː i ]_w
[_w s w iː j a ]_w
[_w tʃ uː ʃ aː ɖ u ]_w
[_w m a n a m ]_w
[_w ʃ a d̪ a ɡ a m ]_w
[_w w u nː aː r u ]_w
[_w a k a sː iː ]_w
[_w b l aː ɡ ]_w
[_w aː pʰ r i ɡ aː ]_w
[_w a nː aː n u ]_w
[_w r aː s ]_w
[_w l i s p a n ]_w
[_w u d̪ː a r a ]_w
[_w u p aː t̪ʰ i ]_w
[_w s t̪ʰ a l a m ]_w
[_w d̪ r a w j a ]_w
[_w pʰ iː m aː ]_w
[_w m a h a mː a t̪ ]_w
[_w w aː r i k i ]_w
[_w m a t̪ʰ j a n a ]_w
[_w u t̪ i k eː ]_w
[_w d̪ o m k a ɳ i ]_w
[_w n a nː a j a ]_w
[_w m a k a ]_w
[_w r e ʈ l u ]_w
[_w t̪ a l u ]_w
[_w p r a d̪ iː t̪ i ]_w
[_w m a m d̪ r a m ]_w
[_w p i r u t̪ u ɡ aː ]_w
[_w n aː r t̪ ]_w
[_w j u d̪ʱː a ]_w
[_w d̪ i m ɖ aː ]_w
[_w n i m ʈ aː ]_w
[_w n a k a ]_w
[_w p a ʈ i ]_w
[_w a m e r i k aː ]_w
[_w w a r t̪ a ]_w
[_w b e ʈː e ]_w
[_w ɡ iː t̪ a ]_w
[_w ʃ r iː ʃ r iː ]_w
[_w o k a ɖ eː ]_w
[_w p a r i d̪ʱ i ]_w
[_w i m dʒ i ]_w
[_w d̪ e l i j a m ]_w
[_w r a ʂ j aː ]_w
[_w h a ɡː u ]_w
[_w w iː r i n i ]_w
[_w i m ʈ i ]_w
[_w p a m t̪ i r a m ]_w
[_w tʃ e d̪ː a ]_w
[_w ʃ i w a ]_w
[_w a n a b a ɖ eː ]_w
[_w ʈ a pː u ]_w
[_w ɡ eː ʈ ]_w
[_w dʒ a j n a ]_w
[_w d̪ o l u t̪ a ]_w
[_w p oː s ʈ a n ]_w
[_w bʱ iː m aː ]_w
[_w d̪ eː m a ]_w
[_w p e ʈː aː ʈ u ]_w
[_w a m d̪ a ]_w
[_w s ʈ eː ɖ ]_w
[_w p r a dʒ aː ]_w
[_w n a ʈ i m tʃ i ]_w
[_w s e m ʈ a ]_w
[_w k a l i ]_w
[_w a j d̪ eː ]_w
[_w p a n u l u ]_w
[_w m aː s ʈ a r ]_w
[_w m a r aː ʈʰ aː ]_w
[_w l a k ʂ a l u ]_w
[_w r aː ɡ a m ]_w
[_w l i m i ʈ e ʈ ]_w
[_w m a h i ɭ a l a ]_w
[_w w i ʂ a j a m ]_w
[_w a kː a ʈ i k i ]_w
[_w h oː ʈ a l u ]_w
[_w n oː b e l ]_w
[_w e d̪ː u ]_w
[_w p r a s aː r i ]_w
[_w dʒ i lː aː ]_w
[_w m i ʃ r a m a m ]_w
[_w m eː dʒ a r ]_w
[_w eː n u ɡ u ]_w
[_w k a nː u ]_w
[_w p u ʈː i ]_w
[_w r aː dʒ j a ]_w
[_w ʂ aː p i m ɡ ]_w
[_w s u m a d̪ i ]_w
[_w dʒ uː l a j ]_w
[_w w u m ʈ eː l aː ]_w
[_w l a n u ]_w
[_w s a r w a t̪ a ]_w
[_w m aː r p u l u ]_w
[_w w a t̪ a ]_w
[_w n a nː u ]_w
[_w ɡ a ʈː i ]_w
[_w w a t̪ i ]_w
[_w r a m d̪ʱ r a m ]_w
[_w s t̪ʰ a l a ]_w
[_w w e n a kː u ]_w
[_w kʰ j aː t̪ i ]_w
[_w m a n u ]_w
[_w s oː w i j a ɖ ]_w
[_w k oː l pʰ ]_w
[_w p a j a ɖ a k u ]_w
[_w h e dʒ ]_w
[_w a r t̪ʰ a m ]_w
[_w tʃ eː s aː j i ]_w
[_w e l aː m ʈ ]_w
[_w ʃ oː d̪ʱ a n a ]_w
[_w t̪ eː ʃ a b u ]_w
[_w ɡ aː m i ɡ ]_w
[_w aː j a n i ]_w
[_w w i pʰ i nː a ]_w
[_w b e r i k eː ]_w
[_w t̪ aː r i ]_w
[_w r aː ʂ ʈ r a m ]_w
[_w tʃ a r tʃ i ]_w
[_w w i k e ɖ l u ]_w
[_w ɡ a r m a l u ]_w
[_w dʒ eː ʃ aː j i ]_w
[_w p i lː a ]_w
[_w d̪ aː d̪ aː b u ]_w
[_w m a r aː ʈʰ iː ]_w
[_w m i k i l oː ]_w
[_w bʱ a k t̪ a ]_w
[_w i m ɖ a r ]_w
[_w n i nː u ]_w
[_w a m t̪ a ɡ aː ]_w
[_w s a m a j a m ]_w
[_w s ʈ aː r ]_w
[_w w j aː s a m ]_w
[_w a w eː ]_w
[_w m aː r i ]_w
[_w k u ɖ u m p a ]_w
[_w p aː r ʈ iː ]_w
[_w r oː ʈ ]_w
[_w n a m d̪ i r a m ]_w
[_w aː t̪ i ]_w
[_w s i m k ]_w
[_w aː l a j a m u ]_w
[_w k aː n s a r ]_w
[_w ɡ o l a n u ]_w
[_w pʰ e ʈ a r a l aː ]_w
[_w a m d̪ a r i ]_w
[_w k a w r a w a ]_w
[_w j e kː a ]_w
[_w k oː ɖ a l u ]_w
[_w dʒ iː w u l a ]_w
[_w r a m ɡ u l u ]_w
[_w s a m j u k t̪ a ]_w
[_w m a n i ʂ i k i ]_w
[_w b a j a ɖ i k i ]_w
[_w t̪ a r a ]_w
[_w b oː s i ]_w
[_w b i l i dʒ eː ]_w
[_w s t̪ʰ i t̪ i ]_w
[_w p eː r u ]_w
[_w n iː w u ]_w
[_w a k ʈ oː p a r ]_w
[_w t̪ e l u ɡ u r u ]_w
[_w p o p aː j ]_w
[_w n eː r a m ]_w
[_w tʃ eː j aː l i ]_w
[_w n aː ɖ a k a m ]_w
[_w s a m ɡʱ aː l u ]_w
[_w tʃ oː k a r ]_w
[_w n a ɖ u l u ]_w
[_w a d̪ʱ i k a ]_w
[_w eː ɖ aː d̪ i ]_w
[_w k aː j a m ]_w
[_w tʃ a r j a l a ]_w
[_w m a n u ʂ u l a ]_w
[_w w i w aː h a n a ]_w
[_w b a r i d̪ʱ i ]_w
[_w k oː s ʈ ]_w
[_w dʒ i t̪ r a ]_w
[_w l oː j a ]_w
[_w a m a l u l oː ]_w
[_w w a l e ]_w
[_w ʃ a m k a r ]_w
[_w m a m d̪ u ]_w
[_w l oː d̪ u ɡ aː ]_w
[_w k a l a s a ]_w
[_w k a r m a m ]_w
[_w p i k ]_w
[_w tʃ e p t̪ aː r u ]_w
[_w r a j d̪ u l u ]_w
[_w r aː w a ɖ a m ]_w
[_w dʒ oː ʈ u ]_w
[_w t̪ aː ɖ u ]_w
[_w p i lː a l u ]_w
[_w r a ɡ a t̪ u ]_w
[_w p aː r k u ]_w
[_w ɡ aː m i k ]_w
[_w ɡ a t̪ aː ]_w
[_w w i b l a w a m ]_w
[_w l a k ʂ j a m ]_w
[_w b oː l iː s u ]_w
[_w r a tʃ a l u ]_w
[_w w e ɭː aː r u ]_w
[_w e m d̪ oː ]_w
[_w ɡ a t̪ a ]_w
[_w w eː j i ]_w
[_w k aː w u n a ]_w
[_w i s t̪ aː ʈ u ]_w
[_w a j i m d̪ i ]_w
[_w s ʈ r iː ʈ ]_w
[_w p uː l u ]_w
[_w s w a r aː l u ]_w
[_w k a m ɖ a l u ]_w
[_w d̪ o m ɡ a ]_w
[_w s p eː s ]_w
[_w a r tʃ u t̪ oː ]_w
[_w a ɖ a w a ]_w
[_w w a k a j r aː ]_w
[_w l a j ʈ ]_w
[_w tʃ e jː a ɖ a m ]_w
[_w k a ʂ ʈ a m ]_w
[_w ɡ aː n s a r ]_w
[_w p a m p i ]_w
[_w p r a ʃ n a l u ]_w
[_w k aː ɭː u ]_w
[_w d̪ e l iː d̪ u ]_w
[_w s ʈ aː k ]_w
[_w s w a m d̪ u ]_w
[_w e kː a ɖ aː ]_w
[_w k uː r a ]_w
[_w a j r i ʂ ]_w
[_w ɖ a w n ]_w
[_w d̪ a n u ]_w
[_w p a l a ]_w
[_w s aː r i ]_w
[_w bʱ aː ʂ aː ]_w
[_w p i tʃː i ]_w
[_w k r i m d̪ a ]_w
[_w p aː ʈ i ]_w
[_w p e m p u ɖ u ]_w
[_w tʃ i k aː ɡ oː ]_w
[_w bʱ a j n a ]_w
[_w w u m ɖ aː r u ]_w
[_w l aː s ]_w
[_w w a r ɳ a ]_w
[_w tʃ e pː aː l i ]_w
[_w m u ʈ i ]_w
[_w a ʈ a w i ]_w
[_w n e lː uː r u ]_w
[_w a m ɖ eː ]_w
[_w k a ʈː i ]_w
[_w ɡ r aː m a m u ]_w
[_w p a ʈː i ]_w
[_w tʃ a pː u ]_w
[_w m a m t̪ i k i ]_w
[_w ɡ o m tʃ a m ]_w
[_w w i w aː d̪ a m ]_w
[_w ʃ a d̪ a k a m ]_w
[_w r a w aː ɳ aː ]_w
[_w t̪ e l i j a n ]_w
[_w n aː ʈ i ]_w
[_w d̪ a ɭ aː l u ]_w
[_w p r e dʒ i l ]_w
[_w a m d̪ aː ]_w
[_w b r a m u kʰ a ]_w
[_w tʃ a l a ]_w
[_w u tʃ i t̪ a ]_w
[_w m u kʰ a ]_w
[_w p e ʈː i ]_w
[_w w i d̪ʱ a ]_w
[_w b r a ʃ n a ]_w
[_w b e n ]_w
[_w b oː j i n a n uː ]_w
[_w bʱ aː dʒ a b aː ]_w
[_w n e l a l a ]_w
[_w r aː j a l u ]_w
[_w s i m ɡ ]_w
[_w w i ɡ e ʈ ]_w
[_w r aː ɡ ]_w
[_w b a m dʒ aː b ]_w
[_w a ɡ r a ]_w
[_w a j t̪ u ]_w
[_w w iː ʈ i k i ]_w
[_w u d̪ j oː ɡ a ]_w
[_w w aː ɭː a n i ]_w
[_w s aː ɡ i m t̪ i ]_w
[_w ɖ i ɡ r iː ]_w
[_w b aː ɖ u ]_w
[_w ɡ eː m t̪ r a m ]_w
[_w w eː ʃ aː r u ]_w
[_w h i m s a ]_w
[_w w aː r eː ]_w
[_w a m d̪ u k u ]_w
[_w i m tʃ i ]_w
[_w dʒ eː d̪ u l u ]_w
[_w t̪ a r a p u n a ]_w
[_w w aː ɖ a ɖ a m ]_w
[_w k a ɭː u ]_w
[_w t̪ʰ a r m a ]_w
[_w s uː tʃ i k ]_w
[_w p e m p a k a m ]_w
[_w w a r a k u ]_w
[_w i m d̪ʱ a n a m ]_w
[_w p aː l ]_w
[_w m u m d̪ u k aː ]_w
[_w dʒ e pː a ʈ a m ]_w
[_w w a r a ɳ a ]_w
[_w w u nː a t̪ i ]_w
[_w t̪ a n a t̪ oː ]_w
[_w b i r u t̪ u ɡ aː ]_w
[_w ɖ a pː u ]_w
[_w m u m p a m ]_w
[_w a r tʃ u ]_w
[_w w a h i m tʃ i ]_w
[_w tʃ a m u r u ]_w
[_w s t̪ r iː l u ]_w
[_w k aː k a ]_w
[_w m i m tʃ i ]_w
[_w m aː dʒ iː ]_w
[_w l a j s e n s ]_w
[_w ʃ oː d̪ʱ a n a m ]_w
[_w w a s t̪ u m d̪ i ]_w
[_w s a m ɡ iː d̪ a ]_w
[_w t̪ eː ɖ aː l u ]_w
[_w n i r m aː ɳ a ]_w
[_w k aː l eː tʃ i ]_w
[_w u m ɖ u m d̪ i ]_w
[_w w a n a m ]_w
[_w k aː r a ]_w
[_w s w aː m i ]_w
[_w bʱ a j l ]_w
[_w d̪ eː w u ɖ u ]_w
[_w b u ʈː u k a ]_w
[_w m i l a n ]_w
[_w n i t̪ʰ i ]_w
[_w m a d̪ʱ j a n a ]_w
[_w tʃ a r i k i ]_w
[_w p u s t̪ a k a ]_w
[_w o k a ʈ i k i ]_w
[_w b a d̪ a w i k i ]_w
[_w a m t̪ aː ]_w
[_w ɖ aː ɖ aː ]_w
[_w s i n iː ]_w
[_w s t̪ʰ aː j i k i ]_w
[_w s t̪ʰ a l aː l u ]_w
[_w b i l ]_w
[_w e t̪ː a j n a ]_w
[_w k a n iː s ]_w
[_w u nː a p u ɖ u ]_w
[_w ɖ i p e ɖ ]_w
[_w tʃ aː d̪ iː j a ]_w
[_w m u kː u r u ]_w
[_w aː l b a m ]_w
[_w n a w a r n a r ]_w
[_w m e ɖ i k a l ]_w
[_w b o p aː j ]_w
[_w p i m ʈ i ]_w
[_w p a r ʈ ]_w
[_w a m ʃ a m ]_w
[_w o ʈː u n a ]_w
[_w p o m d̪ aː r u ]_w
[_w p aː l a ]_w
[_w b a r ʂ i ]_w
[_w l iː k ]_w
[_w w u m ʈ u ]_w
[_w n eː l a ]_w
[_w p eː dʒ iː ]_w
[_w p o m t̪ i ]_w
[_w ɡ i m ɡ ]_w
[_w w e ʈ a l ]_w
[_w i nː i ]_w
[_w w eː j a ɖ a m ]_w
[_w t̪ a ʃ a l oː ]_w
[_w o k eː ]_w
[_w iː m aː ʈ a l a ]_w
[_w m i l i j a n ]_w
[_w dʒ a j b uː r ]_w
[_w n u m tʃ iː ]_w
[_w k r u ʂ ɳ u n i ]_w
[_w ɡ aː r i ]_w
[_w m aː r p u ]_w
[_w p a ʈː a ɳ a m ]_w
[_w p uː r w a m u ]_w
[_w ɡ a ɭ aː ]_w
[_w p r a s t̪ u ]_w
[_w tʃ a ʈː u ]_w
[_w ɡ aː r j a ]_w
[_w n i dʒ a ]_w
[_w bʱ iː m u ɖ u ]_w
[_w ɡ aː w a tʃː u ]_w
[_w s oː d̪ a r i ]_w
[_w ʃ aː s a n a m ]_w
[_w tʃ aː t̪ u l a ]_w
[_w m uː ʈ u ]_w
[_w u nː aː j i ]_w
[_w p a r a m ]_w
[_w s a m aː kʰ j a ]_w
[_w k a ɭ a ]_w
[_w o k a ʈ u ]_w
[_w w aː r t̪ a ]_w
[_w p i ɖː a ]_w
[_w t̪ a n eː ]_w
[_w i tʃː i m t̪ i ]_w
[_w s a w t̪ iː ]_w
[_w j uː t̪ u ]_w
[_w s a m k eː d̪ a ]_w
[_w p aː ʈ aː r u ]_w
[_w ʃ a t̪ a ɡ a ]_w
[_w e nː oː ]_w
[_w bʱ iː l ɖ ]_w
[_w w aː ɭː a ]_w
[_w w a r k ]_w
[_w aː ʈ a ]_w
[_w i m ɖ e l ]_w
[_w tʃ e p t̪ aː ʈ u ]_w
[_w m i k i l i n a ]_w
[_w w aː r a m ]_w
[_w l oː ɖ ]_w
[_w o pː a m d̪ i ]_w
[_w a l aː m ɖ i t̪ i ]_w
[_w dʒ a n m a ]_w
[_w w a r ɡ a ]_w
[_w ʃ i k ʂ a ]_w
[_w s aː ɡ u ]_w
[_w t̪ iː s i n a ]_w
[_w m a t̪ʰ j a k ʂ a ]_w
[_w k a m ʈ a ]_w
[_w a r a p u ]_w
[_w eː l uː r u ]_w
[_w a s e m p a r ]_w
[_w b uː r t̪ i ]_w
[_w t̪ a r a k u ]_w
[_w m o kː a l a ]_w
[_w p o m t̪ aː j i ]_w
[_w w eː r u ]_w
[_w s a m d̪ʱ i ]_w
[_w n u nː a ]_w
[_w t̪ i r i ɡ i ]_w
[_w p e ɭː i ]_w
[_w r aː dʒ u l u ]_w
[_w i l aː ]_w
[_w tʃ oː n ]_w
[_w w e ɭː a ɖ a m ]_w
[_w p a kː a n a ]_w
[_w s a k a m ]_w
[_w r oː m ]_w
[_w ɖ i k r iː l a ]_w
[_w n a ʈ i m d̪ i ]_w
[_w tʃ a l a n a ]_w
[_w ɡ i m ɡ ɖ a m ]_w
[_w p a d̪ u l a s i ]_w
[_w a pː a ɖ i ]_w
[_w ʃ a k t̪ u l u ]_w
[_w b r aː m d̪ a ]_w
[_w o kː a ʈ eː ]_w
[_w p a m b i n a ]_w
[_w m oː ʈ a l ]_w
[_w i m ʈ i j aː ]_w
[_w w a tʃː aː ʈ u ]_w
[_w k r o t̪ː a ]_w
[_w i m dʒ i n a ]_w
[_w d̪ʱ a n a m ]_w
[_w tʃ uː ʈ a ʈ a m ]_w
[_w u m ɖ aː l i ]_w
[_w t̪ i ʃ a l oː ]_w
[_w o k a t̪ aː ]_w
[_w s i ɖ iː ]_w
[_w w a r ɡ ]_w
[_w a t̪ a ʈ i n a ]_w
[_w k r iː n ]_w
[_w m aː r p u l a ]_w
[_w e kː a ʈ a k u ]_w
[_w a d̪ a n i ]_w
[_w d̪ʱ a r m a ]_w
[_w t̪ a n u ]_w
[_w m o d̪ a l u p u ]_w
[_w p a d̪ r i k aː ]_w
[_w p iː h aː r ]_w
[_w w iː ɖ i ɡ i ]_w
[_w a m d̪ a m ]_w
[_w m a j ɭː a ]_w
[_w a nː a ]_w
[_w n a mː a k a m ]_w
[_w ɡ iː t̪ aː ]_w
[_w d̪ iː s i m d̪ i ]_w
[_w w i l u w a n u ]_w
[_w pʰ u ʈ ]_w
[_w d̪ e l u s u ]_w
[_w b r a t̪ i bʱ a ]_w
[_w ɡ a r n uː l u ]_w
[_w ɡʱ a r dʒ u d̪ oː ]_w
[_w s a m p a m ]_w
[_w b e d̪ː a l u ]_w
[_w t̪ r u ʃ j a m ]_w
[_w a m d̪ eː ]_w
[_w m u d̪ u r u ]_w
[_w ʃ i k ʂ a ɳ a ]_w
[_w r aː tʃ iː w ]_w
[_w a r a ʈ i ]_w
[_w i r a w a m ]_w
[_w m a h aː ]_w
[_w u n i k i l oː ]_w
[_w m e d̪ a ʈ u ]_w
[_w s a bʱ a l oː ]_w
[_w k o n i ]_w
[_w p a r i m d̪ i ]_w
[_w w j a k t̪ u l u ]_w
[_w b a t̪ a w i ]_w
[_w k eː r a ɭ a ]_w
[_w w r aː s i n a ]_w
[_w eː ʈ a ]_w
[_w aː w i r i ]_w
[_w n a l u p u ]_w
[_w aː ʈ a n u ]_w
[_w dʒ a r tʃ a ]_w
[_w m aː m d̪ j a m ]_w
[_w t̪ i r u m a l a ]_w
[_w i n u m u ]_w
[_w w i tʃ eː d̪ a ]_w
[_w s n eː h a m ]_w
[_w w i d̪ʱ a m ɡ aː ]_w
[_w p uː r w a ]_w
[_w ɖ i dʒ a j n aː ]_w
[_w n uː r u ]_w
[_w a j i n a ]_w
[_w a d̪ʱ j a ]_w
[_w k aː n u ]_w
[_w k aː l i ]_w
[_w s aː ɡ a r ]_w
[_w a n eː k a m ]_w
[_w oː ʈ u ]_w
[_w i tʃː i ]_w
[_w m a d̪ː a t̪ u ]_w
[_w tʃ a r m a l u ]_w
[_w p oː ʈ iː l u ]_w
[_w k a l a t̪ u ]_w
[_w ɡ oː ʈ l a ]_w
[_w l a k ʂ m i ]_w
[_w r oː dʒ uː ]_w
[_w j aː r k ]_w
[_w bʱ a j a m ]_w
[_w p aː l a n u ]_w
[_w p a j a ɖ i k i ]_w
[_w p aː b u ]_w
[_w m a n a ]_w
[_w ɡ e p ʈ e n ]_w
[_w e m d̪ a ]_w
[_w k aː l a n aː ]_w
[_w m a n a k i ]_w
[_w m aː r tʃ i ]_w
[_w k a r i ʂ ʈ a ]_w
[_w r a j d̪ u ]_w
[_w s w a r ɳ a ]_w
[_w s a j n i ɡ a ]_w
[_w w a tʃː aː ɖ u ]_w
[_w w i n oː d̪ a ]_w
[_w p eː r u n u ]_w
[_w bʱ uː k a r bʱ a ]_w
[_w ɖ e l ɖ aː ]_w
[_w p a t̪ aː nː i ]_w
[_w j uː r oː p ]_w
[_w m a r i nː i ]_w
[_w t̪ a m d̪ aː ]_w
[_w h a kː u l a ]_w
[_w n a w a m ]_w
[_w p e ɭ l i ]_w
[_w o k a w eː ɭ a ]_w
[_w a m ɖ ]_w
[_w m o d̪ a ɖ i ]_w
[_w ʃ a r iː r a m ]_w
[_w m u t̪ u r u ɡ aː ]_w
[_w k aː l a ]_w
[_w tʃ uː s t̪ uː ]_w
[_w w aː h a ]_w
[_w aː ʈ eː ]_w
[_w u nː a d̪ a ]_w
[_w m o b a j l ]_w
[_w o ɡ a ʈ eː ]_w
[_w a n eː w i ]_w
[_w eː m iː ]_w
[_w e d̪ː a j n a ]_w
[_w r uː p aː l u ]_w
[_w k a l a ]_w
[_w w i m t̪ u ]_w
[_w s a m s t̪ʰ a ]_w
[_w a m d̪ a r u ]_w
[_w m j aː dʒ ]_w
[_w k oː r i k a n ]_w
[_w tʃ a m ʈ a ]_w
[_w o k a n aː ɖ u ]_w
[_w m u t̪ u r u ]_w
[_w p a d̪ː i ]_w
[_w tʃ a kː a k aː ]_w
[_w tʃ aː l u ]_w
[_w s oː ʂ a l ]_w
[_w l oː p a m ]_w
[_w l oː n uː ]_w
[_w r e m ɖ u ]_w
[_w ʈ aː l a r l u ]_w
[_w s a r i kː aː ]_w
[_w ɡ iː t̪ aː l u ]_w
[_w a ɖ a w i l oː ]_w
[_w a m ɖ uː ]_w
[_w i l aː k eː ]_w
[_w u m ʈ u m d̪ i ]_w
[_w e ɖ u w a m ɖ i ]_w
[_w l aː m ɖ ]_w
[_w i kː a ʈ eː ]_w
[_w b u r u ʂ a ]_w
[_w k oː l ɖ e n ]_w
[_w p a m ɖ a l a ]_w
[_w w aː t̪ a ]_w
[_w dʒ a ʈː u l oː ]_w
[_w w a m ʈ i ]_w
[_w ʃ i w u ɖ u ]_w
[_w w iː r a ]_w
[_w bʱ uː m i n i ]_w
[_w w e d̪ u r u ]_w
[_w r eː ɖ u ]_w
[_w t̪ i r u p a d̪ i ]_w
[_w m e ɖ a l ]_w
[_w w eː s i n a ]_w
[_w w aː ɳ i dʒ j a ]_w
[_w p a t̪ː a d̪ i ]_w
[_w o l i m b i k a ]_w
[_w k oː s t̪ aː ]_w
[_w w aː ɖ a r ]_w
[_w m iː t̪ a ]_w
[_w m aː ɖ a ]_w
[_w t̪ a ɭ i t̪ a ]_w
[_w w a tʃː aː j i ]_w
[_w p a t̪ a w iː ]_w
[_w tʃ eː t̪ a ]_w
[_w w a s a m ]_w
[_w d̪ eː ʃ a m u ]_w
[_w n i dʒ aː m ]_w
[_w j a d̪ aː r t̪ʰ a ]_w
[_w t̪ a m i ɭ a m ]_w
[_w bʱ aː w aː l i ]_w
[_w r aː t̪ʰ a ]_w
[_w eː m a j n aː ]_w
[_w p aː ʈ u ]_w
[_w p a ʈː a l u ]_w
[_w oː l ɖ ]_w
[_w a ʈ a w i l oː ]_w
[_w pʰ u ɖ ]_w
[_w i k a ]_w
[_w dʒ i nː a ]_w
[_w n iː ɭː u ]_w
[_w p oː s ]_w
[_w tʃ aː w u ]_w
[_w ɡ aː d̪ʱ a l i k ]_w
[_w eː r p aː ɖ u k a ]_w
[_w ɡ r aː m a m ]_w
[_w m e r u ɡ u ]_w
[_w k iː d̪ aː ]_w
[_w w aː r i n a ]_w
[_w dʒ eː j aː l i ]_w
[_w ɡ aː r ɖ uː n ]_w
[_w tʃ eː d̪ i l oː ]_w
[_w dʒ uː n i j a r ]_w
[_w r oː m a n ]_w
[_w m a m ʈ a l u ]_w
[_w ʃ a r m a n iː ]_w
[_w dʒ uː s t̪ eː ]_w
[_w w aː s a n a ]_w
[_w tʃ eː j u ɖ a ]_w
[_w w eː l s ]_w
[_w s a n ]_w
[_w p a t̪ a ]_w
[_w ʃ u d̪ʱː i ]_w
[_w s e l a w u ]_w
[_w p u d̪ʱː u n i ]_w
[_w oː ɖ a ]_w
[_w w i t̪ j a ]_w
[_w a n u w a j n ]_w
[_w k aː m i k ]_w
[_w j eː s u ]_w
[_w m a t̪ a ]_w
[_w a m e r i k a n ]_w
[_w r oː dʒ u ]_w
[_w n a ɖ a m a ]_w
[_w n j aː j a m ]_w
[_w w a m d̪ a ]_w
[_w p i ʈ s p a r ɡ ]_w
[_w tʃ e kː a ]_w
[_w k aː pʰ iː ]_w
[_w p o m d̪ eː ]_w
[_w p oː j aː r u ]_w
[_w w j a k t̪ i n i ]_w
[_w m aː d̪ i r i ɡ i ]_w
[_w l aː m ʈ i t̪ i ]_w
[_w p a r u k u l a ]_w
[_w a r d̪ʱ a ]_w
[_w eː ɖ aː t̪ i ]_w
[_w t̪ a j w a ]_w
[_w kʰ u r aː n ]_w
[_w a j i t̪ u ]_w
[_w ʃ r eː ɳ i ]_w
[_w d̪ a r a b u n a ]_w
[_w tʃ a lː a ɡ aː ]_w
[_w t̪ u s t̪ u l u ]_w
[_w ɡ a w i t̪ aː ]_w
[_w s a nː a n i ]_w
[_w tʃ e jː i ]_w
[_w w a tʃː i n a ]_w
[_w dʒ a n j u ]_w
[_w b a ɖ i n i ]_w
[_w a m d̪ u dʒ eː ]_w
[_w l a bʱ i m tʃ eː ]_w
[_w a lː aː h ]_w
[_w p a t̪ a w i ]_w
[_w w a r m a n iː ]_w
[_w w a tʃː aː ɡ a ]_w
[_w t̪ aː n a m ]_w
[_w ɡ a t̪ʰ a l oː ]_w
[_w b a n i ɡ i ]_w
[_w d̪ eː ʃ a ]_w
[_w s eː w a l u ]_w
[_w o ɡ a ʈ a ]_w
[_w iː t̪ a ]_w
[_w h i m t̪ iː ]_w
[_w w i l i j a n ]_w
[_w tʃ u ʈː uː ]_w
[_w b a d̪ a ]_w
[_w n i m ɖ i l oː ]_w
[_w k oː r ɖ ]_w
[_w s a j d̪ a m ]_w
[_w i m t̪ r u ɖ u ]_w
[_w d̪ a r a dʒ uː ]_w
[_w d̪ a pː u ʈ u ]_w
[_w p r i ʈ i ʂ u ]_w
[_w p r e tʃ i l ]_w
[_w s i r iː s ]_w
[_w b a r iː k ʂ a ]_w
[_w oː ʈ a m i ]_w
[_w m a s iː d̪ u ]_w
[_w l eː t̪ a ]_w
[_w dʒ i ɡ i t̪ s aː ]_w
[_w k r aː m a ]_w
[_w n i dʒ a m ]_w
[_w w i w aː h a ]_w
[_w d̪ aː l uː k u ]_w
[_w r uː b a m ]_w
[_w ɖ aː b ]_w
[_w m i ɡ i l i n a ]_w
[_w w aː h a n a m u ]_w
[_w a ʈ i k i ]_w
[_w u m dʒ a ʈ a m ]_w
[_w p aː r ɡ u ]_w
[_w a w u ʈ ]_w
[_w k e p ʈ e n ]_w
[_w b uː l a ]_w
[_w k u r u ]_w
[_w b r a k r u d̪ i ]_w
[_w i ʈ u w a m ɖ i ]_w
[_w p oː l iː s ]_w
[_w p oː d̪ u m d̪ i ]_w
[_w s uː r j a ]_w
[_w n uː n e ]_w
[_w tʃ eː s eː t̪ i ]_w
[_w b aː h j a ]_w
[_w m i s ]_w
[_w m aː r u ]_w
[_w w a s t̪ r a m ]_w
[_w k aː r l u ]_w
[_w p i mː a ɖ a ]_w
[_w dʒ a n a l oː ]_w
[_w r aː dʒ iː w ]_w
[_w tʃ eː r i m d̪ i ]_w
[_w ʂ eː ɡ ]_w
[_w d̪ i n a ]_w
[_w tʃ i t̪ː uː r u ]_w
[_w p a w r a w a j ]_w
[_w eː k a ]_w
[_w n i m ʈ i j a n ]_w
[_w d̪ a pː a t̪ u ]_w
[_w k o d̪ː a ]_w
[_w w eː dʒ i ]_w
[_w m a j ]_w
[_w aː m e n u ]_w
[_w p i l i j a t̪ u ]_w
[_w k aː n s aː s ]_w
[_w ɡ r u h aː l u ]_w
[_w m iː r u ]_w
[_w m aː r ʈ i n ]_w
[_w ɖ i dʒ a j a ]_w
[_w m eː tʃ a r ]_w
[_w w aː r ʂ i k a ]_w
[_w p o ɡ aː k u ]_w
[_w h a kː u ]_w
[_w p e t̪ː a ]_w
[_w ɡ a ɭ a l u ]_w
[_w s a m k a l ]_w
[_w a bː a ʈ l oː ]_w
[_w a mː aː ]_w
[_w i ɡ a ]_w
[_w tʃ a d̪ a ]_w
[_w b r i ʈ a n ]_w
[_w l a k ʂ a ]_w
[_w b o ʈː i ]_w
[_w ɡ uː k u l ]_w
[_w s u d̪ uː r a m ]_w
[_w p j aː m ɡ ]_w
[_w t̪ iː w r a t̪ a ]_w
[_w a j i d̪ u ]_w
[_w t̪ e l i j a d̪ u ]_w
[_w w i m ɖ oː s ]_w
[_w bʱ aː r a t̪ a ]_w
[_w t̪ i ɡ i ]_w
[_w l a m ɖ a l u ]_w
[_w w a j p u ɡ u ]_w
[_w j oː k a ]_w
[_w t̪ eː ʃ iː ]_w
[_w ɡ aː r i k aː ]_w
[_w tʃ a n j u ]_w
[_w t̪ a pː a ]_w
[_w s t̪ʰ aː n i ]_w
[_w m u d̪ː u ]_w
[_w m e d̪ a ɖ u ]_w
[_w aː ɡ r u t̪ i ]_w
[_w s t̪ʰ i t̪ i l oː ]_w
[_w a m t̪ u ]_w
[_w t̪ a r w aː d̪ a m ]_w
[_w d̪ aː n a m u ]_w
[_w m aː r ɡ e ʈ ]_w
[_w w a m ɖ i w i ]_w
[_w d̪ a r w aː t̪ i ]_w
[_w t̪ a m a k u ]_w
[_w a nː a m ]_w
[_w tʃ eː s aː ʈ u ]_w
[_w i bː u ɖ u ]_w
[_w eː p r i l ]_w
[_w m oː h a n ]_w
[_w dʒ a t̪ i w i ]_w
[_w m aː t̪ r a n u ]_w
[_w t̪ʰ i j eː ʈ a r ]_w
[_w p aː d̪ r a m ]_w
[_w p a j a l u ]_w
[_w m a t̪ː a d̪ u ]_w
[_w s t̪ʰ aː j i ]_w
[_w o k a r oː dʒ u ]_w
[_w a d̪ j a m ]_w
[_w p a d̪ʱː a d̪ i ]_w
[_w w uː r i ]_w
[_w tʃ a n a m ɡ aː ]_w
[_w k o ɖ u ɡ u l u ]_w
[_w bʱ a l i d̪ a m ]_w
[_w e k s p r e s ]_w
[_w p a w a r i ]_w
[_w ʃ r iː ]_w
[_w w a j p u ]_w
[_w m a r i j u ]_w
[_w m u ɖ i ]_w
[_w p eː r l a n u ]_w
[_w dʒ a ʈː a ]_w
[_w t̪ oː ʈ u ɡ aː ]_w
[_w r oː dʒ u l u ]_w
[_w k a ɭ i m k a m ]_w
[_w b i ʈ s b a r k ]_w
[_w t̪ aː t̪ aː b u ]_w
[_w t̪ a s a r aː ]_w
[_w aː ɡ a s ʈ u ]_w
[_w tʃ a r i p eː ]_w
[_w t̪ o l i ]_w
[_w n i p u ɳ u l u ]_w
[_w k aː m tʃ i n ]_w
[_w w i l i j a m ]_w
[_w ɡ u m ʈ e ]_w
[_w d̪ʱ a r m a n iː ]_w
[_w m a t̪ r aː s u ]_w
[_w n iː ʈ i ]_w
[_w i m ɡ o k a ]_w
[_w m o t̪ː a m u ]_w
[_w p u r aː ɳ a m ]_w
[_w b o mː a ]_w
[_w ʃ w aː s a n a ]_w
[_w ʈ aː ɖ aː ]_w
[_w ɡ oː ɖ a ]_w
[_w a ɖ u ɡ u l a ]_w
[_w ɡ a l i s i n a ]_w
[_w r aː s i ]_w
[_w m a r i j uː ]_w
[_w aː t̪ aː j a m ]_w
[_w m a j s uː r u ]_w
[_w r aː l eː t̪ u ]_w
[_w dʒ eː j u ]_w
[_w b r a t̪ʰ a m a ]_w
[_w ɡ r iː s t̪ u ]_w
[_w w aː ɖ u ɡ aː ]_w
[_w n aː l u k oː ]_w
[_w s a m u d̪ r a ]_w
[_w m i mː a l n i ]_w
[_w tʃ e nː a j ]_w
[_w r a k a m ]_w
[_w a n eː t̪ i ]_w
[_w ɡ eː m d̪ r a ]_w
[_w w a r a k uː ]_w
[_w k r aː m ɖ ]_w
[_w a ʈ w e m tʃ a r ]_w
[_w r aː w a tʃː u ]_w
[_w o k a ʈ i ]_w
[_w k u m ʈ aː l i ]_w
[_w p j aː m ɡ u ]_w
[_w i m d̪ r u ɖ u ]_w
[_w dʒ uː s eː ]_w
[_w tʃ aː t̪ u l u ]_w
[_w k a t̪ʰ a l u ]_w
[_w n aː ɖ a k a ]_w
[_w a s e m p l iː ]_w
[_w m u m t̪ u ]_w
[_w u k aː t̪ i ]_w
[_w k a l a p a ʈ eː ]_w
[_w p u d̪ʱː i ]_w
[_w r u s u m u ]_w
[_w s a j n s ]_w
[_w s t̪ʰ i t̪ i ɡ i ]_w
[_w p oː l iː s u ]_w
[_w p e k h aː m ]_w
[_w t̪ i d̪ʱ i ]_w
[_w aː j a n a n u ]_w
[_w k aː w a ɖ a m ]_w
[_w n i l w a ]_w
[_w p u ʈː u k a ]_w
[_w k j aː n s a r ]_w
[_w e r u p u ]_w
[_w a bː u ɖ u ]_w
[_w a w a s a t̪ i ]_w
[_w tʃ uː s i n a ]_w
[_w r oː ɡ u l u ]_w
[_w l oː ɡ i ]_w
[_w t̪ u l a s i ]_w
[_w a t̪ eː ]_w
[_w k a l a w u ]_w
[_w s a m ɡ a r ]_w
[_w b r i ʈ i ʂ u ]_w
[_w tʃ uː p i m d̪ i ]_w
[_w m oː s a m ]_w
[_w b a d̪ j aː l u ]_w
[_w k aː t̪ u ]_w
[_w p a sː u ]_w
[_w ɡ a l i p eː ]_w
[_w a m t̪ a r i ]_w
[_w bʱ a r d̪ iː ]_w
[_w l a k ʂ a ɳ aː ]_w
[_w m i k a t̪ aː ]_w
[_w ɡ a n iː s a ]_w
[_w tʃ e ɖ l a ]_w
[_w tʃ e jː aː l i ]_w
[_w p aː d̪ r a l a ]_w
[_w j u w a k u ɖ u ]_w
[_w s aː k u ]_w
[_w a r d̪ʱ a m l oː ]_w
[_w m eː r a ɡ u ]_w
[_w n i m i t̪ i ]_w
[_w b u ʈː i n a ]_w
[_w t̪ iː n i t̪ oː ]_w
[_w p r a dʒ a n aː ]_w
[_w tʃ iː w a n a m ]_w
[_w w a r a l ɖ ]_w
[_w m a m ʈ a ]_w
[_w t̪ o mː i t̪ i ]_w
[_w dʒ aː k ]_w
[_w w iː ʈ i ]_w
[_w ɡ a w n s i l ]_w
[_w t̪ e l i s i ]_w
[_w m o d̪ a ɖ i t̪ i ]_w
[_w ɡʱ aː ɭ iː ]_w
[_w r a tʃ a n a n u ]_w
[_w tʃ a l a m ]_w
[_w aː d̪ m a ]_w
[_w e ɖ u w a m ʈ i ]_w
[_w m u kʰ j a ]_w
[_w p a m ɡ aː ]_w
[_w pʰ r iː ]_w
[_w t̪ r a w j a ]_w
[_w u m ɖ a w a ]_w
[_w n i r m i m tʃ i ]_w
[_w e m d̪ a r i ]_w
[_w k o wː u ]_w
[_w p a d̪ r a d̪ aː ]_w
[_w m j aː tʃ ]_w
[_w n iː ʈ i d̪ oː ]_w
[_w ɡ o d̪ː a k aː ]_w
[_w s u m a d̪ iː ]_w
[_w h oː t̪ aː ]_w
[_w a m ɖ aː r u ]_w
[_w b a l i ]_w
[_w w u m ʈ aː r u ]_w
[_w a r a b u n a ]_w
[_w r i tʃ a r w ]_w
[_w k u l a ]_w
[_w n i m ɖ i ]_w
[_w ʃ a k t̪ i k i ]_w
[_w a j i t̪ a ]_w
[_w s t̪ʰ i t̪ i k i ]_w
[_w i m ɖ i j a n i ]_w
[_w t̪ e pː a ]_w
[_w u nː a ʈ l u ]_w
[_w s aː h i d̪ iː ]_w
[_w d̪ i r i ɡ eː ]_w
[_w a tʃː u ]_w
[_w s m aː r a k a m ]_w
[_w d̪ e k a ]_w
[_w u nː a ʈː u ]_w
[_w a m d̪ a l a ]_w
[_w r uː p a m ]_w
[_w dʒ a j l u ]_w
[_w tʃ eː s aː ɖ u ]_w
[_w w a s t̪ r a ]_w
[_w b r a s i d̪ː i ]_w
[_w i r a w a j ]_w
[_w s a bʱ j u l a ]_w
[_w p a w i d̪ a ]_w
[_w m a m dʒ i ]_w
[_w s w eː tʃʰː aː ]_w
[_w ɡ u ɡː a ]_w
[_w ɡ o d̪ː i ]_w
[_w tʃ eː j a n i ]_w
[_w s a r a ɭ a ]_w
[_w ɡ u r t̪ i m tʃ eː ]_w
[_w b o k a ]_w
[_w s a r a j n a ]_w
[_w k r a h a m ]_w
[_w tʃ eː j a k aː ]_w
[_w p l aː s ʈ i k ]_w
[_w d̪ i k u m a d̪ i ]_w
[_w m eː r iː ]_w
[_w s a m a ɡ r a m ]_w
[_w a l iː ]_w
[_w u t̪ a j a m ]_w
[_w k a w a r ]_w
[_w b a m ʈ u ]_w
[_w dʒ u ɡː a ]_w
[_w s a m aː dʒ a ]_w
[_w k a m ʈ i ]_w
[_w n a k a r a m ]_w
[_w r eː kʰ a ]_w
[_w k u m ɖ aː l i ]_w
[_w p r i ʈ iː ʂ u ]_w
[_w u m ʈ a t̪ u ]_w
[_w p oː ʈ iː ]_w
[_w l oː n eː ]_w
[_w aː k r u d̪ i ]_w
[_w e t̪ː u n a ]_w
[_w w i ɖ i dʒ i ]_w
[_w i tʃː aː r u ]_w
[_w k a ɳ a p a d̪ i ]_w
[_w w i ʃ w a ]_w
[_w d̪ eː ɖ aː ]_w
[_w k oː ɖ a ]_w
[_w k i m d̪ i ]_w
[_w s a m a s j a ]_w
[_w m aː r ɡ a m ]_w
[_w p r a j aː ɳ a ]_w
[_w n aː ɡ uː ]_w
[_w a d̪ a n a n u ]_w
[_w n a j a m ]_w
[_w o l i w a r a m ]_w
[_w w aː ɖ u ]_w
[_w p r a s i d̪ʱː a ]_w
[_w u t̪ː a r a m ]_w
[_w s m aː r a ʈ a m ]_w
[_w w u m ɖ eː ]_w
[_w w a d̪ a ]_w
[_w t̪ e lː a ]_w
[_w r e m ʈ oː ]_w
[_w d̪ e l i j a n i ]_w
[_w b oː r ʈ ]_w
[_w a nː a ʈː u ]_w
[_w ɡ aː l u ]_w
[_w ʃ a d̪ aː p t̪ i ]_w
[_w ʃ aː m t̪ i ]_w
[_w s o m d̪ a ]_w
[_w m o p a j l ]_w
[_w w e d̪ u r u ɡ aː ]_w
[_w i l aː ɡ eː ]_w
[_w ɡ i m d̪ i ]_w
[_w pʰ r aː m ɡ ]_w
[_w o k a ɖ a j n a ]_w
[_w ɡ a nː a ]_w
[_w p r i ʈ i ʂ ]_w
[_w a nː aː r u ]_w
[_w tʃ a k r aː l a ]_w
[_w tʃ e m d̪ i ]_w
[_w eː w oː ]_w
[_w p u d̪ʱː u ɖ u ]_w
[_w e rː a ]_w
[_w p r a tʃ a n aː ]_w
[_w l a j m k i k a ]_w
[_w ɡ aː j a n eː ]_w
[_w p o k aː ɡ u ]_w
[_w s t̪ʰ aː n i k i ]_w
[_w ɡ aː r l a ]_w
[_w j aː pʰ a j ]_w
[_w m aː r k ]_w
[_w k u w eː r aː ]_w
[_w dʒ e pː a ʈ a m a ]_w
[_w p aː m b u ]_w
[_w ɡ a w m ʈ iː ]_w
[_w i s t̪ aː j i ]_w
[_w ʈ i m aː m ʈ ]_w
[_w s iː d̪ a ]_w
[_w bʱ uː m i ɡ i l i ]_w
[_w p a j n a ]_w
[_w s a m u d̪ r a m ]_w
[_w k aː n iː ]_w
[_w w i dʒ n aː n a m ]_w
[_w k u ɖ i ]_w
[_w m aː r dʒ i ]_w
[_w aː j a n a k aː ]_w
[_w k o m d̪ a ]_w
[_w ɡ a d̪ʱ a n a m ]_w
[_w w aː ʈ u k a ]_w
[_w w i l iː n a m ]_w
[_w r uː p u ]_w
[_w s a w aː l u ]_w
[_w k aː r uː ]_w
[_w w i k e ɖ ]_w
[_w s eː p u ]_w
[_w m o h a m ]_w
[_w bʱ a w a m ]_w
[_w b r i ʈ iː ʂ u ]_w
[_w tʃ oː ɡ a r ]_w
[_w m aː r dʒ ]_w
[_w p a ʈː u ]_w
[_w p i r u d̪ u ]_w
[_w n a ɖ a m ]_w
[_w aː r t̪ʰ i ɡ a ]_w
[_w i t̪ o k a ]_w
[_w tʃ a m d̪ u ]_w
[_w l aː pʰ aː l u ]_w
[_w ʃ aː s a n a ]_w
[_w s r u ʂ ʈ i ]_w
[_w p a r i ʂ ʈ a m ]_w
[_w tʃ i d̪ r a ]_w
[_w t̪ a l u p u ]_w
[_w p aː h j a ]_w
[_w aː ɡ aː r a ɳ a ]_w
[_w m o d̪ a l u ]_w
[_w a jː aː ɖ u ]_w
[_w s a r i ɡ i ]_w
[_w w i ʈ i dʒ i ]_w
[_w n iː ʈ i n i ]_w
[_w m a r i ]_w
[_w w a tʃː u ]_w
[_w k a l i s i ]_w
[_w l aː k aː ]_w
[_w w aː ɖ a k u ]_w
[_w dʒ oː k a r ]_w
[_w ɡ u r t̪ u ]_w
[_w ɡ a ɳ i ]_w
[_w a r t̪ʰ a ]_w
[_w tʃ iː w i ]_w
[_w tʃ e pː a ɖ a m ]_w
[_w r a bː a r u ]_w
[_w bʱ a r t̪ iː ]_w
[_w d̪ e ɡ a ]_w
[_w i m ɡ l iː ʂ u ]_w
[_w dʒ aː d̪ u l u ]_w
[_w u d̪ j a ]_w
[_w p aː r ɖ iː ]_w
[_w m u m d̪ u k u ]_w
[_w ʃ i k ʂ a ɳ aː ]_w
[_w u m a r ]_w
[_w p a t̪ j a ]_w
[_w n a ʂ ʈ aː l u ]_w
[_w i m t̪ u k aː ]_w
[_w r eː ɖ i j oː ]_w
[_w tʃ e lː i m p u ]_w
[_w pʰ a l i t̪ a ]_w
[_w a m d̪ a n i n i ]_w
[_w ʃ a p t̪ a ]_w
[_w b aː d̪ʱ j a m ]_w
[_w e w a r i k i ]_w
[_w s a k a ɖ u n a ]_w
[_w a t̪ a ɖ i ]_w
[_w b r a d̪ iː t̪ i ]_w
[_w ɖ aː n ]_w
[_w b r a s aː d̪ ]_w
[_w k aː n i ]_w
[_w k o pː a k aː ]_w
[_w i s u k a ]_w
[_w a m k i t̪ a m ]_w
[_w ʈ r a j w ]_w
[_w tʃ eː j u ]_w
[_w t̪ oː ɖ i ]_w
[_w n eː d̪ a ]_w
[_w i t̪ a m ]_w
[_w aː l a j a m ]_w
[_w p oː j eː ]_w
[_w p a r ʂ i ]_w
[_w w i l i j a d̪ u ]_w
[_w l oː t̪ a j n a ]_w
[_w w eː r ]_w
[_w w iː ɖ i ]_w
[_w o kː o kː a ]_w
[_w p r a s t̪ u w u ]_w
[_w a bː a ɖ i ]_w
[_w i m t̪ a ]_w
[_w ʈ i w i ]_w
[_w m i k i l i ]_w
[_w d̪ a pː u ]_w
[_w l aː ɡ eː ]_w
[_w j u w a ]_w
[_w p iː b a mː a ]_w
[_w s a m a j a m u ]_w
[_w aː r a m bʱ a ]_w
[_w p a ʈː aː ]_w
[_w t̪ i kː a n a ]_w
[_w w a j d̪ j u l u ]_w
[_w d̪ u d̪ i ]_w
[_w u t̪ː a r a ]_w
[_w n a ɖ u ɖ u ]_w
[_w a t̪ a ɖ i k i ]_w
[_w m u ɡ i m b u ]_w
[_w tʃ e m d̪ aː j i ]_w
[_w ɡ a d̪ i ]_w
[_w i ɖ u ]_w
[_w m aː d̪ i r i k i ]_w
[_w dʒ aː d̪ iː j a ]_w
[_w aː ɖ i n i ]_w
[_w p u ʈː i n a ]_w
[_w tʃ a ʈː a ]_w
[_w p i k tʃ a r s ]_w
[_w r a j t̪ u ]_w
[_w m u n i k a ]_w
[_w k i m ɡ ɖ a m ]_w
[_w m u m d̪ a s t̪ u ]_w
[_w r aː l eː d̪ u ]_w
[_w n i d̪ʱ u l a n u ]_w
[_w w iː ʈ i l oː ]_w
[_w k o l a n u ]_w
[_w a m e r i k eː ]_w
[_w tʃ eː t̪ i l oː ]_w
[_w b a kː a ]_w
[_w p a d̪ aː l a ]_w
[_w t̪ a r a l aː ]_w
[_w e wː a r uː ]_w
[_w l eː d̪ a n i t̪ oː ]_w
[_w ɖ i dʒ a j a m ]_w
[_w t̪ i ɡ u m a d̪ iː ]_w
[_w a m a l u ]_w
[_w e l aː ]_w
[_w tʃ eː r aː r u ]_w
[_w n eː ʂ a n a l u ]_w
[_w ɡ a l a s a ]_w
[_w s i kː u ]_w
[_w l oː ʈ ]_w
[_w n j aː j a ]_w
[_w k r u ʂ i ]_w
[_w tʃ eː d̪ i ]_w
[_w w iː ɖ i t̪ oː ]_w
[_w m oː ʈ aː r ]_w
[_w p a ɖː u ]_w
[_w p a ɖː i ]_w
[_w kʰ aː ɭ iː ]_w
[_w k oː ʈ a l u ]_w
[_w a n u k a ]_w
[_w a ʈː a m ɡ aː ]_w
[_w p a m d̪ i n i ]_w
[_w ʈ a w a ]_w
[_w m o ʈː a ]_w
[_w uː r i k i ]_w
[_w s a h a ]_w
[_w p r i ɖ a ]_w
[_w oː p e n ]_w
[_w eː t̪ i ]_w
[_w kʰ aː n ]_w
[_w n e l a l oː ]_w
[_w tʃ a m ʈ a r ]_w
[_w s i n i m aː ]_w
[_w i m t̪ u ɡ eː ]_w
[_w p e l ]_w
[_w d̪ uː r a ]_w
[_w aː r d̪ʱ i ɡ a ]_w
[_w k a w r a ]_w
[_w m u t̪ r a m ]_w
[_w a n u p a m d̪ʱ a ]_w
[_w p a kː a ]_w
[_w o k a r i ]_w
[_w t̪ uː r a m ]_w
[_w w eː k a m ]_w
[_w w i l i j a k a ]_w
[_w r aː dʒ j a m u ]_w
[_w n oː r u ]_w
[_w a d̪ a ʈ u ]_w
[_w k r a m a ]_w
[_w p o ɖː i ]_w
[_w p o m t̪ aː ɖ u ]_w
[_w k oː p a m ]_w
[_w a ɖ u k u ]_w
[_w t̪ oː ʈ a l u ]_w
[_w i t̪ i ]_w
[_w b a ɖ i ]_w
[_w w j a k t̪ i ]_w
[_w m a t̪ʰ j a ]_w
[_w tʃ aː ɡ ]_w
[_w a d̪ i ɡ aː ]_w
[_w w a d̪ː a ]_w
[_w m uː ɖ u ]_w
[_w a s i m oː w ]_w
[_w k a t̪ a m ]_w
[_w s a r u ɡ u ]_w
[_w w a l a l u ]_w
[_w m aː m i ʈ i ]_w
[_w n u m ʈ iː ]_w
[_w eː ɖ aː ]_w
[_w a d̪ eː ]_w
[_w s a r i k i ]_w
[_w dʒ eː ʃ aː r u ]_w
[_w l a t̪ oː ]_w
[_w p a d̪ a m ]_w
[_w b uː r w a ]_w
[_w i t̪ eː ]_w
[_w n iː ɡ u ]_w
[_w w i d̪ʱ aː n a ]_w
[_w k a w i d̪ r a ]_w
[_w w a r a ]_w
[_w t̪ e l i s i n a ]_w
[_w p uː ɖ i d̪ a ]_w
[_w pʰ aː w a n a m ]_w
[_w m e ʈ a l p u ]_w
[_w k o m d̪ a ɖ aː ]_w
[_w w aː r i ]_w
[_w p o k a ]_w
[_w k aː tʃ u ]_w
[_w s r u ʂ ʈ i n i ]_w
[_w s m aː r a k a ]_w
[_w w a r u s a ]_w
[_w r aː j a l ]_w
[_w s p a m d̪ i m a ]_w
[_w p a n i ]_w
[_w bʱ aː ʂ a l u ]_w
[_w a m ʈ aː ʈ u ]_w
[_w pʰ aː ɡ aː l u ]_w
[_w p aː r ]_w
[_w d̪ a l a ]_w
[_w r aː ɳ i ]_w
[_w p a ʈ a m ]_w
[_w n eː n u ]_w
[_w o k a r i k eː ]_w
[_w ɖ a lː aː s ]_w
[_w k eː m d̪ r a ]_w
[_w a ɡ ɖ oː p a r ]_w
[_w k r eː ɖ ]_w
[_w a bʱ i m aː n a ]_w
[_w s a r a sː u ]_w
[_w d̪ o l u d̪ a ]_w
[_w r oː ɖː u ]_w
[_w p a r i m t̪ a ]_w
[_w p r a m u ]_w
[_w s a r w iː s ]_w
[_w ɡ uː ʈ a ]_w
[_w w i l i j a m s ]_w
[_w iː m aː ɖ a l a ]_w
[_w w aː r u ]_w
[_w s aː ɡ eː ]_w
[_w l oː k s a pʰ a ]_w
[_w n i t̪ r a ]_w
[_w h aː s j a ]_w
[_w d̪ a j aː r iː ]_w
[_w k a l a d̪ u ]_w
[_w tʃ e pː i n aː ]_w
[_w t̪ iː r u ]_w
[_w a d̪ a n a k i ]_w
[_w p r a d̪ iː ]_w
[_w k a nː aː ]_w
[_w aː j a n eː ]_w
[_w b aː l a n a ]_w
[_w k a d̪ʱ a n u ]_w
[_w tʃ uː s i m d̪ i ]_w
[_w k i m tʃ a l e s ]_w
[_w a m ʈ a l u ]_w
[_w ɡ i m t̪ i ]_w
[_w ʃ u ɡ l a ]_w
[_w u t̪ j a ]_w
[_w m aː r ɡ ]_w
[_w n e h r uː ]_w
[_w r aː m a m ]_w
[_w r aː dʒ a j n ]_w
[_w ɡ aː l a p u ]_w
[_w p uː tʃ a l u ]_w
[_w a bʱ j a r d̪ʱ i ]_w
[_w k o m k a ]_w
[_w m uː ɖ a w a ]_w
[_w ɡ r iː ʈ aː ]_w
[_w b a m ʈ u ɡ a ]_w
[_w w a r a l i ]_w
[_w t̪ oː h a t̪ a m u ]_w
[_w p a t̪ a n a t̪ oː ]_w
[_w i t̪ː a r u ]_w
[_w m uː l aː l u ]_w
[_w tʃ e pː i ]_w
[_w a n u bʱ a w a m ]_w
[_w r a m a ]_w
[_w aː ɡ aː r a ]_w
[_w j u n a j ʈ e ʈ ]_w
[_w ɡ o wː u ]_w
[_w a d̪ʱ i ɡ a ]_w
[_w pʰ aː s ʈ ]_w
[_w tʃ a t̪ i w i n a ]_w
[_w d̪ uː r p u ]_w
[_w r oː k a ]_w
[_w n a m oː d̪ u ]_w
[_w eː r p a ɖ eː ]_w
[_w s a m a ɡ r a ]_w
[_w dʒ iː k a ɖ i k i ]_w
[_w d̪ iː w r a t̪ a ]_w
[_w w a m ʃ a m ]_w
[_w p iː ʈ a r l a ]_w
[_w m eː m u ]_w
[_w t̪ e k a ]_w
[_w a ʈ u ɡ u l a ]_w
[_w dʒ aː t̪ i k i ]_w
[_w i kː a ʈ i ]_w
[_w u nː a t̪ i ]_w
[_w k e l i dʒ i ]_w
[_w w aː n i ]_w
[_w u m ɖ uː r u ]_w
[_w i m d̪ u ]_w
[_w n a d̪ i l oː ]_w
[_w d̪ i n eː ]_w
[_w i r aː k ]_w
[_w l eː r u ]_w
[_w d̪ a r a ]_w
[_w s ʈ eː ɖ s ]_w
[_w m a ɡ a ]_w
[_w iː n aː ɖ u ]_w
[_w aː m l a m ]_w
[_w aː m k l a m ]_w
[_w s a r ]_w
[_w j a t̪ aː r d̪ʱ a ]_w
[_w tʃ e pː eː ]_w
[_w aː r a w a ]_w
[_w i m tʃ i n ]_w
[_w w e ɭ l eː ]_w
[_w tʃ eː d̪ a ]_w
[_w p o m d̪ i ]_w
[_w p a l a m ɡ aː ]_w
[_w p aː ɖ a k a m ]_w
[_w k u rː aː l u ]_w
[_w ʈ i p e ɖ ]_w
[_w r aː d̪ u ]_w
[_w n aː nː a ]_w
[_w s a m ]_w
[_w n a j ʈ e ʈ ]_w
[_w n i l a p a ]_w
[_w eː ʈ u ]_w
[_w b r a d̪ a ]_w
[_w u r t̪ uː ]_w
[_w t̪ e l i j a k a ]_w
[_w t̪ iː r aː n a ]_w
[_w s uː t̪ r a m ]_w
[_w w aː k j a m ]_w
[_w b oː j i ]_w
[_w tʃ a j n aː ]_w
[_w ɡ aː m d̪ i ]_w
[_w u m ʈ aː r u ]_w
[_w k a rː a ]_w
[_w l a l i t̪ a m ]_w
[_w b r a t̪ː i ]_w
[_w u ɡ aː t̪ i ]_w
[_w l aː k a ]_w
[_w p r a t̪ʰ aː n a ]_w
[_w p e r i k a n ]_w
[_w ʈ a pː u l u ]_w
[_w k aː r i ]_w
[_w p aː d̪ʱ a ]_w
[_w m e ɖ i ɡ a l ]_w
[_w tʃ a n a r u l a ]_w
[_w t̪ e l i j a ɡ a ]_w
[_w k oː ʈ a l ]_w
[_w p a w w iː ]_w
[_w p a nː e m ɖ u ]_w
[_w m a d̪ r aː l u ]_w
[_w w i dʒ a j n iː s ]_w
[_w m aː t̪ r a l u ]_w
[_w i wː a ɖ a m ]_w
[_w k r iː k u ]_w
[_w p eː r i ʈ a ]_w
[_w d̪ a m ɖ r i ɡ i ]_w
[_w o k a n aː ʈ u ]_w
[_w a bʱ i r u tʃ i ]_w
[_w a m t̪ i m t̪ i ]_w
[_w tʃ a n m a ]_w
[_w ɡʱ a r dʒ u n i ]_w
[_w tʃ i lː aː l a ]_w
[_w s a h aː j a ]_w
[_w eː ɭ l a ]_w
[_w m iː ʈ a r ]_w
[_w p oː r ɖ ]_w
[_w w a m ɖ a l u ]_w
[_w w i bʱ a dʒ a n a ]_w
[_w a l a w u ]_w
[_w n eː r u k aː ]_w
[_w s ʈ aː ɡ ]_w
[_w w iː d̪ʱ i l oː ]_w
[_w s a r i k iː ]_w
[_w n a ʈ a n a ]_w
[_w a d̪ʱ i k aː r a m ]_w
[_w aː d̪ i ]_w
[_w k a d̪ʱ a l u ]_w
[_w aː m e ]_w
[_w ɡʱ aː n ]_w
[_w aː m d̪ʱ r a m ]_w
[_w ɡ a n iː s a m ]_w
[_w tʃ eː p a l a ]_w
[_w p a d̪ a w i n i ]_w
[_w ɡ a d̪ʱ a ]_w
[_w p a h u m a t̪ iː ]_w
[_w m o ɡː a l a ]_w
[_w p i dʒ i n e s ]_w
[_w d̪ aː n i n i ]_w
[_w k o bː a ɡ aː ]_w
[_w ɡ eː m d̪ r a m ]_w
[_w k u r i m tʃ i n ]_w
[_w k a l i k i ]_w
[_w w i t̪ j u t̪ː u ]_w
[_w b l aː k ]_w
[_w tʃ a ʈː u ɡ u ]_w
[_w dʒ eː t̪ i l oː ]_w
[_w k aː r i k i ]_w
[_w m u ɡ i s i n a ]_w
[_w k a r i k i ]_w
[_w ɡ oː p a m ]_w
[_w bʱ aː w i m tʃ i ]_w
[_w w aː ɖ a k a ]_w
[_w tʃ iː w i t̪ a l u ]_w
[_w n i d̪ j a ]_w
[_w h aː j i ɡ i ]_w
[_w ɡʱ a n a m ]_w
[_w k a p ]_w
[_w l eː t̪ aː ]_w
[_w w e l u p u ]_w
[_w p aː r ɡ ]_w
[_w a n u ɡ a ]_w
[_w ɡ aː n i ]_w
[_w n i dʒ a m k aː ]_w
[_w ɡ aː l eː tʃ ]_w
[_w tʃ e ɖ l u ]_w
[_w t̪ eː ʃ a ]_w
[_w s uː r j u ɖ u ]_w
[_w aː l a j a ]_w
[_w w e m ʈ a r ]_w
[_w t̪ i k u w a ]_w
[_w p aː p ]_w
[_w ɡ aː pʰ iː ]_w
[_w e l aː m ɖ i ]_w
[_w w iː r u ]_w
[_w aː m oː t̪ a m ]_w
[_w d̪ u l a ]_w
[_w t̪ iː w r a ]_w
[_w r aː dʒ a j n aː ]_w
[_w aː d̪ʱ u n i k a ]_w
[_w w a r i ɡ i ]_w
[_w aː r u ]_w
[_w eː r p a ʈ i ]_w
[_w i d̪ a r u l u ]_w
[_w p oː r aː ɖ u ]_w
[_w eː d̪ a j n aː ]_w
[_w d̪ r u ʂ ʈ i n i ]_w
[_w m a t̪ j a m a m ]_w
[_w t̪ a pː a t̪ u ]_w
[_w a l aː k eː ]_w
[_w ɖ i s n iː ]_w
[_w r aː m a ]_w
[_w k a w a ]_w
[_w ɡ aː p a ʈː i k a ]_w
[_w d̪ʱ aː r m i k a ]_w
[_w l a k ʂ a l a ]_w
[_w tʃ a d̪ i w i ]_w
[_w a k r a ]_w
[_w w e m ɖ a n eː ]_w
[_w j a m d̪ u l u ]_w
[_w w u nː a ]_w
[_w n i l i tʃ i ]_w
[_w m aː r ɖ i n ]_w
[_w tʃ aː t̪ i ]_w
[_w m aː r i m d̪ i ]_w
[_w r oː dʒ u l a j ]_w
[_w t̪ u s t̪ u l a ]_w
[_w w aː h a m ]_w
[_w p e r i k a ]_w
[_w dʒ e pː u ]_w
[_w t̪ a r a p a ɖ eː ]_w
[_w r i tʃ a r ɖ ]_w
[_w m uː ɖ oː ]_w
[_w u p a ]_w
[_w d̪ a pː u l u ]_w
[_w a nː aː ɖ u ]_w
[_w t̪ a j aː r u ]_w
[_w t̪ aː n i t̪ oː ]_w
[_w o b aː m aː ]_w
[_w ʃ a d̪ a k a ]_w
[_w m a m d̪ u dʒ eː ]_w
[_w t̪ oː ʈ a l ]_w
[_w n aː d̪ a l ]_w
[_w w eː s a w i ]_w
[_w tʃ a kː a n a ]_w
[_w a d̪ a n i n i ]_w
[_w tʃ a j n a ]_w
[_w a d̪ i ɡ i ]_w
[_w i t̪ a n i n i ]_w
[_w h i ʈ l a r ]_w
[_w k aː w aː l u ]_w
[_w tʃ a ɡː a ɡ aː ]_w
[_w dʒ eː p a l u ]_w
[_w i tʃː i n a ]_w
[_w s w a l p a n aː ]_w
[_w h a r i ]_w
[_w t̪ a m ɖ r iː ]_w
[_w k r iː s t̪ u ]_w
[_w d̪ i r i k eː ]_w
[_w w aː ʈ u ]_w
[_w ɡ oː r i k a ]_w
[_w d̪ iː k a ]_w
[_w ɡ u ɖ u ]_w
[_w i r a w a ]_w
[_w b r i ɖ i ʂ u ]_w
[_w aː ʈ oː ]_w
[_w p a m t̪ i ]_w
[_w a ɖ a w iː ]_w
[_w tʃ eː ʃ aː ʈ u ]_w
[_w dʒ e d̪ː a ]_w
[_w m aː r k a m u ]_w
[_w i m ɡ l iː ʂ ]_w
[_w n iː ɖ i ]_w
[_w w j a m ɡ j a ]_w
[_w n i d̪ʱ i ]_w
[_w k l a p ]_w
[_w w e p ]_w
[_w n a t̪ u l a ]_w
[_w ɡ a ɭː u ]_w
[_w b r a s aː t̪ ]_w
[_w dʒ iː w a ]_w
[_w tʃ a ʈː u l oː ]_w
[_w m iː t̪ a k u ]_w
[_w k u r t̪ u k u ]_w
[_w a j n aː ]_w
[_w n a j r u d̪ i ]_w
[_w w i t̪ j a m ]_w
[_w t̪ w aː r a m ]_w
[_w k a r m a n ]_w
[_w w eː l a ]_w
[_w s a m aː dʒ a m ]_w
[_w n eː ʂ a n ]_w
[_w n eː ɖ i ɡ iː ]_w
[_w w a s a d̪ i ]_w
[_w p a j k aː ]_w
[_w b u ʈː i m d̪ i ]_w
[_w w i bʱ aː k a m ]_w
[_w j u k a m l oː ]_w
[_w n a ɖ i tʃ eː ]_w
[_w pʰ a d̪ r a m ]_w
[_w ʃ i k ʂ a ɳ a m ]_w
[_w w r u t̪ː i n i ]_w
[_w r e m ɖ oː ]_w
[_w ɡ aː w a ʈ a m ]_w
[_w w a n a ]_w
[_w n a t̪ i k aː ]_w
[_w k a ʈː i n a ]_w
[_w l a l oː ]_w
[_w h r u d̪ a j n a ]_w
[_w b r i ɖ i ʂ ]_w
[_w bʱ a l i t̪ a m ]_w
[_w a j i d̪ a ]_w
[_w t̪ a r w aː d̪ a ]_w
[_w pʰ a r ]_w
[_w aː ɡ n eː j a ]_w
[_w w i dʒ a n ]_w
[_w k eː w a l a n a ]_w
[_w b a m d̪ u ɡ u ]_w
[_w j u d̪ʱː aː l u ]_w
[_w w a j ʂ ɳ a w a ]_w
[_w p a m ʈ i ]_w
[_w p a m ʈ l a ]_w
[_w dʒ uː n i j a n ]_w
[_w d̪ʱ a r a l ʈ ]_w
[_w t̪ oː l u ]_w
[_w w a s t̪ u ]_w
[_w i t̪ a ʈ i ]_w
[_w aː dʒ aː r a ]_w
[_w ʈ a j ʈ i l ]_w
[_w n a k a d̪ i ]_w
[_w s a r i ]_w
[_w n aː l ɡ a w a ]_w
[_w k o m ɡ a ]_w
[_w ɡ a t̪ʰ a l u ]_w
[_w h aː ʈ ]_w
[_w b u ʈː i ]_w
[_w i t̪ a n i ]_w
[_w w e n a k a ]_w
[_w tʃ a m t̪ r i ]_w
[_w p iː l eː ]_w
[_w l uː j i s ]_w
[_w k a ɳ a b a d̪ i ]_w
[_w iː s aː r i ]_w
[_w t̪ i ʃ a k aː ]_w
[_w r aː dʒ a j n a ]_w
[_w k o m ʈ a l a ]_w
[_w p oː r ʈ u ]_w
[_w t̪ a n a ]_w
[_w i ʈ u ]_w
[_w ɡ u ɖ i ]_w
[_w w a l eː ]_w
[_w t̪ e tʃː i n a ]_w
[_w t̪ a mː u ɖ u ]_w
[_w a l aː m ʈ i w i ]_w
[_w b o m t̪ a m ]_w
[_w s t̪ʰ i r a ]_w
[_w b a nː e m ɖ u ]_w
[_w r a m k aː ]_w
[_w ʃ aː m d̪ i ]_w
[_w t̪ e l iː t̪ u ]_w
[_w e m u ɡ a ]_w
[_w dʒ a n a l u ɡ u ]_w
[_w s n aː n a m ]_w
[_w dʒ a t̪ a ]_w
[_w ɡ aː l i l oː ]_w
[_w d̪ uː r p u n a ]_w
[_w p a s i pʰ i k ]_w
[_w t̪ a m ɖ r i ]_w
[_w p a r ɖ ]_w
[_w ɖ a j m s ]_w
[_w i t̪ː a r i ]_w
[_w aː ɖ a n u ]_w
[_w p o r u ɡ u ]_w
[_w k oː ʈ l a ]_w
[_w b u d̪ʱː u n i ]_w
[_w tʃ uː p i n a ]_w
[_w tʃ a m d̪ r a m ]_w
[_w k oː ʈ i ]_w
[_w eː t̪ iː ]_w
[_w w i ʃ w a m ]_w
[_w s t̪ʰ aː j i l u ]_w
[_w dʒ a j a m ]_w
[_w a nː i ]_w
[_w tʃ a ɖː a ]_w
[_w t̪ i r i ]_w
[_w w a m ɖ i t̪ i ]_w
[_w b r aː ɳ a m ]_w
[_w s a k a l a ]_w
[_w w eː m ɡ i ]_w
[_w t̪ iː r p u ]_w
[_w s w aː m i n i ]_w
[_w b o k aː k u ]_w
[_w o k a ɖ i k i ]_w
[_w p r i ʈ iː ʂ ]_w
[_w w u nː aː ɖ u ]_w
[_w aː w u ]_w
[_w i m ɖ i j aː ]_w
[_w dʒ u ʈː u ]_w
[_w m a m d̪ u tʃ eː ]_w
[_w dʒ a n a t̪ a ]_w
[_w p a t̪ a m u ]_w
[_w s t̪ʰ i t̪ i n i ]_w
[_w u m tʃ aː r u ]_w
[_w a ʈ u ɡ u ]_w
[_w r a m a ɳ a ]_w
[_w h a j ]_w
[_w k a n u ɡ uː l a ]_w
[_w m aː r aː j i ]_w
[_w t̪ iː n i n eː ]_w
[_w ɡ o t̪ː a k aː ]_w
[_w dʒ e w i ]_w
[_w ɖ aː ʈ aː ]_w
[_w l eː n i ]_w
[_w ɡ r a m ]_w
[_w tʃ oː s ]_w
[_w p a r ʂ i j a n ]_w
[_w b r a d̪ʱ a m a ]_w
[_w b aː l u ]_w
[_w w i ɡ e ɖ ]_w
[_w b a ʈː i ]_w
[_w k a m i ɖ iː ]_w
[_w m j uː dʒ i k ]_w
[_w p a m b aː ɖ u ]_w
[_w b e d̪ː a ]_w
[_w s i w i l ]_w
[_w oː ɖ a m i ]_w
[_w i m ɖ i j a n ]_w
[_w ɡ u kː a ]_w
[_w ɡ a l i s i ]_w
[_w k a n iː s a ]_w
[_w s aː m e d̪ a ɖ u ]_w
[_w ɡ r aː s ]_w
[_w w a n a m ɡ aː ]_w
[_w k a n u ɡ u ]_w
[_w a kː a ɖ a ɡ u ]_w
[_w m a r o k a ɖ i ]_w
[_w tʃ e pː u ]_w
[_w d̪ oː h a d̪ a ]_w
[_w e kː a ʈ aː ]_w
[_w ɡ i m tʃ a l e s ]_w
[_w k uː ʈ aː ]_w
[_w b e r i ɡ i ]_w
[_w i kː a ʈ i k aː ]_w
[_w k a r n uː l u ]_w
[_w a r a w a m ]_w
[_w dʒ a r j a ]_w
[_w eː ɖ u ]_w
[_w u m d̪ aː ]_w
[_w tʃ oː ɖ l a ]_w
[_w t̪ aː ʈ u l a ]_w
[_w d̪ i ʃ a l oː ]_w
[_w n iː l i ]_w
[_w r e ɖ l u ]_w
[_w n a t̪ i l iː ]_w
[_w a j t̪ eː ]_w
[_w tʃ a ʈː u k u ]_w
[_w a d̪ʱ i ɡ a m ]_w
[_w p r a j w ]_w
[_w w eː r u k aː ]_w
[_w p aː w i ]_w
[_w r a k t̪ a ]_w
[_w dʒ uː p i m tʃ i ]_w
[_w m a r eː ]_w
[_w k i ʈ aː r ]_w
[_w b a ʈː a ]_w
[_w k oː ɖ i ]_w
[_w i m d̪ i ]_w
[_w t̪ a ɭ aː l u ]_w
[_w m iː t̪ u k aː ]_w
[_w a m i t̪ aː b ]_w
[_w m a h i ɭ a ]_w
[_w p o m d̪ a ]_w
[_w i m aː m ɖ ]_w
[_w r aː k a ]_w
[_w m a d̪ː a t̪ i ]_w
[_w p a d̪ i ]_w
[_w l eː d̪ a n i n i ]_w
[_w p a m d̪ u ]_w
[_w s iː d̪ a n u ]_w
[_w u m ʈ a w a r ]_w
[_w iː ʃ aː n j a ]_w
[_w p a s i pʰ i ɡ ]_w
[_w k eː ɖ ]_w
[_w k a b ]_w
[_w p a ɭː u ]_w
[_w k aː m aː ]_w
[_w tʃ eː s aː r u ]_w
[_w p aː r w a d̪ a ]_w
[_w k u m ɖ aː j i ]_w
[_w ɖ e nː i s ]_w
[_w eː d̪ a j n a ]_w
[_w w aː s u l u ]_w
[_w p oː l i ]_w
[_w p aː r ʈ a n ]_w
[_w s u d̪ uː r a ]_w
[_w i d̪ o k a ]_w
[_w aː j aː ]_w
[_w a kː a ʈ a k u ]_w
[_w k i m t̪ i ]_w
[_w w iː ɭː u ]_w
[_w p uː ʈ i t̪ a ]_w
[_w m o d̪ a ʈ l oː ]_w
[_w b o m d̪ i ]_w
[_w p a d̪ u l u ]_w
[_w ɡ u r t̪ u k aː ]_w
[_w ʃ aː s t̪ r a m e ]_w
[_w u m ɖ a w u ]_w
[_w n u m tʃ eː ]_w
[_w b aː ɖ i n i ]_w
[_w p aː ɖ u k aː ]_w
[_w t̪ w a r a ɳ a ]_w
[_w u nː a d̪ i ]_w
[_w k u ɖ aː ]_w
[_w k a ɳ a n a ]_w
[_w k w aː r ʈ u ]_w
[_w l aː l ]_w
[_w u nː a p u ʈ u ]_w
[_w d̪ w a r a k uː ]_w
[_w a l aː m ɖ i ]_w
[_w ɡ a l a ]_w
[_w w a r u ]_w
[_w oː ɖ u ]_w
[_w dʒ oː ʈ a ]_w
[_w t̪ e tʃː i ]_w
[_w w a s t̪ r a m u ]_w
[_w m u m p aː j i ]_w
[_w pʰ aː ʂ aː ]_w
[_w w e m ʈ a w u ]_w
[_w dʒ aː r l e s ]_w
[_w s a m u t̪ r a ]_w
[_w d̪ aː n i t̪ oː ]_w
[_w w r u t̪ː i ]_w
[_w p l uː s ]_w
[_w w a s t̪ aː ʈ u ]_w
[_w k aː r j a ]_w
[_w k aː l u ]_w
[_w ɖʱ i lː iː ]_w
[_w t̪ e lː a n i ]_w
[_w ʃ iː r ʂ i k a ]_w
[_w w eː tʃ i ]_w
[_w j u w a ɡ u ɖ u ]_w
[_w i kː a ɖ a ]_w
[_w w aː l i ]_w
[_w b a p l i ɡ ]_w
[_w p e ʈː eː ]_w
[_w a ɡː a ɖ a k u ]_w
[_w w iː r i l oː ]_w
[_w w a n a r u l u ]_w
[_w t̪ i m ɖ aː ]_w
[_w d̪ e l u ɡ u ]_w
[_w d̪ r u ʂ ʈ i ]_w
[_w ʃ u d̪ʱː a ]_w
[_w t̪ a kː u w a ]_w
[_w p r a dʒ aː r a ]_w
[_w k aː r l a ]_w
[_w k oː ɖ ]_w
[_w m a h a mː a d̪ ]_w
[_w t̪ a pː a k a ]_w
[_w r e m ʈ uː ]_w
[_w ɡ a w i t̪ r i ]_w
[_w ɡ o m d̪ a m ]_w
[_w ɡ u m ʈ uː ]_w
[_w k aː m tʃ i n a ]_w
[_w k aː d̪ u ]_w
[_w s a m iː k ʂ a ]_w
[_w u t̪ j oː ɡ a m ]_w
[_w s a m s t̪ʰ a ɡ u ]_w
[_w tʃ eː j a ɡ aː ]_w
[_w l aː m ʈ i ]_w
[_w ɡ a m ɖ e ]_w
[_w w aː r aː ]_w
[_w b aː ɖ a l u ]_w
[_w iː m aː ɖ a ]_w
[_w j aː t̪ r a l u ]_w
[_w dʒ aː w u ]_w
[_w i d̪ː a r uː ]_w
[_w n a m uː n aː ]_w
[_w p e d̪ː a l u ]_w
[_w w j a w a s t̪ʰ a ]_w
[_w b oː j aː ɖ u ]_w
[_w p e m p u ʈ u ]_w
[_w m e lː a ɡ aː ]_w
[_w aː ɖ a ]_w
[_w w eː d̪ a ]_w
[_w p a ʃ tʃ i m a ]_w
[_w j u d̪ʱː a m ]_w
[_w n eː ɖ u ]_w
[_w b aː ɖ a n u ]_w
[_w s w a m d̪ e n a ]_w
[_w t̪ a n a p a ʈ i ]_w
[_w ʃ aː s t̪ r i ]_w
[_w u pː u ]_w
[_w k oː ɖ a n u ]_w
[_w p a b l i k ]_w
[_w ɡ oː s ʈ ]_w
[_w pʰ a t̪ r a d̪ a ]_w
[_w p a tʃː a n ]_w
[_w d̪ a ɭ i t̪ a ]_w
[_w p a ɖ a m ]_w
[_w n aː ʈ i k i ]_w
[_w k iː r t̪ i ]_w
[_w dʒ uː p eː ]_w
[_w k ʂ a ɳ aː ]_w
[_w r a j d̪ u l a ]_w
[_w p i jː a m ]_w
[_w tʃ a ʈː a m ɡ aː ]_w
[_w k a l i ɡ eː ]_w
[_w d̪ eː w u n i ]_w
[_w b a s ]_w
[_w u t̪ j oː k a m ]_w
[_w s a r a ]_w
[_w dʒ eː j a n i ]_w
[_w w aː ɖ i l oː ]_w
[_w k oː ʈ a ]_w
[_w aː ʈ i j oː ]_w
[_w m uː l a ]_w
[_w r a ɡ aː l a m ]_w
[_w k o m d̪ u ]_w
[_w s a d̪ j a m ]_w
[_w d̪ aː ʈ u ]_w
[_w bʱ a w a n a ]_w
[_w s a m ɡ a d̪ i ]_w
[_w r a j l u ]_w
[_w eː r p a ʈ eː ]_w
[_w ɖ a r ɡ iː ]_w
[_w tʃ a r i k iː ]_w
[_w p aː b ]_w
[_w k oː l ]_w
[_w d̪ eː ʃ a b u ]_w
[_w p aː r i s ]_w
[_w k eː p ]_w
[_w i t̪ a ɖ i ]_w
[_w m o kː a l u ]_w
[_w tʃ a n a n u ]_w
[_w k iː d̪ a ]_w
[_w k u m aː r ]_w
[_w eː d̪ i ]_w
[_w p aː ɖ i ]_w
[_w e w a r oː ]_w
[_w w a j ]_w
[_w aː s t̪ i ]_w
[_w tʃ u l a j ]_w
[_w a m d̪ u l a ]_w
[_w a n u p a ]_w
[_w ʈ aː n ]_w
[_w p a ʈː i m d̪ i ]_w
[_w aː r a w a m ]_w
[_w ɡ a ʂ ʈ aː l u ]_w
[_w eː r b aː ɖ u ]_w
[_w p a j ɡ aː ]_w
[_w s i bː a m d̪ i ]_w
[_w bʱ oː r ɖ ]_w
[_w k u m aː r d̪ e ]_w
[_w ʈ a w n ]_w
[_w b oː j eː ]_w
[_w n i tʃ a ]_w
[_w l a w ]_w
[_w ʈ r aː bʱ i ɡ ]_w
[_w a m ʃ a m ɡ a l ]_w
[_w p a d̪ a ]_w
[_w d̪ a kː i m d̪ i ]_w
[_w w eː ʂ a m ]_w
[_w m a m dʒ u ]_w
[_w ɡ aː l a ]_w
[_w l oː k s a bʱ a ]_w
[_w p a l u ]_w
[_w a r u t̪ u ]_w
[_w a kː a ʈ i ]_w
[_w w a m ʃ a m k aː ]_w
[_w w u nː a d̪ a ]_w
[_w h oː l iː ]_w
[_w p a d̪ː a t̪ u ]_w
[_w m oː ɖ aː r u ]_w
[_w t̪ i r i k eː ]_w
[_w l a m ɖ a r ]_w
[_w p uː r w a m ]_w
[_w w a m d̪ a r u ]_w
[_w s aː h i t̪ iː ]_w
[_w aː pʰ r i k a ]_w
[_w w aː ɭː a k i ]_w
[_w tʃ iː w u l u ]_w
[_w k o pː a ]_w
[_w a r a p u n a ]_w
[_w aː b a j ]_w
[_w kʰ a k oː ɭ a ]_w
[_w a w a s a m ]_w
[_w l oː p u ]_w
[_w m o d̪ a l a k u ]_w
[_w p j u ɡ oː ʈ ]_w
[_w a pː aː j i ]_w
[_w u m ɖ o tʃː u ]_w
[_w n aː l u ɡ u ]_w
[_w r aː m u ɖ u ]_w
[_w t̪ e ɡ a ]_w
[_w p o m t̪ i m a ]_w
[_w p u r u ʂ a ]_w
[_w a n u w a j n a ]_w
[_w o k a r i n i ]_w
[_w ɡ aː r p a n ]_w
[_w l aː bʱ aː l u ]_w
[_w aː m e k u ]_w
[_w p a k ʂ a ]_w
[_w d̪ʱ w a n i ]_w
[_w n iː ɖ i l oː ]_w
[_w tʃ eː s eː ]_w
[_w a w aː r ʈ ]_w
[_w k iː t̪ a ]_w
[_w t̪ i n i ]_w
[_w ɖ i s e m p l iː ]_w
[_w b aː r ɡ u ]_w
[_w s a m tʃ i k a ]_w
[_w n e ɖ ]_w
[_w dʒ e pː i n a ]_w
[_w a t̪ʰ j a l oː ]_w
[_w t̪ iː n i ɡ i ]_w
[_w t̪ oː ʈ u k aː ]_w
[_w l a j pʰ ]_w
[_w p r a d̪ʱ a m a ]_w
[_w tʃ a n a m ]_w
[_w r i k aː ]_w
[_w dʒ aː m d̪ ]_w
[_w b a ɖː i ]_w
[_w ɡ a t̪ʰ a n a m ]_w
[_w n aː ʈ j a m ]_w
[_w b i lː i ]_w
[_w i t̪ a ɖ u ]_w
[_w tʃ a p aː n ]_w
[_w ʈ r a j w eː ɖ ]_w
[_w w i tʃ a j a m ]_w
[_w n a w a ]_w
[_w b r a t̪ʰ aː n a ]_w
[_w t̪ r a w p a t̪ i ]_w
[_w p r aː m d̪ a ]_w
[_w a d̪ j a ]_w
[_w p iː ʈ a n a ]_w
[_w e t̪ u r u k aː ]_w
[_w tʃ eː ʃ aː r u ]_w
[_w ɡ a n iː s ]_w
[_w ʃ a k t̪ i ]_w
[_w ʃ a m ɡ aː ]_w
[_w p i mː a ʈ a ]_w
[_w ʃ a r m a ]_w
[_w s a m ɡʱ aː l a ]_w
[_w p r a t̪ː i ]_w
[_w ʃ a k t̪ i n i ]_w
[_w a m a r a l ɖ ]_w
[_w b aː ʈ u ]_w
[_w n a ɖ i dʒ eː ]_w
[_w dʒ eː d̪ i ]_w
[_w p a h u ]_w
[_w e ɡ u w a ]_w
[_w dʒ uː n ]_w
[_w p oː d̪ʱ a n a ]_w
[_w dʒ i ɡ aː ɡ oː ]_w
[_w d̪ a m a ]_w
[_w e t̪ʰ iː n aː ]_w
[_w w i d̪ j a ]_w
[_w t̪ aː n i k i ]_w
[_w m e ɖ i ɡ a l u ]_w
[_w b oː j aː r u ]_w
[_w m a w l i m ɡ a ]_w
[_w iː s ʈ ]_w
[_w w e m ɖ a ]_w
[_w u m ɖ oː m t̪ i ]_w
[_w s uː dʒ a n a ]_w
[_w k a ʈ a p a ]_w
[_w p uː dʒ a ]_w
[_w pʰ aː r a d̪ a ]_w
[_w b uː r w a p u ]_w
[_w b a ʈ a w a ]_w
[_w dʒ i w a r a m a ]_w
[_w a p t̪ u l ]_w
[_w tʃ eː j i ]_w
[_w n i r t̪ i ʂ ʈ a ]_w
[_w t̪ eː m a ]_w
[_w p aː m u ]_w
[_w w eː s i ]_w
[_w r eː ʈ i j oː ]_w
[_w n a ɖ i m d̪ i ]_w
[_w m a r a ]_w
[_w s a r w a d̪ a ]_w
[_w l eː d̪ oː ]_w
[_w w iː ɖ i n i ]_w
[_w t̪ eː ʃ a m ]_w
[_w k uː ʈ i n a ]_w
[_w p e n ]_w
[_w dʒ a ʈː u ɡ u ]_w
[_w i kː a ɖ a k u ]_w
[_w m aː ʈ a ]_w
[_w w e ɭ l aː r u ]_w
[_w w a j t̪ j u l u ]_w
[_w l aː m ʈ i w i ]_w
[_w m a w l i m k ]_w
[_w w i d̪ j u t̪ː u ]_w
[_w m a r o k a r u ]_w
[_w a j i n a n uː ]_w
[_w r i p a b l i k ]_w
[_w ɡ a r u ]_w
[_w w aː j u ]_w
[_w dʒ eː s t̪ eː ]_w
[_w l j aː m ɖ ]_w
[_w w aː r i n i ]_w
[_w ɡ u r i ]_w
[_w k aː w u ]_w
[_w k oː r ʈ u ]_w
[_w h aː n i ]_w
[_w n a ɡ a t̪ u ]_w
[_w i r aː n ]_w
[_w a kː a ɖ a k u ]_w
[_w s t̪ r iː l a ]_w
[_w ɡ a l i k a ]_w
[_w p l aː ɡ u ]_w
[_w bʱ a l i d̪ a ]_w
[_w w eː r u ɡ aː ]_w
[_w p u r u ʂ u ɖ u ]_w
[_w ɖ a r k iː ]_w
[_w u t̪ j oː k a ]_w
[_w b u n aː t̪ i ]_w
[_w p r a dʒ aː r a m ]_w
[_w u t̪ j oː ɡ a ]_w
[_w s a w d̪ ]_w
[_w k aː r p a n ]_w
[_w s t̪ʰ a l a n u ]_w
[_w r aː j a ɖ a m ]_w
[_w k aː w j a m ]_w
[_w n aː ʈ j a ]_w
[_w m i ʃ r a m a ]_w
[_w tʃ a ʈː aː l u ]_w
[_w a w ʂ a d̪ʱ a ]_w
[_w p r a d̪ʱ aː n i ]_w
[_w w i ʃ i ʂ ʈ a ]_w
[_w aː t̪ m a ]_w
[_w aː t̪ aː j a ]_w
[_w t̪ iː r ɡʱ a ]_w
[_w b u ʈː i m t̪ i ]_w
[_w r aː s eː ]_w
[_w p r a k r i j a ]_w
[_w a r d̪ʱ a m u ]_w
[_w o k a r i k i ]_w
[_w n u wː u ]_w
[_w ɡ a m ʈ eː ]_w
[_w i m d̪ u ɡ u ]_w
[_w dʒ uː p i m t̪ i ]_w
[_w k r u h a ]_w
[_w r aː dʒ u ]_w
[_w p a ʈ a w iː ]_w
[_w p a d̪ʱ a k a m ]_w
[_w ɖ eː w i ]_w
[_w u t̪ a j a ]_w
[_w b r a w a ]_w
[_w w aː ʈ aː ]_w
[_w p aː ɖ a l u ]_w
[_w p a s u p u ]_w
[_w w a j n a ]_w
[_w t̪ eː w u ɖ i ]_w
[_w e m d̪ u k u r u ]_w
[_w s a j ʈ ]_w
[_w w aː ɭː a n u ]_w
[_w m a d̪ a m ]_w
[_w k r i k e ɖ l u ]_w
[_w p e d̪ː a d̪ i ]_w
[_w j aː d̪ r a n u ]_w
[_w p a j k i ]_w
[_w n a d̪ u l a ]_w
[_w dʒ a n aː ]_w
[_w k u m aː r u ]_w
[_w r a w i ]_w
[_w m a r o k a ]_w
[_w k aː m dʒ i n a ]_w
[_w e nː a ɖ uː ]_w
[_w l oː d̪ a j n a ]_w
[_w aː kʰ a r i ]_w
[_w p a d̪ r i ɡ a n ]_w
[_w e w a r uː ]_w
[_w p a lː e ]_w
[_w j a m t̪ u ]_w
[_w m a n a sː u ]_w
[_w ɡ u l a m ]_w
[_w oː ʈ i m tʃ i ]_w
[_w dʒ a n a n a m ]_w
[_w dʒ e nː a j ]_w
[_w tʃ a t̪ a ]_w
[_w p a m d̪ a r i ]_w
[_w u t̪ː a r a m k a ]_w
[_w p oː j i m d̪ i ]_w
[_w d̪ a m a n u ]_w
[_w d̪ a bː u ]_w
[_w t̪ iː nː i ]_w
[_w p a m t̪ i n a ]_w
[_w t̪ o l u d̪ a ]_w
[_w ʈ i dʒ i ]_w
[_w p oː ɖ iː ]_w
[_w k aː b a ʈː i ɡ aː ]_w
[_w p aː ɡ u m t̪ i ]_w
[_w a ɖ u ɡ u ]_w
[_w tʃ iː w a ]_w
[_w m o d̪ a ʈ i ]_w
[_w r a dʒ a n a l ]_w
[_w k a m ɖ a ]_w
[_w s e j i m ʈ ]_w
[_w bʱ aː w a ]_w
[_w w i m d̪ u ɡ aː ]_w
[_w b r a kː a n i ]_w
[_w tʃ a j a m u ]_w
[_w e d̪ː u l oː ]_w
[_w m a h i ɭ aː ]_w
[_w bʱ i l m ]_w
[_w s a r u k u ]_w
[_w s t̪ʰ uː l a ]_w
[_w tʃ aː d̪ u l ]_w
[_w tʃ e m d̪ i n a ]_w
[_w t̪ i m ʈ i ]_w
[_w kʰ a r tʃ u n i ]_w
[_w p a j k i l u ]_w
[_w a r a w a ]_w
[_w p r a t̪ a ]_w
[_w s t̪ʰ i t̪ i l aː ]_w
[_w oː ɖ i m tʃ i ]_w
[_w p a t̪ r i ɡ a n ]_w
[_w w e n a k a r ]_w
[_w s e j i m ɖ ]_w
[_w u t̪ i ɡ eː ]_w
[_w w a tʃː i m d̪ i ]_w
[_w t̪ e r a ]_w
[_w b aː k aː ]_w
[_w m a j k eː l ]_w
[_w tʃ a j n iː s ]_w
[_w k aː l a m ]_w
[_w tʃ a m t̪ u ]_w
[_w n aː ʈ a ɡ u ]_w
[_w a t̪ a nː i ]_w
[_w k a l i p i ]_w
[_w i m ɡ l aː m ʈ i ]_w
[_w n i t̪ j a m a m ]_w
[_w w a r i k i ]_w
[_w ɡ a ɳ a n a ]_w
[_w m o d̪ a l a ]_w
[_w p aː p aː ]_w
[_w k aː r a ɳ a ]_w
[_w m a n i ʂ i ]_w
[_w k aː n uː ]_w
[_w w aː ɖ i t̪ oː ]_w
[_w p r a bʱ u d̪ w a ]_w
[_w w u m ʈ aː j i ]_w
[_w w eː r eː ]_w
[_w k aː l i l oː ]_w
[_w p r a tʃ aː ]_w
[_w k w aː r ɖ u ]_w
[_w n u m dʒ eː ]_w
[_w u m ɖ i ]_w
[_w n i d̪ʱ u l u ]_w
[_w ɡ oː s a m ]_w
[_w t̪ r a w a m ]_w
[_w ɡ iː l a k a ]_w
[_w a m e r i k a ]_w
[_w m aː m s a m ]_w
[_w i d̪ i l oː ]_w
[_w b r i ʈ iː ʂ ]_w
[_w e d̪ː u n a ]_w
[_w ʈ i dʒ i ʈ a l iː ]_w
[_w n aː ɖ j a ]_w
[_w e j i r ]_w
[_w k aː m t̪ i ]_w
[_w a kː a ɖ eː ]_w
[_w eː d̪ oː ]_w
[_w w a tʃː i ]_w
[_w p e m tʃ i ]_w
[_w p a w r a w a ]_w
[_w s w a m d̪ a k a ]_w
[_w s aː d̪ʱ a n a ]_w
[_w s eː w a ]_w
[_w tʃ a m d̪ r i ]_w
[_w i tʃː aː ɖ u ]_w
[_w tʃ a w aː p u ]_w
[_w r iː d̪ i l oː ]_w
[_w k r a h i m tʃ i ]_w
[_w p a t̪ a m ]_w
[_w a w a s a m t̪ a ]_w
[_w b aː p ]_w
[_w m u t̪ː u ]_w
[_w tʃ a t̪ i w i ]_w
[_w p o ɖ a w u ]_w
[_w tʃ a kː e r a ]_w
[_w w a s t̪ u d̪ a ]_w
[_w i m k aː ]_w
[_w ɡ u rː a m ]_w
[_w tʃ eː m s ]_w
[_w u m tʃ i n a ]_w
[_w a m t̪ a k aː ]_w
[_w k a n u ɡ a ]_w
[_w u m ʈ aː j i ]_w
[_w ɡ aː ɖ u ]_w
[_w r eː w u ]_w
[_w k a t̪ aː n i ]_w
[_w e kː a ɖ a ]_w
[_w w a m d̪ e n a ]_w
[_w w e l u p a l i ]_w
