[_w tʃ ɪ w o ]_w
[_w s ʀʲ e dʒ ]_w
[_w ts ɨ w k ]_w
[_w h u b u ]_w
[_w l u tʃ o ]_w
[_w w ɪ n ɡ ]_w
[_w w o n a ]_w
[_w k w a z ]_w
[_w x ʊ ʀ a ]_w
[_w ʃ u l u ]_w
[_w ʀʲ a n e ]_w
[_w h ʀ o w ]_w
[_w d e l e ]_w
[_w b i s a ]_w
[_w n i m ]_w
[_w t ʀ u ʒ ]_w
[_w ʀʲ a n ɨ ]_w
[_w m ʊ ʒ e ]_w
[_w s ts e ]_w
[_w t e n ]_w
[_w z ɨ m ]_w
[_w p o ʒ i ]_w
[_w n ɪ d k ]_w
[_w ʃ u l e ]_w
[_w w ʊ dʒ e ]_w
[_w a b o ]_w
[_w ʃ t o ]_w
[_w j u h a ]_w
[_w s e ʀ b ]_w
[_w s e mʲ a ]_w
[_w x ts ɨ x ]_w
[_w z n a tʃ ]_w
[_w ʀ o s t ]_w
[_w s p ɪ x ]_w
[_w b ɨ w ]_w
[_w d a ʀ ɨ ]_w
[_w p o dʒ a ]_w
[_w ʒ u l a ]_w
[_w w ɪ n k ]_w
[_w m ʊ h w ]_w
[_w ʀ a t ɨ ]_w
[_w p a d ɨ ]_w
[_w f i l m ]_w
[_w h d ɨ ʃ ]_w
[_w t a l e ]_w
[_w h u b a ]_w
[_w t a d a ]_w
[_w x o w a ]_w
[_w p o ʒ a ]_w
[_w p ɨ t a ]_w
[_w k o w a ]_w
[_w s t a t ]_w
[_w s ɨ n ]_w
[_w z d a t ]_w
[_w m n u ]_w
[_w a w k u ]_w
[_w p a t a ]_w
[_w p ʀ a tʃ ]_w
[_w z dʒ ɪ l ]_w
[_w a w t o ]_w
[_w z d a w ]_w
[_w w u ʒ i ]_w
[_w ʀ u nʲ e ]_w
[_w a d t ]_w
[_w t o bʲ e ]_w
[_w m ɪ w o ]_w
[_w z w ʊ j ]_w
[_w p ɪ w ɨ ]_w
[_w d e mʲ e ]_w
[_w t w o ʀ ]_w
[_w p o l a ]_w
[_w ʒ u l u ]_w
[_w n o w e ]_w
[_w n t ʀ ]_w
[_w h ʊ l ts ]_w
[_w n i m i ]_w
[_w p a k ]_w
[_w k o ʃ e ]_w
[_w h a j ]_w
[_w k ʀ a j ]_w
[_w j o m u ]_w
[_w m o ts u ]_w
[_w d u ʀʲ e ]_w
[_w s p ɪ w ]_w
[_w p ʀ o f ]_w
[_w w o d a ]_w
[_w d o t a ]_w
[_w m o j e ]_w
[_w k nʲ e ʒ ]_w
[_w s u x ɨ ]_w
[_w m a ʃ ]_w
[_w n a t a ]_w
[_w w i tʃ i ]_w
[_w t w ɪ ]_w
[_w ʃ e f ]_w
[_w p ʃ e t ]_w
[_w j ɪ tʃ e ]_w
[_w ts ɨ ʃ ]_w
[_w p a ʀ d ]_w
[_w wʲ e z ]_w
[_w w e ʀ b ]_w
[_w s ɨ m ]_w
[_w m a w ɨ ]_w
[_w ʃ t ʊ ]_w
[_w f o n ]_w
[_w s t a d ]_w
[_w d u ʒ u ]_w
[_w n i m a ]_w
[_w k ʀ a l ]_w
[_w a w d o ]_w
[_w nʲ e p ɪ ]_w
[_w h o dʒ i ]_w
[_w tʃ i n ]_w
[_w l u d ɨ ]_w
[_w h o ʀ ɨ ]_w
[_w p ɪ w e ]_w
[_w m o j a ]_w
[_w b ʃ e t ]_w
[_w d u t u ]_w
[_w m e j e ]_w
[_w z d e j ]_w
[_w ʒ u l e ]_w
[_w n o w ɨ ]_w
[_w w o ɡ a ]_w
[_w s w ʊ j ]_w
[_w x o ʀ ɨ ]_w
[_w p o h u ]_w
[_w k ʊ n ts ]_w
[_w ʒ i w ɨ ]_w
[_w p ɪ ʃ e ]_w
[_w wʲ e s ]_w
[_w t o b ɨ ]_w
[_w w l i w ]_w
[_w ʃ a n u ]_w
[_w t e m u ]_w
[_w d i t u ]_w
[_w w o ʒ u ]_w
[_w m n i x ]_w
[_w dʒ o ʒ ]_w
[_w m nʲ e ]_w
[_w ʀ o d a ]_w
[_w nʲ e x ]_w
[_w w o b ɪ ]_w
[_w w i tʃ u ]_w
[_w ʀ o t a ]_w
[_w m ɨ s l ]_w
[_w k o p a ]_w
[_w m a t e ]_w
[_w t i e ]_w
[_w d a l e ]_w
[_w p ʊ d ɨ ]_w
[_w ʃ n ɪ ]_w
[_w h d ɨ ]_w
[_w nʲ e bʲ a ]_w
[_w h d ɨ ʒ ]_w
[_w m a w e ]_w
[_w d f d ]_w
[_w h o tʃ i ]_w
[_w nʲ e b ɪ ]_w
[_w w z d a ]_w
[_w m ɪ j e ]_w
[_w m a m ɨ ]_w
[_w m a j a ]_w
[_w p ɪ x u ]_w
[_w j u h u ]_w
[_w s o m ]_w
[_w p ʃ i ]_w
[_w w u d a ]_w
[_w tʃ i w a ]_w
[_w p ʀ a j ]_w
[_w b ʀ a j ]_w
[_w t e ʀʲ e ]_w
[_w n o h i ]_w
[_w m a ʀ i ]_w
[_w nʲ e d a ]_w
[_w s ɨ tʃ i ]_w
[_w t a t a ]_w
[_w n a d a ]_w
[_w w o j a ]_w
[_w s e j m ]_w
[_w w o b ʀ ]_w
[_w h l a d ]_w
[_w l ɪ pʲ e ]_w
[_w w ɪ m ]_w
[_w d a w ]_w
[_w ʀ o s tʃ ]_w
[_w s e m i ]_w
[_w mʲ e s ]_w
[_w ʀ ɪ tʃ u ]_w
[_w p ɨ x u ]_w
[_w i i i ]_w
[_w tʃ a s ]_w
[_w k ʀ u h ]_w
[_w d o l e ]_w
[_w n a ʃ e ]_w
[_w s l a ]_w
[_w w ʃ o ]_w
[_w d a t a ]_w
[_w s a s ]_w
[_w ʃ u l a ]_w
[_w n o w a ]_w
[_w b a ʀ b ]_w
[_w n a ʃ a ]_w
[_w tʃ ɪ l i ]_w
[_w w ɪ ts ɨ ]_w
[_w m u ʀʲ e ]_w
[_w p ɪ w a ]_w
[_w j i x ]_w
[_w b o j a ]_w
[_w w u t a ]_w
[_w p i s a ]_w
[_w l ɪ t a ]_w
[_w b ʃ i t ]_w
[_w b o t a ]_w
[_w tʃ ɪ tʃ i ]_w
[_w p o s tʃ ]_w
[_w tʃ e n s ]_w
[_w n a ʃ i ]_w
[_w w a m ]_w
[_w m ɪ nʲ e ]_w
[_w l u d a ]_w
[_w t a d t ]_w
[_w ʒ o n ɨ ]_w
[_w t e ʒ ]_w
[_w h o ʀʲ e ]_w
[_w z a s ]_w
[_w n o w ]_w
[_w z j a w ]_w
[_w d nʲ o w ]_w
[_w ʃ t ʊ ʒ ]_w
[_w dʒ ɪ w o ]_w
[_w d a z ]_w
[_w l ɪ d a ]_w
[_w a x i m ]_w
[_w wʲ e s tʃ ]_w
[_w h l e j ]_w
[_w b ɨ w a ]_w
[_w mʲ e n o ]_w
[_w k i dʒ a ]_w
[_w z e ʀ b ]_w
[_w n a ʒ a ]_w
[_w w a ʃ e ]_w
[_w n u t ʃ ]_w
[_w b u ʀ ]_w
[_w nʲ e j e ]_w
[_w s e l o ]_w
[_w n i m o ]_w
[_w l ɪ t o ]_w
[_w ts u s e ]_w
[_w d nʲ a ]_w
[_w m ɪ ʀ ɨ ]_w
[_w w i tʃ a ]_w
[_w z d a ]_w
[_w z d a j ]_w
[_w d a w k ]_w
[_w ʒ u p ɨ ]_w
[_w n s l dʒ ]_w
[_w nʲ e j ]_w
[_w w o b ]_w
[_w s t e j ]_w
[_w k ʀ e j ]_w
[_w t ʃ i ]_w
[_w ʀ a z ɨ ]_w
[_w m ʃ a ]_w
[_w pʲ e tʃ a ]_w
[_w p ʃ e d ]_w
[_w h ʀ ɪ ]_w
[_w k o b a ]_w
[_w w u z ɨ ]_w
[_w dʒ i w a ]_w
[_w tʃ u j e ]_w
[_w n a m ]_w
[_w m a tʃ ]_w
[_w a n t ]_w
[_w p a z ɨ ]_w
[_w w ʃ ɪ m ]_w
[_w b l o k ]_w
[_w s a s ɨ ]_w
[_w w o tʃ o ]_w
[_w t e bʲ e ]_w
[_w z ɨ tʃ ]_w
[_w w s a w ]_w
[_w s e b i ]_w
[_w w o t e ]_w
[_w p u d u ]_w
[_w ʒ o n a ]_w
[_w w ɪ ts ]_w
[_w wʲ a ts ɨ ]_w
[_w s t a w ]_w
[_w h o m e ]_w
[_w b o ʒ e ]_w
[_w t e s ]_w
[_w l ɪ d o ]_w
[_w p ɨ w ]_w
[_w ʀ ɪ k i ]_w
[_w h dʒ e ʃ ]_w
[_w dʒ a k ]_w
[_w ʀ a s ]_w
[_w ʃ k i t ]_w
[_w a n d ]_w
[_w l u p i ]_w
[_w s s ʃ ]_w
[_w h a tʃ ]_w
[_w d ʃ i ]_w
[_w s o p u ]_w
[_w m ʊ j ]_w
[_w s w ɪ d ]_w
[_w w ɪ m ɨ ]_w
[_w t u d a ]_w
[_w nʲ e z u ]_w
[_w n ɪ t k ]_w
[_w j e m u ]_w
[_w m o ʀʲ o ]_w
[_w p o ʃ e ]_w
[_w d ʃ o x ]_w
[_w dʒ a s ]_w
[_w ʀʲ a n a ]_w
[_w dʒ ɪ l e ]_w
[_w k w a s ]_w
[_w w o p ʀ ]_w
[_w d e ʀ ]_w
[_w d u t a ]_w
[_w h d ɨ s ]_w
[_w w a z ]_w
[_w p o h a ]_w
[_w z a d ɨ ]_w
[_w w ɪ s o ]_w
[_w b ʃ e d ]_w
[_w d o b o ]_w
[_w s a m ]_w
[_w j o w ]_w
[_w j e wʲ a ]_w
[_w n a ʒ i ]_w
[_w tʃ i m ]_w
[_w k e ʀ k ]_w
[_w k ʀ ʊ tʃ ]_w
[_w w o w a ]_w
[_w wʲ e tʃ e ]_w
[_w d ɨ j e ]_w
[_w t ts m ]_w
[_w h dʒ e ]_w
[_w d u ʒ ]_w
[_w nʲ e b ɨ ]_w
[_w k u p a ]_w
[_w ts ɨ w a ]_w
[_w ʀ u k a ]_w
[_w dʒ ɪ ʃ e ]_w
[_w mʲ a z o ]_w
[_w w s o w ]_w
[_w z u ʀ ]_w
[_w z a z ɨ ]_w
[_w s tʃ e ]_w
[_w ts u s a ]_w
[_w d ʀ u ʒ ]_w
[_w h o ʀ a ]_w
[_w m a d e ]_w
[_w b ɪ ʃ e ]_w
[_w nʲ e bʲ o ]_w
[_w n a ʀ a ]_w
[_w d o mʲ a ]_w
[_w b i z a ]_w
[_w ʀʲ a t u ]_w
[_w f a s ɨ ]_w
[_w s a m o ]_w
[_w t w ʊ j ]_w
[_w j e n o ]_w
[_w n ɪ m ts ]_w
[_w d w a j ]_w
[_w a nʲ a ]_w
[_w t o pʲ e ]_w
[_w b ɪ w e ]_w
[_w mʲ e s ɨ ]_w
[_w tʃ a s a ]_w
[_w p a ʀ t ]_w
[_w k u b a ]_w
[_w u ʀ a ]_w
[_w pʲ e nʲ e ]_w
[_w d w ʊ j ]_w
[_w z a m ]_w
[_w ʒ a n a ]_w
[_w w o d ɨ ]_w
[_w d o b ɨ ]_w
[_w w ɪ ʃ u ]_w
[_w wʲ a ts e ]_w
[_w d u d e ]_w
[_w s m ʊ j ]_w
[_w tʃ a z a ]_w
[_w ts d u ]_w
[_w a l e ]_w
[_w ʀʲ e nʲ e ]_w
[_w bʲ e nʲ e ]_w
[_w dʒ ɪ tʃ i ]_w
[_w b ʃ e s ]_w
[_w ʀ o mʲ e ]_w
[_w m e m o ]_w
[_w m e j a ]_w
[_w s tʃ ɪ l ]_w
[_w pʲ e dʒ a ]_w
[_w j ʊ n ]_w
[_w a t t ]_w
[_w n a s e ]_w
[_w dʒ i d a ]_w
[_w m o ʀʲ a ]_w
[_w bʲ e tʃ ]_w
[_w pʲ e ʀʲ e ]_w
[_w tʃ e nʲ ]_w
[_w t ʊ n ]_w
[_w ʃ o n a ]_w
[_w tʃ ɪ l e ]_w
[_w w o j e ]_w
[_w dʒ i ʃ tʃ ]_w
[_w t ʀʲ e ]_w
[_w z ɨ dʒ i ]_w
[_w t l a ]_w
[_w f a k t ]_w
[_w p o ʒ e ]_w
[_w l ɪ z u ]_w
[_w l u b e ]_w
[_w l u t ]_w
[_w dʒ i t a ]_w
[_w b ʀ o f ]_w
[_w w u ʃ i ]_w
[_w l o n i ]_w
[_w d ʀʲ e ]_w
[_w ts ɨ l e ]_w
[_w t a w a ]_w
[_w p o tʃ a ]_w
[_w p ɨ w a ]_w
[_w d u ʀ i ]_w
[_w w ʊ n ]_w
[_w t w a j ]_w
[_w w o p ɪ ]_w
[_w ʀ o z t ]_w
[_w ʀ ʊ ʒ a ]_w
[_w ʀ u mʲ e ]_w
[_w dʒ ɪ dʒ o ]_w
[_w n o z e ]_w
[_w w ʊ t ts ]_w
[_w ts ɨ w e ]_w
[_w ʒ k i t ]_w
[_w b ʀ a tʃ ]_w
[_w tʃ o l e ]_w
[_w tʃ a k a ]_w
[_w ʀ ɪ tʃ e ]_w
[_w w o dʒ e ]_w
[_w p ʊ j ]_w
[_w l i s t ]_w
[_w p o k o ]_w
[_w p o ɡ o ]_w
[_w t a k ]_w
[_w tʃ w o n ]_w
[_w l u tʃ i ]_w
[_w k u ʀ s ]_w
[_w l u t ɨ ]_w
[_w w ɪ tʃ e ]_w
[_w d e n ]_w
[_w n a n o ]_w
[_w m o j u ]_w
[_w ʃ i w e ]_w
[_w dʒ ɪ l ]_w
[_w w i n a ]_w
[_w tʃ i t a ]_w
[_w ts ɨ w ɨ ]_w
[_w d u x a ]_w
[_w p l o k ]_w
[_w d o bʲ e ]_w
[_w z n a dʒ ]_w
[_w j a k ]_w
[_w ʀʲ e dʒ e ]_w
[_w dʒ i n i ]_w
[_w w o n i ]_w
[_w nʲ e w ɪ ]_w
[_w ʃ a t a ]_w
[_w ʒ d o ]_w
[_w s u ʀ ]_w
[_w e i n e ]_w
[_w j e n ]_w
[_w p u ʀ ]_w
[_w ʀʲ e tʃ e ]_w
[_w l ɪ tʃ e ]_w
[_w l i j e ]_w
[_w p o w ]_w
[_w t i d u ]_w
[_w w ɨ ʃ i ]_w
[_w j a n a ]_w
[_w m ʊ ʃ e ]_w
[_w t o p o ]_w
[_w j a k o ]_w
[_w ʃ a n e ]_w
[_w t n ɨ ]_w
[_w mʲ e z ]_w
[_w p ʃ e s ]_w
[_w n a m i ]_w
[_w t e ʃ ]_w
[_w d a d a ]_w
[_w wʲ e z dʒ ]_w
[_w ʀ ɨ s ɨ ]_w
[_w m o ʀʲ u ]_w
[_w z ɨ tʃ e ]_w
[_w b o d a ]_w
[_w p a ʀ b ]_w
[_w k o l e ]_w
[_w b ʀ o t ]_w
[_w p ɨ d a ]_w
[_w s s w ]_w
[_w tʃ ɪ l a ]_w
[_w w o n e ]_w
[_w ʀ ɪ k a ]_w
[_w m ɪ w a ]_w
[_w d o p o ]_w
[_w s u x e ]_w
[_w mʲ e n a ]_w
[_w tʃ ɪ tʃ o ]_w
[_w s n a dʒ ]_w
[_w s p a tʃ ]_w
[_w j ɪ tʃ ]_w
[_w b o ʒ i ]_w
[_w m a p a ]_w
[_w t u ʒ e ]_w
[_w ʀ o z d ]_w
[_w d a t ɨ ]_w
[_w p o j a ]_w
[_w p s ɨ k ]_w
[_w x ʊ ʀ ɨ ]_w
[_w m ɪ tʃ ]_w
[_w ʃ t o m ]_w
[_w b o h a ]_w
[_w dʒ ɪ d ]_w
[_w l u d ]_w
[_w m a m ]_w
[_w p o t a ]_w
[_w w u j ]_w
[_w m u ʒ ]_w
[_w l n t ]_w
[_w n a n a ]_w
[_w t o m u ]_w
[_w k i t o ]_w
[_w k ʀ i t ]_w
[_w w u s ɨ ]_w
[_w m ʊ ʃ a ]_w
[_w x l ɪ p ]_w
[_w j a n ]_w
[_w z e p i ]_w
[_w ʃ i w a ]_w
[_w h ʀ ɨ ]_w
[_w ʀ a z e ]_w
[_w l o k a ]_w
[_w w ɨ ʃ e ]_w
[_w s a t a ]_w
[_w m ʊ ʒ a ]_w
[_w ʀ ɪ tʃ a ]_w
[_w m ʊ ʒ u ]_w
[_w j e h o ]_w
[_w d e j ]_w
[_w wʲ e dʒ e ]_w
[_w m ʊ ʃ u ]_w
[_w w u ts e ]_w
[_w ʀ ɪ t k ]_w
[_w bʲ e dʒ a ]_w
[_w ts u s ɨ ]_w
[_w h w ʊ s ]_w
[_w nʲ e bʲ u ]_w
[_w d a k ]_w
[_w a p o ]_w
[_w b ɨ x ]_w
[_w dʒ ɪ l u ]_w
[_w s e l e ]_w
[_w b o dʒ a ]_w
[_w z e dʒ a ]_w
[_w n a ʃ ]_w
[_w t i t u ]_w
[_w b ɨ d a ]_w
[_w b o h u ]_w
[_w z d a d ]_w
[_w l u t u ]_w
[_w s ɨ dʒ e ]_w
[_w n a ʒ e ]_w
[_w w ʃ a k ]_w
[_w d e l l ]_w
[_w h o dʒ a ]_w
[_w tʃ a s ɨ ]_w
[_w b ʊ h ]_w
[_w d e m u ]_w
[_w t u dʒ i ]_w
[_w w ɪ z dʒ ]_w
[_w p o t ]_w
[_w ʀ ɪ ts ɨ ]_w
[_w z t a w ]_w
[_w m a dʒ e ]_w
[_w w o ʒ a ]_w
[_w h u p ɨ ]_w
[_w p a tʃ e ]_w
[_w ts o o l ]_w
[_w d u ʃ ]_w
[_w m a tʃ e ]_w
[_w dʒ i x i ]_w
[_w z ɨ n a ]_w
[_w ʀ ɪ dʒ a ]_w
[_w z d a tʃ ]_w
[_w i s a ]_w
[_w ʀ o z dʒ ]_w
[_w d u l e ]_w
[_w tʃ i n i ]_w
[_w m a dʒ ]_w
[_w ʀ u k u ]_w
[_w d w o ʀ ]_w
[_w ʀ u nʲ a ]_w
[_w dʒ i nʲ e ]_w
[_w nʲ e h o ]_w
[_w ʀ u m a ]_w
[_w tʃ ɪ x ]_w
[_w l u p ɨ ]_w
[_w k nʲ e z ]_w
[_w s a h e ]_w
[_w tʃ ɪ t ]_w
[_w k i ʃ ]_w
[_w l ɪ s ]_w
[_w s ɨ n a ]_w
[_w t ɨ p ]_w
[_w f i i i ]_w
[_w u n t ]_w
[_w p o d ]_w
[_w ʀ a tʃ e ]_w
[_w w a ʒ e ]_w
[_w ʀ ʊ ʃ a ]_w
[_w j ʊ n u ]_w
[_w pʲ e s ]_w
[_w wʲ e l e ]_w
[_w d e ʃ ]_w
[_w s m ɪ ʀ ]_w
[_w w z ɨ ]_w
[_w i s p n ]_w
[_w h o tʃ a ]_w
[_w h l a t ]_w
[_w ʀ o s a ]_w
[_w p ʀ e dʒ ]_w
[_w ts ɨ ʒ ]_w
[_w s a d ɨ ]_w
[_w w o t ɨ ]_w
[_w p o d a ]_w
[_w w i tʃ e ]_w
[_w t u t a ]_w
[_w z a m e ]_w
[_w j e l i ]_w
[_w p ʊ d u ]_w
[_w t e ʀ ]_w
[_w h ʀ u ]_w
[_w x o dʒ e ]_w
[_w b ʀ e dʒ ]_w
[_w n a j e ]_w
[_w d o mʲ e ]_w
[_w ʀ u ts e ]_w
[_w tʃ ɪ w a ]_w
[_w dʒ ɪ w a ]_w
[_w z u l e ]_w
[_w d a s ]_w
[_w t o mʲ e ]_w
[_w tʃ ɪ w u ]_w
[_w d a dʒ ]_w
[_w d u tʃ i ]_w
[_w i n a ]_w
[_w ts u z a ]_w
[_w k ʀ u d ]_w
[_w d o p ɨ ]_w
[_w bʲ e ʀ a ]_w
[_w dʒ ɪ dʒ i ]_w
[_w x ts e ʃ ]_w
[_w m a w u ]_w
[_w d w ʊ ʀ ]_w
[_w w i k i ]_w
[_w p o l u ]_w
[_w ʃ i w ɨ ]_w
[_w m ɪ ʀ u ]_w
[_w l e ʒ a ]_w
[_w d ɨ p a ]_w
[_w p e n a ]_w
[_w h o s tʃ ]_w
[_w dʒ e n s ]_w
[_w h u p u ]_w
[_w u n d ]_w
[_w b l a n ]_w
[_w w i k a ]_w
[_w l u b i ]_w
[_w d ʀ ʊ n ]_w
[_w w o z u ]_w
[_w k a k ]_w
[_w bʲ e s ]_w
[_w k o ʒ u ]_w
[_w s a t ɨ ]_w
[_w s a m ɨ ]_w
[_w p ɨ w o ]_w
[_w w o k a ]_w
[_w l ɪ s a ]_w
[_w a w t a ]_w
[_w w ɪ z o ]_w
[_w s t o w ]_w
[_w z e mʲ a ]_w
[_w s e j ]_w
[_w ʒ a t a ]_w
[_w d ɨ p ]_w
[_w k u p ɨ ]_w
[_w x ts ɨ w ]_w
[_w wʲ a ts ]_w
[_w j e j u ]_w
[_w dʒ ɪ d a ]_w
[_w dʒ ɪ t a ]_w
[_w w ɪ ʀ ɨ ]_w
[_w a k o ]_w
[_w w u h ]_w
[_w d o m a ]_w
[_w d o s tʃ ]_w
[_w b o l a ]_w
[_w d tʃ i ]_w
[_w n a k w ]_w
[_w ʀ l a ]_w
[_w w a s ]_w
[_w p ʃ a w ]_w
[_w j i m ]_w
[_w ʃ t o ʒ ]_w
[_w w a ʒ ]_w
[_w i z b n ]_w
[_w d o p u ]_w
[_w l ɪ z a ]_w
[_w n o ts ɨ ]_w
[_w s ɨ tʃ e ]_w
[_w p o l o ]_w
[_w tʃ i d a ]_w
[_w p ʀ i ]_w
[_w j e j ]_w
[_w tʃ i w ]_w
[_w w a ʃ ]_w
[_w k a ʃ ]_w
[_w d i d ɨ ]_w
[_w d e s ]_w
[_w z t a tʃ ]_w
[_w k nʲ e s ]_w
[_w s u l i ]_w
[_w t o l a ]_w
[_w p u t u ]_w
[_w b i j a ]_w
[_w a z i j ]_w
[_w s t w o ]_w
[_w b o k ]_w
[_w m u ʒ i ]_w
[_w d u ʃ u ]_w
[_w ʒ d ʊ ʒ ]_w
[_w tʃ a k ]_w
[_w p ɪ x ]_w
[_w dʒ a z u ]_w
[_w p u dʒ a ]_w
[_w s t a dʒ ]_w
[_w f u e n ]_w
[_w ʒ d o m ]_w
[_w w i dʒ i ]_w
[_w s a m i ]_w
[_w a n i ]_w
[_w p u tʃ ]_w
[_w p l a n ]_w
[_w p o k u ]_w
[_w w u k a ]_w
[_w a w tʃ e ]_w
[_w w i t a ]_w
[_w ʀ ɪ ts e ]_w
[_w t a x u ]_w
[_w d ʊ n ]_w
[_w n i x ]_w
[_w n a n ]_w
[_w tʃ ɪ x u ]_w
[_w u s a ]_w
[_w t u t e ]_w
[_w s ɨ m ɨ ]_w
[_w w ʃ ʊ n ]_w
[_w h w ʊ z ]_w
[_w p a s ɨ ]_w
[_w p ʊ dʒ e ]_w
[_w d a w a ]_w
[_w w z o w ]_w
[_w t o m a ]_w
[_w t ɨ p ɡ ]_w
[_w z a m o ]_w
[_w d ʀ u ʃ ]_w
[_w ʀ a d a ]_w
[_w tʃ a h ]_w
[_w ʀ ɪ ts ]_w
[_w b u x u ]_w
[_w l e ʃ a ]_w
[_w d a j ]_w
[_w i n f o ]_w
[_w i z a ]_w
[_w d w a ʀ ]_w
[_w b ɪ w ɨ ]_w
[_w d e z ]_w
[_w p ɪ ʒ e ]_w
[_w w ʊ d ]_w
[_w p u tʃ e ]_w
[_w t ɨ p a ]_w
[_w ʀ ɪ tʃ ]_w
[_w h a n a ]_w
[_w d a t t ]_w
[_w n i ts ]_w
[_w p ʊ h ]_w
[_w m a w o ]_w
[_w w ɪ ʀ a ]_w
[_w n i tʃ o ]_w
[_w s m ɨ ]_w
[_w ʀ a d u ]_w
[_w ʀʲ e ts ]_w
[_w d o d a ]_w
[_w ʀ ʊ l u ]_w
[_w m ɪ l i ]_w
[_w p o ʒ u ]_w
[_w f o t o ]_w
[_w tʃ a ʀ ɨ ]_w
[_w d n ɨ ]_w
[_w s t w ɪ ]_w
[_w t a j ]_w
[_w t tʃ i ]_w
[_w t a m ]_w
[_w tʃ i x i ]_w
[_w d e j e ]_w
[_w z w ɪ t ]_w
[_w w ɪ ʀ u ]_w
[_w p a m ʃ ]_w
[_w s k ʊ d ]_w
[_w p o ʀ ]_w
[_w s a ɨ s ]_w
[_w w o z a ]_w
[_w p o j u ]_w
[_w d e m a ]_w
[_w b o s tʃ ]_w
[_w wʲ e d u ]_w
[_w p ʃ i t ]_w
[_w ʀ ʊ t ]_w
[_w w o l i ]_w
[_w p o ʀ a ]_w
[_w w ʃ ɪ ]_w
[_w t u ʀʲ e ]_w
[_w k o h o ]_w
[_w t ʀ ʊ n ]_w
[_w t o p u ]_w
[_w t o mʲ a ]_w
[_w h i n ts ]_w
[_w j ɪ dʒ ]_w
[_w pʲ e s e ]_w
[_w w i t ]_w
[_w d e l ]_w
[_w w i dʒ a ]_w
[_w p o ʃ a ]_w
[_w b ɪ ʃ i ]_w
[_w z e j ]_w
[_w m o ts ɨ ]_w
[_w t w ʊ ʀ ]_w
[_w j e w i ]_w
[_w tʃ ɪ l u ]_w
[_w m n i ]_w
[_w ʒ u b ɨ ]_w
[_w b a t ]_w
[_w s a d a ]_w
[_w d a tʃ ]_w
[_w s t o ]_w
[_w l ɪ z ]_w
[_w h i ʃ o ]_w
[_w dʒ e nʲ ]_w
[_w bʲ e z ]_w
[_w k u bʲ e ]_w
[_w j e m ]_w
[_w w o t ]_w
[_w z e m i ]_w
[_w s t a ]_w
[_w d o m u ]_w
[_w z o p u ]_w
[_w dʒ a h ]_w
[_w ʃ i w i ]_w
[_w ʀ ɪ dʒ ]_w
[_w bʲ a t k ]_w
[_w x ts e ]_w
[_w s a s o ]_w
[_w dʒ u j e ]_w
[_w z dʒ e ]_w
[_w tʃ i m ʒ ]_w
[_w h o d ɨ ]_w
[_w p a w k ]_w
[_w ts ɨ w ɡ ]_w
[_w dʒ a z a ]_w
[_w l e ʃ i ]_w
[_w ʒ u l i ]_w
[_w n o s e ]_w
[_w f o d a ]_w
[_w k i d a ]_w
[_w d a tʃ a ]_w
[_w w s ɨ ]_w
[_w s t ʀ ]_w
[_w ʀʲ a n u ]_w
[_w k u b ɨ ]_w
[_w p ʀ o t ]_w
[_w p o z dʒ ]_w
[_w t o z dʒ ]_w
[_w w o s a ]_w
[_w w o l a ]_w
[_w w s a x ]_w
[_w k u pʲ e ]_w
[_w p a dʒ e ]_w
[_w d o h o ]_w
[_w j o h o ]_w
[_w w o t a ]_w
[_w m ɪ ʀ a ]_w
[_w ʃ e nʲ e ]_w
[_w p ɨ x ]_w
[_w n ʊ ts ]_w
[_w nʲ e s u ]_w
[_w k ʀ o ɡ ]_w
[_w n d ʀ ]_w
[_w d o p a ]_w
[_w w ʊ tʃ ]_w
[_w d i d u ]_w
[_w z ɨ m u ]_w
[_w l ɪ s u ]_w
[_w m i n ]_w
[_w s l ɪ ]_w
[_w b ɪ x u ]_w
[_w j u h ]_w
[_w x o tʃ e ]_w
[_w b o tʃ a ]_w
[_w ʒ d ʊ ]_w
[_w l ɪ dʒ o ]_w
[_w pʲ a d k ]_w
[_w s e m ]_w
[_w k nʲ e ʃ ]_w
[_w d i t ɨ ]_w
[_w z u m ]_w
[_w pʲ e ʀ a ]_w
[_w z l ɪ ]_w
[_w z m ɪ ʀ ]_w
[_w ʒ o n u ]_w
[_w ʀ o m a ]_w
[_w b a w k ]_w
[_w s w ɪ t ]_w
[_w t i m o ]_w
[_w s n o w ]_w
[_w j e n tʃ ]_w
[_w p a m ʒ ]_w
[_w m u ʒ a ]_w
[_w d u t e ]_w
[_w s ʊ n ]_w
[_w w u nʲ tʃ ]_w
[_w z a m a ]_w
[_w b u dʒ e ]_w
[_w k i tʃ a ]_w
[_w n a d ]_w
[_w ʒ n ɪ ]_w
[_w p l o ɡ ]_w
[_w ʀ ts w ]_w
[_w k a b ]_w
[_w w i d a ]_w
[_w b w ʊ d ]_w
[_w l e ʒ i ]_w
[_w d i e ]_w
[_w t nʲ e j ]_w
[_w s k a s ]_w
[_w j ɪ dʒ i ]_w
[_w ts u z ɨ ]_w
[_w z d o w ]_w
[_w d ɨ p ɡ ]_w
[_w ʀ a s u ]_w
[_w j ɪ tʃ i ]_w
[_w z k a z ]_w
[_w ʀ e j e ]_w
[_w n a j u ]_w
[_w s t o z ]_w
[_w dʒ i ʒ dʒ ]_w
[_w t o h o ]_w
[_w w ɪ ʃ ]_w
[_w k ʃ i ʃ ]_w
[_w p l u s ]_w
[_w s t a tʃ ]_w
[_w t w a ʀ ]_w
[_w m u ʃ ]_w
[_w z a ɨ s ]_w
[_w b o ʒ u ]_w
[_w nʲ e x a ]_w
[_w k a l i ]_w
[_w z e mʲ e ]_w
[_w x ʊ ʀ ]_w
[_w p ʊ l e ]_w
[_w p w ʊ d ]_w
[_w j u ʀʲ a ]_w
[_w x o tʃ i ]_w
[_w d ɨ x ]_w
[_w ʃ o n ɨ ]_w
[_w w o s u ]_w
[_w p ʃ e z ]_w
[_w d l a ]_w
[_w a t d ]_w
[_w n ɪ m ]_w
[_w m a w a ]_w
[_w z t a t ]_w
[_w ʃ i t o ]_w
[_w w o nʲ a ]_w
[_w d a ʀ ]_w
[_w h ʀ ʊ t ]_w
[_w s mʲ e dʒ ]_w
[_w ʀ a z u ]_w
[_w p i ʒ e ]_w
[_w s ɨ dʒ i ]_w
[_w h dʒ e ʒ ]_w
[_w t nʲ a ]_w
[_w s n a tʃ ]_w
[_w h o ʀ u ]_w
[_w ʀ a s ɨ ]_w
[_w z e l e ]_w
[_w p ʃ i d ]_w
[_w m ɨ d a ]_w
[_w ts a s ]_w
[_w t ʃ o ]_w
[_w z d u p ]_w
[_w l ɪ t ]_w
[_w d i m o ]_w
[_w h i tʃ ]_w
[_w t a s ]_w
[_w b e n a ]_w
[_w d u ʒ e ]_w
[_w h u b ɨ ]_w
[_w p e n o ]_w
[_w e u ʀ ]_w
[_w s t a j ]_w
[_w h a ts ]_w
[_w m ɪ ʀʲ e ]_w
[_w ʀ a d ɨ ]_w
[_w dʒ i m ʃ ]_w
[_w k a j ]_w
[_w t u x ]_w
[_w d w ɪ ]_w
[_w s e dʒ i ]_w
[_w t ɨ p k ]_w
[_w x ts u ]_w
[_w b ɨ l i ]_w
[_w t ʃ o x ]_w
[_w m ɪ dʒ ]_w
[_w l ɪ d ]_w
[_w b ɪ h u ]_w
[_w z e mʲ u ]_w
[_w t a d ɨ ]_w
[_w s t o s ]_w
[_w z u x ɨ ]_w
[_w m a ʀʲ a ]_w
[_w z o m ]_w
[_w j a m ɨ ]_w
[_w w ʊ tʃ e ]_w
[_w z k ʊ t ]_w
[_w dʒ i m ]_w
[_w k o ʒ e ]_w
[_w tʃ a ʀ a ]_w
[_w w a bʲ e ]_w
[_w z d u b ]_w
[_w t o b o ]_w
[_w w ɪ t a ]_w
[_w b a k ]_w
[_w h o t ɨ ]_w
[_w p ɪ d ʀ ]_w
[_w bʲ e s e ]_w
[_w m ʊ ts ]_w
[_w ʀʲ a d ]_w
[_w d nʲ u ]_w
[_w w ʃ e j ]_w
[_w z b ɪ x ]_w
[_w m a b a ]_w
[_w j e j e ]_w
[_w pʲ a t k ]_w
[_w v i l m ]_w
[_w k o nʲ a ]_w
[_w tʃ ɪ dʒ i ]_w
[_w t u a l ]_w
[_w ʒ i w a ]_w
[_w z ɨ dʒ e ]_w
[_w f o dʒ e ]_w
[_w t u tʃ i ]_w
[_w tʃ i m ʃ ]_w
[_w w ɪ ʀʲ e ]_w
[_w h ʀ a tʃ ]_w
[_w ʃ t o ʃ ]_w
[_w d o m ]_w
[_w n o w u ]_w
[_w b ɨ w o ]_w
[_w d ɨ m ]_w
[_w t nʲ u ]_w
[_w p ɪ t ʀ ]_w
[_w z ɨ mʲ e ]_w
[_w s m ɪ ]_w
[_w mʲ e nʲ e ]_w
[_w t e l e ]_w
[_w t o l e ]_w
[_w ʃ ɪ s tʃ ]_w
[_w b ʀ o d ]_w
[_w j ɪ s tʃ ]_w
[_w h u p a ]_w
[_w w o dʒ o ]_w
[_w dʒ i w ]_w
[_w tʃ ɪ w ]_w
[_w d nʲ a x ]_w
[_w ʀ e z p ]_w
[_w d u p ]_w
[_w k u z k ]_w
[_w l u b ɨ ]_w
[_w w z a w ]_w
[_w dʒ ɪ w u ]_w
[_w p i ʃ e ]_w
[_w l u tʃ e ]_w
[_w tʃ ɪ l ]_w
[_w x ts e ʒ ]_w
[_w z e j m ]_w
[_w t o t a ]_w
[_w z a tʃ e ]_w
[_w s a h a ]_w
[_w t u l e ]_w
[_w z o ʀ a ]_w
[_w p o k ]_w
[_w ʀ ɪ d k ]_w
[_w w u nʲ dʒ ]_w
[_w n a s ]_w
[_w b ɪ x ]_w
[_w s a e ɡ ]_w
[_w ʀ e z b ]_w
[_w ʀ ɪ tʃ i ]_w
[_w n ʊ s ]_w
[_w s ɨ mʲ e ]_w
[_w k i s ]_w
[_w dʒ a s ɨ ]_w
[_w ts u z e ]_w
[_w ʀ e s p ]_w
[_w z t e j ]_w
[_w d a m ]_w
[_w w ʊ t ]_w
[_w d ɨ p k ]_w
[_w pʲ e z e ]_w
[_w b ɪ w a ]_w
[_w z b a tʃ ]_w
[_w wʲ e t u ]_w
[_w l u dʒ o ]_w
[_w k ʀ u t ]_w
[_w w s a ]_w
[_w k i t a ]_w
[_w s a m e ]_w
[_w d o l a ]_w
[_w t a w ]_w
[_w b ʃ i ]_w
[_w ʒ e f ]_w
[_w l ɪ tʃ u ]_w
[_w p u dʒ ]_w
[_w s u l e ]_w
[_w s k a z ]_w
[_w n i dʒ o ]_w
[_w ʀ ɪ dʒ e ]_w
[_w p u dʒ e ]_w
[_w m t ʀ ]_w
[_w t i t ɨ ]_w
[_w z o b u ]_w
[_w m ɪ ʀ ]_w
[_w ʃ k i d ]_w
[_w d u x ]_w
[_w tʃ a z ɨ ]_w
[_w tʃ a z ]_w
[_w t ɨ m ]_w
[_w j ɪ z dʒ ]_w
[_w tʃ i ʃ tʃ ]_w
[_w nʲ e t a ]_w
[_w ʃ o n u ]_w
[_w ʃ u l i ]_w
[_w nʲ e m u ]_w
[_w d e ʀʲ e ]_w
[_w pʲ e dʒ ]_w
[_w z b ɪ w ]_w
[_w d u a l ]_w
[_w z ɨ m a ]_w
[_w s e bʲ e ]_w
[_w b o ʀ a ]_w
[_w b o z dʒ ]_w
[_w wʲ e l a ]_w
[_w ɡ ʀ u d ]_w
[_w w s a tʃ ]_w
[_w j ɪ dʒ e ]_w
[_w z m ɨ ]_w
[_w z n o w ]_w
[_w j a ʀ a ]_w
[_w x o dʒ a ]_w
[_w t o d a ]_w
[_w s a e k ]_w
[_w t u d e ]_w
[_w s t w ɨ ]_w
[_w s n ɪ h ]_w
[_w t ʀ u ʃ ]_w
[_w tʃ o ʃ ]_w
[_w ʃ a d a ]_w
[_w p i z a ]_w
[_w m ɨ t o ]_w
[_w b ɨ t a ]_w
[_w w ʃ u ]_w
[_w z ɨ dʒ ]_w
[_w b l o ɡ ]_w
[_w z p ɪ w ]_w
[_w t nʲ o w ]_w
[_w s e mʲ u ]_w
[_w h a dʒ ]_w
[_w p i j a ]_w
[_w n s l tʃ ]_w
[_w w o ʀ a ]_w
[_w dʒ a s a ]_w
[_w ʒ i w e ]_w
[_w ʀ a dʒ e ]_w
[_w j p k ]_w
[_w s e tʃ a ]_w
[_w w o d u ]_w
[_w d a l i ]_w
[_w b a ʀ t ]_w
[_w b o l o ]_w
[_w ʀ a s e ]_w
[_w w o n ]_w
[_w n u k ]_w
[_w b o ʒ a ]_w
[_w h i ʒ o ]_w
[_w m ɪ n i ]_w
[_w ɡ i t a ]_w
[_w w ɪ s tʃ ]_w
[_w k ʀ o k ]_w
[_w b ʊ d ɨ ]_w
[_w m ɨ z l ]_w
[_w ʒ k i d ]_w
[_w b ʃ e ]_w
[_w nʲ e p ɨ ]_w
[_w p ɪ ʃ i ]_w
[_w t u x a ]_w
[_w b u dʒ a ]_w
[_w p ʃ e ]_w
[_w w o d e ]_w
[_w t e z ]_w
[_w s ʀʲ e tʃ ]_w
[_w x o dʒ i ]_w
[_w d a d t ]_w
[_w t u ʀ i ]_w
[_w b ʀ e tʃ ]_w
[_w z ɨ m ɨ ]_w
[_w b ɪ ʒ e ]_w
[_w b o l u ]_w
[_w n u d ʃ ]_w
[_w t a l i ]_w
[_w t e m a ]_w
[_w ʀ a t u ]_w
[_w n a n e ]_w
[_w ʒ d o ʒ ]_w
[_w ʃ u b ɨ ]_w
[_w w ɪ d u ]_w
[_w ts i l ]_w
[_w t o b u ]_w
[_w b a d ]_w
[_w dʒ e ʒ e ]_w
[_w s p t ]_w
[_w mʲ a s o ]_w
[_w d e bʲ e ]_w
[_w tʃ ɪ ʃ e ]_w
[_w h o tʃ ]_w
[_w dʒ a k a ]_w
[_w f o t a ]_w
[_w j a n k ]_w
[_w l u dʒ i ]_w
[_w ʃ i t a ]_w
[_w t e m ɨ ]_w
[_w a w d a ]_w
[_w z d o s ]_w
[_w tʃ a s u ]_w
[_w k a ʒ ]_w
[_w w o t u ]_w
[_w ʃ i d o ]_w
[_w m u ʃ i ]_w
[_w w i dʒ e ]_w
[_w z m ʊ j ]_w
[_w k a p ]_w
[_w b ɪ h ]_w
[_w l ɪ dʒ u ]_w
[_w d o b u ]_w
[_w t ɨ j e ]_w
[_w p a d ]_w
[_w ʀ ʊ d ]_w
[_w w z a x ]_w
[_w dʒ ɪ tʃ o ]_w
[_w l e ʒ o ]_w
[_w s a z ]_w
[_w ɡ ʀ a j ]_w
[_w u z a ]_w
[_w bʲ a d k ]_w
[_w pʲ e tʃ ]_w
[_w z a h e ]_w
[_w w u ʒ a ]_w
[_w s a dʒ e ]_w
[_w z p ɪ x ]_w
[_w ʀ a nʲ e ]_w
[_w s ɨ m a ]_w
[_w h ʀ a dʒ ]_w
[_w z a m ɨ ]_w
[_w ʀ ɪ k u ]_w
[_w s b ɪ w ]_w
[_w z w ɪ d ]_w
[_w b o d ]_w
[_w t e l ]_w
[_w f o tʃ e ]_w
[_w bʲ e ʀʲ e ]_w
[_w z d i l ]_w
[_w w z a tʃ ]_w
[_w m ɪ w ]_w
[_w ʀ a z ]_w
[_w s t i l ]_w
[_w s a tʃ e ]_w
[_w v o t o ]_w
[_w l u d u ]_w
[_w m ʊ s t ]_w
[_w a ʀ t ]_w
[_w t u t u ]_w
[_w ʀʲ a t ]_w
[_w t a ʀ ]_w
[_w ɡ u ʀ s ]_w
[_w b l u z ]_w
[_w t a t ɨ ]_w
[_w b u tʃ a ]_w
[_w z d w ɪ ]_w
[_w ts ɨ w u ]_w
[_w h i s o ]_w
[_w dʒ i n ]_w
[_w b ʀ i ]_w
[_w b ʊ j ]_w
[_w dʒ a ʀ a ]_w
[_w m l ʊ tʃ ]_w
[_w ʀ a n o ]_w
[_w w ɪ d ɨ ]_w
[_w w s t a ]_w
[_w w o tʃ e ]_w
[_w b o k u ]_w
[_w z t a d ]_w
[_w b e n o ]_w
[_w ʒ i d a ]_w
[_w t u ʒ ]_w
[_w d o z dʒ ]_w
[_w ʒ i w i ]_w
[_w t a w k ]_w
[_w ʀ u k i ]_w
[_w ʀ ɪ dʒ u ]_w
[_w b ʃ e z ]_w
[_w n a z e ]_w
[_w p ʀ o d ]_w
[_w x o tʃ a ]_w
[_w p e w o ]_w
[_w w ɪ ʃ e ]_w
[_w l n d ]_w
[_w b ɪ d ʀ ]_w
[_w s t u b ]_w
[_w z p a dʒ ]_w
[_w b ʃ a w ]_w
[_w dʒ i nʲ a ]_w
[_w tʃ ɪ t a ]_w
[_w b u tʃ u ]_w
[_w p ɪ h u ]_w
[_w k i d o ]_w
[_w tʃ i nʲ e ]_w
[_w p ɨ l i ]_w
[_w w ɨ ʒ e ]_w
[_w d u d a ]_w
[_w s e tʃ o ]_w
[_w n a h e ]_w
[_w b ʊ l e ]_w
[_w ʒ a n e ]_w
[_w ɡ u p a ]_w
[_w w o dʒ i ]_w
[_w b u dʒ u ]_w
[_w w o d ]_w
[_w p u tʃ a ]_w
[_w f a z ɨ ]_w
[_w ʀ o z a ]_w
[_w z t u b ]_w
[_w b ɪ t ʀ ]_w
[_w t a dʒ a ]_w
[_w tʃ e ʃ e ]_w
[_w b ʊ t ɨ ]_w
[_w w i d ]_w
[_w tʃ e ʒ e ]_w
[_w m u ʃ a ]_w
[_w b o k o ]_w
[_w w z a ]_w
[_w k a s ]_w
[_w h ʀ a ]_w
[_w k ʀ ʊ dʒ ]_w
[_w mʲ e z ɨ ]_w
[_w l u t a ]_w
[_w k o x ]_w
[_w s e mʲ e ]_w
[_w t nʲ a x ]_w
[_w z e dʒ o ]_w
[_w k u s k ]_w
[_w l ʊ ʒ d ]_w
[_w w ʃ ɪ x ]_w
[_w t u d u ]_w
[_w dʒ ɪ l a ]_w
[_w m ɨ d o ]_w
[_w k o ʃ u ]_w
[_w a s i j ]_w
[_w z ɨ n ]_w
[_w p a d a ]_w
[_w k ʃ i ʒ ]_w
[_w b u tʃ ]_w
[_w l ɪ dʒ e ]_w
[_w w i dʒ u ]_w
[_w f o d o ]_w
[_w d u dʒ i ]_w
[_w w ɪ ʒ u ]_w
[_w ʀʲ a t a ]_w
[_w nʲ e z e ]_w
[_w w ɪ dʒ e ]_w
[_w n a ʒ u ]_w
[_w ʀ a j a ]_w
[_w s o b u ]_w
[_w z d ʀ ]_w
[_w b u tʃ e ]_w
[_w dʒ o l e ]_w
[_w h o dʒ ]_w
[_w t e l l ]_w
[_w z t o ]_w
[_w b o t ]_w
[_w s o ʀ a ]_w
[_w w ɪ d a ]_w
[_w ʃ u p ɨ ]_w
[_w b a d a ]_w
[_w z e m ]_w
[_w z m ɪ ]_w
[_w d f t ]_w
[_w a ʀ d ]_w
[_w v a s ɨ ]_w
[_w tʃ i nʲ a ]_w
[_w b e w o ]_w
[_w w ɪ t ɨ ]_w
[_w b l u s ]_w
[_w t e j ]_w
[_w ʀʲ a d a ]_w
[_w z e l o ]_w
[_w dʒ ɪ t ]_w
[_w k u ʀ z ]_w
[_w z n ɪ h ]_w
[_w p ʀ e z ]_w
[_w z p a tʃ ]_w
[_w z t a ]_w
[_w n a ʃ u ]_w
[_w dʒ a s u ]_w
[_w ʒ a n u ]_w
[_w d e b i ]_w
[_w t o m ]_w
[_w z d a dʒ ]_w
[_w s e dʒ a ]_w
[_w d e ʒ ]_w
[_w nʲ e s e ]_w
[_w d v d ]_w
[_w ʃ i d a ]_w
[_w w ɪ ʒ e ]_w
[_w dʒ ɪ x ]_w
[_w m ʊ z d ]_w
[_w tʃ o ʒ ]_w
[_w b a t ɨ ]_w
[_w t a tʃ a ]_w
[_w s a d u ]_w
[_w m i t ]_w
[_w z t i l ]_w
[_w z l a ]_w
[_w p ɪ h ]_w
[_w s ɨ dʒ ]_w
[_w ɡ ʀ a l ]_w
[_w t o p ɨ ]_w
[_w dʒ ɪ x u ]_w
[_w l ɪ tʃ o ]_w
[_w w a pʲ e ]_w
[_w ʒ i t o ]_w
[_w m u k a ]_w
[_w z t o w ]_w
[_w bʲ e dʒ ]_w
[_w ʃ i j e ]_w
[_w d u b ]_w
[_w ɡ i tʃ a ]_w
[_w d a x u ]_w
[_w m l ʊ dʒ ]_w
[_w dʒ ɪ l i ]_w
[_w z e b i ]_w
[_w dʒ i m ʒ ]_w
[_w ɡ o w a ]_w
[_w ʀ u m ]_w
[_w d a t d ]_w
[_w h i z o ]_w
[_w b o ʃ i ]_w
[_w z e tʃ i ]_w
[_w dʒ e ʃ e ]_w
[_w k i ʒ ]_w
[_w t a ʀ ɨ ]_w
[_w z a d a ]_w
[_w h ʀ ʊ d ]_w
[_w b o j u ]_w
[_w z a t ɨ ]_w
[_w s u m ]_w
[_w dʒ a ʀ ɨ ]_w
[_w z t a j ]_w
[_w w ɪ t u ]_w
[_w b ʊ t u ]_w
[_w b ʊ d u ]_w
[_w b u dʒ ]_w
[_w b w ʊ t ]_w
[_w z p d ]_w
[_w s ɨ m u ]_w
[_w k ʀ i d ]_w
[_w h i dʒ ]_w
[_w p a t ]_w
[_w d e ɡ e ]_w
[_w dʒ ɪ w ]_w
[_w w i ɡ a ]_w
[_w j a n ɡ ]_w
[_w z a h a ]_w
[_w d u d u ]_w
[_w ɡ o ʒ u ]_w
[_w l u dʒ e ]_w
[_w m d ʀ ]_w
[_w m ʒ a ]_w
[_w z a z ]_w
[_w p ʀ a z ]_w
[_w z u x e ]_w
[_w w ɨ ʒ i ]_w
[_w p ʀ e tʃ ]_w
[_w p u dʒ u ]_w
[_w v o d a ]_w
[_w z e dʒ i ]_w
[_w p ʊ tʃ e ]_w
[_w z k a s ]_w
[_w p w ʊ t ]_w
[_w z t ʀ ]_w
[_w tʃ ɪ d ]_w
[_w d e m ɨ ]_w
[_w z d w o ]_w
[_w l e ʃ o ]_w
[_w z d o ]_w
[_w x l ɪ b ]_w
[_w b ʀ e s ]_w
[_w s k ʊ t ]_w
[_w t a t t ]_w
[_w b ɪ ʒ i ]_w
[_w t o s tʃ ]_w
[_w w z a dʒ ]_w
[_w p ʀ e s ]_w
[_w p o ʃ i ]_w
[_w t o p a ]_w
[_w b o ɡ ]_w
[_w d a d ɨ ]_w
[_w s ʃ t ]_w
[_w p ʀ a dʒ ]_w
[_w s a z ɨ ]_w
[_w ʒ e nʲ e ]_w
[_w j p ɡ ]_w
[_w t a t d ]_w
[_w b a m ʃ ]_w
[_w b s ɨ k ]_w
[_w n a z ]_w
[_w ts a z ]_w
[_w s mʲ e tʃ ]_w
[_w b i ʃ e ]_w
[_w z d w ɨ ]_w
[_w p d f ]_w
[_w s e dʒ o ]_w
[_w t u p ]_w
[_w m i d ]_w
[_w t u b ]_w
[_w t a dʒ ]_w
[_w t a tʃ ]_w
[_w k a z ]_w
[_w t e j e ]_w
[_w tʃ ɪ dʒ o ]_w
[_w s e tʃ i ]_w
[_w z a s o ]_w
[_w t e k e ]_w
[_w b a t a ]_w
[_w pʲ e z ]_w
[_w w o ʃ u ]_w
[_w p ʀ a s ]_w
[_w tʃ a z u ]_w
[_w b o ʃ e ]_w
[_w b o ʃ u ]_w
[_w w o p ]_w
[_w t a z ]_w
[_w s a m a ]_w
[_w p a t ɨ ]_w
[_w z e tʃ a ]_w
[_w d ʃ o ]_w
[_w d nʲ e j ]_w
[_w bʲ e tʃ a ]_w
[_w b ʀ a z ]_w
[_w p u x u ]_w
[_w d e k e ]_w
[_w ʒ i j e ]_w
[_w ɡ a k ]_w
[_w ʀ ɪ dʒ i ]_w
[_w ɡ o l e ]_w
[_w b a m ʒ ]_w
[_w ʒ a d a ]_w
[_w tʃ i ʒ dʒ ]_w
[_w p u tʃ u ]_w
[_w t ɨ m i ]_w
[_w ɡ u s k ]_w
[_w p o ɡ u ]_w
[_w z a e k ]_w
[_w w o tʃ i ]_w
[_w t e b i ]_w
[_w p ʊ t u ]_w
[_w d o pʲ e ]_w
[_w z e bʲ e ]_w
[_w p ʊ t ɨ ]_w
[_w ʀʲ a d u ]_w
[_w d ɨ m i ]_w
[_w l i z d ]_w
[_w s ɨ tʃ ]_w
[_w t e mʲ e ]_w
[_w tʃ ɪ d a ]_w
[_w m a ʒ ]_w
[_w n ʊ z ]_w
[_w b ʃ i d ]_w
[_w d a dʒ a ]_w
[_w b a ʀ d ]_w
[_w m ɨ t a ]_w
[_w z u l i ]_w
[_w w ʒ u ]_w
[_w k i z ]_w
[_w v a k t ]_w
[_w ɡ ʀ ʊ tʃ ]_w
[_w ʀ a t a ]_w
[_w b ʀ a s ]_w
[_w t i d ɨ ]_w
[_w bʲ e z e ]_w
[_w z t w ɨ ]_w
[_w p l u z ]_w
[_w z b a dʒ ]_w
[_w a w ɡ u ]_w
[_w n a t ]_w
[_w b o ɡ o ]_w
[_w s e p i ]_w
[_w n a ʒ ]_w
[_w z a z o ]_w
[_w t o b a ]_w
[_w z e tʃ o ]_w
[_w w z t a ]_w
[_w z s ʃ ]_w
[_w ʃ ɪ z dʒ ]_w
[_w h o z dʒ ]_w
[_w z a d u ]_w
[_w ʃ a n a ]_w
[_w z a s ɨ ]_w
[_w z a m i ]_w
[_w w ʒ o ]_w
[_w a w dʒ e ]_w
[_w dʒ a z ]_w
[_w s p d ]_w
[_w w u ʃ a ]_w
[_w ʃ t ʊ ʃ ]_w
[_w z a t a ]_w
[_w b ɨ x u ]_w
[_w l ʊ ʃ t ]_w
[_w ʒ i d o ]_w
[_w p ɨ dʒ ]_w
[_w l u p e ]_w
[_w z a t u ]_w
[_w b a dʒ e ]_w
[_w z a dʒ e ]_w
[_w w ʒ e j ]_w
[_w s a t u ]_w
[_w b ʀ a dʒ ]_w
[_w w ʒ ʊ n ]_w
[_w v o d o ]_w
[_w f d p ]_w
[_w dʒ ɪ ʒ e ]_w
[_w l o ɡ a ]_w
[_w b o ʀ ]_w
[_w w s a dʒ ]_w
[_w ɡ o p a ]_w
[_w ɡ ʀ u t ]_w
[_w t ɨ x ]_w
[_w b a d ɨ ]_w
[_w z a e ɡ ]_w
[_w ʀ e s b ]_w
[_w ʀ ɨ z ɨ ]_w
[_w s a z o ]_w
[_w d e p i ]_w
[_w z s w ]_w
[_w z k ʊ d ]_w
[_w tʃ ɪ ʒ e ]_w
[_w k e ʀ ɡ ]_w
[_w p a w ɡ ]_w
[_w w ʒ a k ]_w
[_w p ɨ tʃ ]_w
[_w b a z ɨ ]_w
[_w b o w ]_w
[_w b ʀ e z ]_w
[_w v i i i ]_w
[_w w ʊ dʒ ]_w
[_w b a tʃ e ]_w
[_w b u t u ]_w
[_w b a s ɨ ]_w
[_w ɡ a z ]_w
[_w s p a dʒ ]_w
[_w ɡ u pʲ e ]_w
[_w t u ʃ ]_w
[_w z p t ]_w
[_w b o ɡ u ]_w
[_w ɡ ʀ u h ]_w
[_w t a w ɡ ]_w
[_w d o b a ]_w
[_w ʒ d o ʃ ]_w
[_w v a z ɨ ]_w
[_w s t u p ]_w
[_w w ɪ ʒ ]_w
[_w t e p i ]_w
[_w d u ʃ e ]_w
[_w b a w ɡ ]_w
[_w b ʊ tʃ e ]_w
[_w z t w o ]_w
[_w ɡ i s ]_w
[_w p o ʃ u ]_w
[_w w o ʃ a ]_w
[_w ɡ o x ]_w
[_w p ɪ ʒ i ]_w
[_w v o tʃ e ]_w
[_w t u ʒ u ]_w
[_w ɡ o nʲ a ]_w
[_w n p d ]_w
[_w ɡ u b ɨ ]_w
[_w ʒ i t a ]_w
[_w t e ɡ e ]_w
[_w z t w ɪ ]_w
[_w b ɨ dʒ ]_w
[_w t u ʃ u ]_w
[_w j e n dʒ ]_w
[_w z ɨ tʃ i ]_w
[_w v o n ]_w
[_w d a w ɡ ]_w
[_w ɡ ʀ e j ]_w
[_w dʒ a z ɨ ]_w
[_w i z p n ]_w
[_w n p t ]_w
[_w ɡ o b a ]_w
[_w t u ʃ e ]_w
[_w dʒ o ʃ ]_w
[_w p d v ]_w
[_w b ʊ dʒ e ]_w
[_w b ɨ tʃ ]_w
[_w ɡ i t o ]_w
[_w ɡ u b a ]_w
[_w z t a dʒ ]_w
[_w z d o z ]_w
[_w ɡ a j ]_w
[_w ɡ a ʃ ]_w
[_w h d ɨ z ]_w
[_w b u d u ]_w
[_w s b ɪ x ]_w
[_w z t o s ]_w
[_w ɡ u p ɨ ]_w
[_w ʒ d ʊ ʃ ]_w
[_w ɡ a b ]_w
[_w ɡ o h o ]_w
[_w ɡ ʀ o ɡ ]_w
[_w w i ɡ i ]_w
[_w ɡ a l i ]_w
[_w ɡ o ʃ e ]_w
[_w m ʊ z t ]_w
[_w p o ɡ ]_w
[_w v o dʒ e ]_w
[_w l i z t ]_w
[_w z t u p ]_w
[_w ɡ u z k ]_w
[_w v d p ]_w
[_w b i ʒ e ]_w
[_w ɡ e ʀ k ]_w
[_w ɡ ʀ o k ]_w
[_w ɡ ʀ i d ]_w
[_w ɡ a p ]_w
[_w b o ʃ a ]_w
[_w i s b n ]_w
[_w ɡ i ʃ ]_w
[_w s a ɨ z ]_w
[_w ɡ i d o ]_w
[_w ɡ a ʒ ]_w
[_w ɡ o ʒ e ]_w
[_w ɡ ʀ i t ]_w
[_w s b a tʃ ]_w
[_w ɡ i d a ]_w
[_w ɡ a s ]_w
[_w z a ɨ z ]_w
[_w z t o z ]_w
[_w v o t a ]_w
[_w ɡ o ʃ u ]_w
[_w ɡ u bʲ e ]_w
[_w ɡ ʀ ʊ dʒ ]_w
[_w ɡ i z ]_w
[_w ɡ e ʀ ɡ ]_w
[_w ɡ i dʒ a ]_w
[_w ɡ u ʀ z ]_w
[_w s b a dʒ ]_w
[_w ɡ i ʒ ]_w
