[_w i t a ʑ a ɡ ]_w
[_w t o t k ɑ n ]_w
[_w u s k ɑ n ]_w
[_w k ɑ f u ]_w
[_w o z d ɑ z ɤ ]_w
[_w y l e p ]_w
[_w r ɑ i l ]_w
[_w s ɑ r i p o w ɑ ]_w
[_w x i m i j ɑ ]_w
[_w ɑ z ɑ t ]_w
[_w ɑ n ɤ z ɤ ]_w
[_w k ɤ t ɑ j ]_w
[_w j e k e t e ]_w
[_w x a j r i j ɑ ]_w
[_w k ɑ j n ɤ ŋ ]_w
[_w j e l ɡ ɑ n ]_w
[_w x ɑ n ɤ m ]_w
[_w ʑ ɤ k t ɤ k ]_w
[_w z d ɑ r d u r ]_w
[_w b ɯ d ʒ e t ]_w
[_w ʑ ɤ r ]_w
[_w k ɑ l i m e ]_w
[_w ʃ u n n ɑ n ]_w
[_w ɑ n l ɑ r n ɤ ŋ ]_w
[_w ʃ i ɡ ]_w
[_w t ɑ r i x ɤ n ]_w
[_w x ɑ d ɤ n k ɤ z ]_w
[_w k y r e n e b ]_w
[_w i ʃ e d a n ]_w
[_w ɡ ɤ r ɤ m ]_w
[_w t u l ɤ p ]_w
[_w b e r s e n a ]_w
[_w j ɑ k n ɤ ]_w
[_w t u l u k ɑ ]_w
[_w k ø t e l a p ]_w
[_w k y r d e ]_w
[_w ʑ ø n ɡ i ]_w
[_w b ø t e n l e k ]_w
[_w ɑ l m ɤ j ]_w
[_w u ŋ ɤ ʃ l ɑ r ɤ ]_w
[_w s u m ɡ ɑ ]_w
[_w k e n a ]_w
[_w i s e m e n a ]_w
[_w k u ʃ l ɑ w ɤ ɕ ]_w
[_w ɑ l d ɑ k ɤ n ]_w
[_w k i l m a ɡ a r ]_w
[_w b ɑ ʃ k ɑ r u ]_w
[_w ʃ ɑ ɡ ɤ j t ʔ ]_w
[_w s o r ɤ j ]_w
[_w j ɑ ʃ e l ]_w
[_w k ɑ j ɑ ]_w
[_w b ɑ ʃ l ɑ d ɤ ]_w
[_w o e ʃ k ɑ n ]_w
[_w n o j ɑ p r ʔ ]_w
[_w s u s ɤ p ]_w
[_w t ø p ]_w
[_w i l f ɑ k ]_w
[_w a ɡ a r ]_w
[_w ɕ i r l e ]_w
[_w b ɑ r ɤ ʃ ɤ p ]_w
[_w t e l a ]_w
[_w x ø ɡ y m a t ]_w
[_w r u x ɤ n ɑ ]_w
[_w t i p ]_w
[_w ɡ i r a ɡ e ]_w
[_w b u l ɤ j ]_w
[_w b a j s e s ]_w
[_w ɑ ɕ ɤ ɡ ]_w
[_w i z e m l e ]_w
[_w j ɑ n a ʃ a ]_w
[_w i s e m n e ŋ ]_w
[_w k ɑ j ɑ n ]_w
[_w a s e r l e ]_w
[_w ɑ w ɤ l ɡ ɑ n ]_w
[_w ʃ a h a r ]_w
[_w t ɑ j ɑ n ]_w
[_w u l ɑ n ]_w
[_w e ɕ a ]_w
[_w s o ŋ ɡ ɤ ]_w
[_w ʑ ɤ l ɤ l ɤ k ]_w
[_w ɕ ɤ r l ɤ k ɤ n ]_w
[_w e ʃ l a r ]_w
[_w h i ʑ ]_w
[_w j e l ɤ n ɑ ]_w
[_w ɡ ɑ ɕ a p ]_w
[_w ɕ a ɕ ]_w
[_w b i l a p ]_w
[_w a l f i j ɑ ]_w
[_w ɕ ɑ k l ɤ ]_w
[_w k ø n n a r ]_w
[_w b u l u ]_w
[_w f a k ɑ t ʔ ]_w
[_w ɑ e r ɤ l ɤ p ]_w
[_w ɑ r ɑ s ɑ ]_w
[_w ɑ l l ɑ k ɑ n ]_w
[_w k ɑ j ɕ ɑ k ]_w
[_w t o r ɑ ]_w
[_w ʑ i d a r ]_w
[_w ɑ d a m ]_w
[_w u l ɤ n ]_w
[_w k y r s a t a ]_w
[_w l i l i j ]_w
[_w ʃ e ʃ ]_w
[_w ɑ ɕ ɤ l u ]_w
[_w a j t k a n ɕ e ]_w
[_w b ɑ ɡ ʑ ɑ z ɤ ]_w
[_w x ɑ l ɡ ɤ ʃ ]_w
[_w u n b i ʃ ]_w
[_w ɕ ɤ e p ]_w
[_w t e m ɑ ]_w
[_w ɯ k ɑ l d u ]_w
[_w m o ŋ l ɤ ]_w
[_w u z ɑ ʑ ɑ ɡ ]_w
[_w e l e k ]_w
[_w t u k t ɑ b ]_w
[_w b u l s ɑ ]_w
[_w ɑ x ɤ r ]_w
[_w m i n d i ]_w
[_w b u l ɤ r ɡ ɑ ]_w
[_w b u r ɤ ɕ ɤ n ]_w
[_w t u ŋ ɡ ɤ z ]_w
[_w b i l k e l e ɡ ]_w
[_w ɑ d ɑ ]_w
[_w d e p u t ɑ t ]_w
[_w j e k e t n e ]_w
[_w w ɑ ɡ ɤ t ]_w
[_w k e ʃ e z e ]_w
[_w w ɑ ɡ ɤ t t ɑ ]_w
[_w i t a r ]_w
[_w h a r ɡ e ]_w
[_w ʃ ɑ t ]_w
[_w s y z ]_w
[_w y t k a r y ]_w
[_w i t a m ]_w
[_w t y r d e m ]_w
[_w ɡ y ŋ e l e m ]_w
[_w j ɑ ʃ ʔ ]_w
[_w j ø ɡ e r a ]_w
[_w e ɕ a r k a ]_w
[_w b y l e ɡ e ]_w
[_w ɑ k ɑ t e r e p ]_w
[_w ɑ l l ɑ ]_w
[_w k ɑ l ɡ ɤ p ]_w
[_w m i l l a d ]_w
[_w d u z l ɤ ɡ ]_w
[_w a j t a ]_w
[_w i r e m ]_w
[_w x ɑ ɡ l ɤ ]_w
[_w b ɑ r m ɤ ]_w
[_w x ɑ t ɤ n n ɤ ]_w
[_w u r ɤ z l ɑ r ]_w
[_w ɑ ɕ ɤ l d ɤ r ]_w
[_w r ɑ j o n d ɑ ]_w
[_w y z a n ]_w
[_w k o r ɤ ]_w
[_w f i n ɑ n s ]_w
[_w y l e m ]_w
[_w j ø r t a ]_w
[_w k i r e ]_w
[_w k u l l ɑ r ɤ ]_w
[_w x a z r a t ]_w
[_w i t y n e ]_w
[_w y t t e ]_w
[_w m u z e j ]_w
[_w b a n ]_w
[_w z e b e z ]_w
[_w b u l m ɑ z ]_w
[_w b e l ɡ e ɕ e ]_w
[_w n o r ɑ d ɤ m ]_w
[_w s ɑ m ɑ n ]_w
[_w t a m ɑ m l ɤ j ]_w
[_w s ɤ z ɤ k ]_w
[_w i d ɑ r a ]_w
[_w i b i ]_w
[_w x ø k y m a d e ]_w
[_w ɑ r x i w ɤ ]_w
[_w ø z e l a ]_w
[_w b a l ɡ e m ]_w
[_w s ɑ r ɑ e ]_w
[_w x ɑ t ɑ ]_w
[_w ɡ e r e ʃ t e ]_w
[_w m i ŋ ɑ ]_w
[_w m ɑ r t ]_w
[_w b o l ɑ r ]_w
[_w k ɤ ɕ k ɤ r ɑ ]_w
[_w i ʃ e ɡ e n a ]_w
[_w u j l ɑ n ɤ ]_w
[_w n o m e r l ɤ ]_w
[_w i s e ]_w
[_w j ɑ p ɤ p ]_w
[_w x ɑ t ɤ n n ɑ n ]_w
[_w k ø l n ɑ r ɑ ]_w
[_w b u l ɤ r m ɤ ]_w
[_w ɑ w t o p u s ]_w
[_w ʃ u n d ɑ ]_w
[_w b u l ɤ r ]_w
[_w t u l ɑ j ]_w
[_w y s i t ɑ r a ]_w
[_w ɕ i ŋ y n e ŋ ]_w
[_w ɕ i r ]_w
[_w j o ɡ ɤ n d ɤ j ]_w
[_w ɑ l ɑ b u k ɑ t ]_w
[_w ɑ ɕ t ɤ ]_w
[_w u t ɤ s ]_w
[_w i s e m e ]_w
[_w i s a ]_w
[_w ʃ a x s a n ]_w
[_w x ɤ j ɑ l ]_w
[_w i k a n ]_w
[_w k ɤ r ]_w
[_w b ɑ s k ɑ n ]_w
[_w k ɑ r ɤ j ɡ ]_w
[_w k ɤ r ɤ s ]_w
[_w ɑ w t o r n ɤ ŋ ]_w
[_w ɕ i k ]_w
[_w m o ŋ s u ]_w
[_w j ɑ s ɑ p ]_w
[_w t a e s i r ]_w
[_w u ŋ ɤ ʃ l ɤ ]_w
[_w k e ʃ e l a r ]_w
[_w i s k e ]_w
[_w ɑ t ɤ p ]_w
[_w i d y t a ]_w
[_w y z e p e s k a ]_w
[_w u ŋ ɤ ʃ l ɑ r ]_w
[_w b i l ɡ e z e ]_w
[_w k ø n ɡ a ]_w
[_w ɑ j l ɤ ]_w
[_w ø ɕ e n ]_w
[_w h i m m a t ]_w
[_w a j t e r ɡ a n ]_w
[_w k o r ɑ l ]_w
[_w b i r l e k e ]_w
[_w ɕ ɑ n b ɑ j ]_w
[_w t u r ɤ t ɑ ]_w
[_w k ɑ m a l ]_w
[_w b ɑ ɡ ʑ ɑ s ɤ ]_w
[_w b i k ]_w
[_w i s a n ]_w
[_w ɑ l s ɑ ]_w
[_w j ɑ r t e p ]_w
[_w k u j d ɤ l ɑ r ]_w
[_w m i n ]_w
[_w b u l ɤ ɡ ]_w
[_w s i r a k m i ]_w
[_w s ɑ f ]_w
[_w ɑ j d ɑ r ɤ b ]_w
[_w ʑ ɑ k ɤ l ]_w
[_w x ɑ t ɤ n ]_w
[_w ɡ y ɕ e p ]_w
[_w i s t a l ]_w
[_w a m e r ]_w
[_w m e ŋ l a k a n ]_w
[_w k ɑ i l a l a r ]_w
[_w k ɑ ʃ ɤ j ɡ ]_w
[_w j ɑ n ɡ ɑ ]_w
[_w d ɑ r m ɑ ]_w
[_w n a y r y z ]_w
[_w t ø z y ]_w
[_w i r e k ]_w
[_w b e r w ɑ k ɤ t ]_w
[_w k ø n b ɑ t ɤ r ]_w
[_w k ø ɕ e ]_w
[_w ɑ l t ɑ n e l ]_w
[_w k ø n e n a ]_w
[_w m o n d ɑ ]_w
[_w t i r a n d e ]_w
[_w t u k ɑ ɕ ]_w
[_w ɑ s i j ɑ ]_w
[_w ɑ l ɑ p ɤ z ]_w
[_w i ʑ ɑ d ɤ ]_w
[_w t ø r e z e n ]_w
[_w ɑ r ɑ l ɡ ɑ ]_w
[_w y r n a k ]_w
[_w x ɑ t l ɑ r ]_w
[_w j ɑ ŋ ɑ ]_w
[_w j ɑ r ɤ m ]_w
[_w s ɑ k s ]_w
[_w f o n d ɤ j ]_w
[_w b l ɑ n n ɑ r ɤ ]_w
[_w k ɤ z u ]_w
[_w t ɤ n ɤ ŋ ]_w
[_w j e l m ɑ e p ]_w
[_w j ɑ s ɤ l ɤ p ]_w
[_w t u k r ɤ ]_w
[_w t e l a m ]_w
[_w k ɑ s e t ɑ s ɤ ]_w
[_w s e s k a ]_w
[_w x ɑ n ]_w
[_w t ɑ ʃ ]_w
[_w s ɑ n ɑ p ]_w
[_w d ɑ p ɤ p ]_w
[_w ʃ u l ɑ r ]_w
[_w ɑ ŋ l ɑ t m ɑ ]_w
[_w r a d i n a ]_w
[_w k y ɡ ]_w
[_w k y z a l ]_w
[_w u r ɑ m ɤ n d ɑ ]_w
[_w t i k ]_w
[_w x i m i j ɑ k a ]_w
[_w i t a ɕ a ɡ ]_w
[_w ø l e ʃ e ]_w
[_w b i n ɑ ]_w
[_w s a n ]_w
[_w t u ŋ ɡ ɤ s ]_w
[_w b e z n e ]_w
[_w j ɑ n ɡ ɑ n ]_w
[_w s e r ɡ e ]_w
[_w i r e ʃ a ]_w
[_w b i r a ]_w
[_w u l ɤ m ]_w
[_w i n d e ]_w
[_w f e t e r e ]_w
[_w b ɑ k ɤ ʃ ]_w
[_w k ɤ j l e m ]_w
[_w t i s r a k ]_w
[_w u ɡ ɤ p ]_w
[_w b u l ɑ m ]_w
[_w j ɑ ʃ ʔ l a r e ]_w
[_w ɑ j r ɑ t ]_w
[_w m ɑ t e r e n ]_w
[_w b e r i k e ]_w
[_w w e r t o l e t ]_w
[_w k ɑ l d ɤ ]_w
[_w ɡ y ŋ e l k a n ]_w
[_w j ɑ w ɑ ]_w
[_w j e ɡ e t ]_w
[_w e l e ɡ ]_w
[_w ɑ r t l ɑ r ɤ ]_w
[_w ø l ɡ a n ]_w
[_w ɕ i t t i ]_w
[_w i w ɑ n ]_w
[_w ɡ o ʃ ]_w
[_w k ɑ m ɑ z ]_w
[_w ʃ u l ɡ ɑ n ]_w
[_w k ɑ r ɑ r ɡ ɑ ]_w
[_w k ɑ p i t ɑ l ʔ ]_w
[_w k e r e p ]_w
[_w s o w e t ɤ ]_w
[_w y z a ɡ e ]_w
[_w s o r ɑ u ]_w
[_w o ɕ r ɑ k t ɑ ]_w
[_w i ʃ e ɡ e n ]_w
[_w b u l u ɡ ɑ ]_w
[_w m i n e m ]_w
[_w t u r ɤ ]_w
[_w k i t a r k e ɕ ]_w
[_w s o ŋ ]_w
[_w s a ŋ ɡ a r ]_w
[_w k ɤ ʃ ]_w
[_w b ɑ l ɑ l ɑ r ]_w
[_w ɑ l ɑ r n ɤ ]_w
[_w ʃ u ʃ ɤ n d ɑ ]_w
[_w s ɑ n l ɤ ]_w
[_w ɯ l l ɑ r ɤ ]_w
[_w t ɑ r m ɑ k ɤ ]_w
[_w r i m m ɑ ]_w
[_w ɑ t ɑ ɑ n ɑ ]_w
[_w m ɑ l ]_w
[_w i l h ɑ m ]_w
[_w a z e r l e ɡ e ]_w
[_w t ø ʃ k a n ]_w
[_w a j d i m ]_w
[_w r a x i m ]_w
[_w k ɑ t e m i k ]_w
[_w j ɑ ʃ a r ɡ a n ]_w
[_w b y l m a ]_w
[_w k ø l e p ]_w
[_w i ʃ e k k a ]_w
[_w ɑ l d ɤ l ɑ ]_w
[_w d e l a r ]_w
[_w ɕ i d e ]_w
[_w ɑ k k ɑ ]_w
[_w t ɑ p ɤ l t ɤ ]_w
[_w m a e l ]_w
[_w s ɑ l d ɤ n ɕ ɤ ]_w
[_w t ɑ w ɤ ʃ ]_w
[_w t ø z e ]_w
[_w t ɑ p k ɑ n ]_w
[_w j ɑ b ɤ ɡ ]_w
[_w b a j r a m ]_w
[_w b e r s e ]_w
[_w b e l m i ]_w
[_w s ɑ k l ɑ u ]_w
[_w ɑ ʃ ɤ ɡ ɤ ɕ ]_w
[_w j ɑ r ɤ j l ɑ r ]_w
[_w k u j t ɤ m ]_w
[_w x e z m a t ]_w
[_w ø z d e n ]_w
[_w t a m ɑ m l ɑ b ]_w
[_w a n i e m ]_w
[_w k o ʃ ]_w
[_w k ɑ d e r i ɑ l ]_w
[_w d ɤ k ɤ z ]_w
[_w s o r ɑ p ]_w
[_w j ɑ m ɑ n ]_w
[_w k ɑ s ɤ r ]_w
[_w ɑ t ɤ m ]_w
[_w k ø l n u r ]_w
[_w ɑ ɕ ɤ ]_w
[_w i r l a r e ]_w
[_w t i l a r ]_w
[_w e ʃ n e ]_w
[_w t ɑ b i b ]_w
[_w u t ɤ r ɑ ]_w
[_w d ɑ m i r ]_w
[_w s u ɤ ]_w
[_w f ɑ k t ]_w
[_w ɑ ɕ ɤ l ɤ p ]_w
[_w s a n a ɡ ɑ t ʔ ]_w
[_w ɑ r ɑ l ɑ r n ɤ ]_w
[_w ɑ l l ɑ ɡ ɑ ]_w
[_w m a x a p p a t ]_w
[_w t u t ɤ r u ]_w
[_w s ɑ b ɑ t ]_w
[_w ʃ ɑ k t ɤ ]_w
[_w m ɑ x s u s ]_w
[_w i n d e r ]_w
[_w k ɑ j n a ɡ a ]_w
[_w h a r ]_w
[_w m o n ɤ ŋ ]_w
[_w ɑ s r ɑ ɡ ]_w
[_w k ɑ j d ɤ ]_w
[_w ɡ u n ɑ k ]_w
[_w k i t ɑ p ]_w
[_w ʑ ɤ k s ɑ ]_w
[_w b e r e n a ]_w
[_w k o t o ɕ k ɤ ɕ ]_w
[_w ʑ o r ɤ n ɡ ɤ ]_w
[_w d i p ]_w
[_w ɡ y p ɕ e l e k ]_w
[_w k ɑ l u ]_w
[_w d ø b l e ]_w
[_w t ø r m a t ]_w
[_w u r ɤ n n ɑ n ]_w
[_w k y b ]_w
[_w t o r u ɤ ]_w
[_w t ɑ r d ]_w
[_w k u n ɑ k ]_w
[_w b ɑ r ɑ l ɑ r ]_w
[_w ʃ ɑ ɡ ɤ j t e l ]_w
[_w k u e l ɑ ]_w
[_w k ɤ r ɡ ɑ ]_w
[_w ɑ l d ɑ ]_w
[_w u r ɤ n ɤ n d ɑ ]_w
[_w u k ɤ j m m a t ]_w
[_w ɑ s t ɤ n ɑ ]_w
[_w m u l l ɑ ]_w
[_w s ɑ r ɤ f ]_w
[_w e ʃ l i ]_w
[_w ɕ i p a r y ]_w
[_w k i t a s e ]_w
[_w t i s e ]_w
[_w m ɑ l ɑ j s ɑ ]_w
[_w n d a ]_w
[_w a h e l l a r ]_w
[_w s ɑ l ɤ n ɑ ]_w
[_w k y b r a k ]_w
[_w t ø ʃ e r y ]_w
[_w b e d e r ɑ n ɤ ]_w
[_w u k ɤ t u ɕ ɤ ]_w
[_w n i n d i d e r ]_w
[_w b r o e k t ɤ ]_w
[_w k e ʃ e n ]_w
[_w ɕ i r t a ]_w
[_w r a x m a t o w ]_w
[_w k o n ɡ u r s ɤ ]_w
[_w x ɑ l k ɤ p ɤ z ]_w
[_w o n ɤ k ɤ t u ]_w
[_w b ɑ b ɑ j ]_w
[_w t e k e ]_w
[_w ɑ k ɤ l ɤ b ]_w
[_w i b d a ʃ e ]_w
[_w s ɑ r i b o w ɑ ]_w
[_w k u r ɕ ɑ ɡ ]_w
[_w j ɑ r t ɤ k ]_w
[_w i r e k e z ]_w
[_w m e ŋ ɡ a ]_w
[_w e ʃ l a n ɡ a ]_w
[_w k u ʃ m ɑ ]_w
[_w e ʃ l a y ]_w
[_w s ø j l a t e ]_w
[_w ɑ j ɑ n ]_w
[_w u j l ɑ b ]_w
[_w x a r e f ]_w
[_w d u f ɑ n ]_w
[_w r o l e n ]_w
[_w i l m i r ɑ ]_w
[_w m i s ɑ l ]_w
[_w x u ʑ ɑ ]_w
[_w j ɑ s t ɤ n n ɤ ]_w
[_w b u l d ɤ m ]_w
[_w s a j ɑ z a t ]_w
[_w ʑ i d e p ]_w
[_w s ɑ l ɑ ]_w
[_w e l e m d a ]_w
[_w t i p e ]_w
[_w d ɑ r i x ]_w
[_w i r e ʃ k a ]_w
[_w i s k a ]_w
[_w t e l ]_w
[_w i ɯ l ʔ t a ]_w
[_w w e r t o l e d ]_w
[_w m u z e e n d ɑ ]_w
[_w r a z s ɑ m ]_w
[_w k i l a s e s ]_w
[_w b l ɑ n ɤ p ]_w
[_w ɑ b r e l ʔ ]_w
[_w d ɤ r ɤ ʃ k ɑ ]_w
[_w k ɑ s ɑ n n ɤ ŋ ]_w
[_w ɑ t n ɑ s ɤ ]_w
[_w ɤ ʃ ɑ n ɤ p ]_w
[_w ɡ y t a r a s a ]_w
[_w b e z ]_w
[_w u ɡ ɤ j m m a d ]_w
[_w e ʃ e n ɕ a ]_w
[_w j ɑ r ]_w
[_w ɑ w ɤ z ɤ n ]_w
[_w ɡ ø r l a r ]_w
[_w k y r ɡ a n d a ]_w
[_w s ɑ j l ɑ r ]_w
[_w s u k ɤ ʃ t ɑ ]_w
[_w ɡ u k m ɑ r ɑ ]_w
[_w y t a ]_w
[_w k ɑ r ɑ ]_w
[_w ʑ ɤ r ɤ ]_w
[_w a t i a n i z e ]_w
[_w m a ɡ ɑ l a ]_w
[_w r a t t a ]_w
[_w k ɑ r ɤ l ɑ ]_w
[_w n ɕ ɤ ]_w
[_w k ɑ r i f ]_w
[_w t u l ɑ e m ]_w
[_w z ɑ ɡ o n n ɑ r ]_w
[_w t e k ɑ p r j ɑ ]_w
[_w b i r e l a ]_w
[_w ɡ ɑ b l ɑ p ]_w
[_w k i e b ]_w
[_w ʑ ɑ r ɑ l ɑ r ]_w
[_w k ɑ t k ɑ ]_w
[_w ʑ ɑ l l ɤ ]_w
[_w i k ʔ d i b ɑ r ]_w
[_w y r e l e p ]_w
[_w u k ɤ j ]_w
[_w t e l l e ]_w
[_w s i ŋ ɑ ]_w
[_w p e d m a ɡ a n ]_w
[_w i l n e ŋ ]_w
[_w o x ʃ ɑ ʃ ]_w
[_w m u z e e ]_w
[_w ɑ n s ɑ m b l e ]_w
[_w k ɑ e p l e ]_w
[_w n i ɕ a ]_w
[_w k e ɕ k e ]_w
[_w i t ɑ r a s e ]_w
[_w j ɑ z d ɤ r ɤ p ]_w
[_w ɡ u l ɤ ]_w
[_w k o r u r l ɤ k ]_w
[_w ɡ ɑ f u ]_w
[_w ɑ x r ɤ z ɤ n ]_w
[_w b y ɡ e n ]_w
[_w d ɑ l ɑ n d ɤ j ]_w
[_w p a j ɡ e ]_w
[_w m o k ɕ i s ɑ ]_w
[_w k i l s a ]_w
[_w ɑ ŋ l ɑ t ɤ m ]_w
[_w t a y l e ɡ ]_w
[_w ɡ o m u m a n ]_w
[_w k ɑ l ɤ p ]_w
[_w s ɤ j f ɑ t l ɤ ]_w
[_w b ɑ ʃ ]_w
[_w t o t ɑ r ɡ ɑ ]_w
[_w k i ŋ ]_w
[_w ʑ ɤ e p ]_w
[_w k y t a r ɡ e m ]_w
[_w ɑ r t ɤ ]_w
[_w ʑ ɤ k k ɑ n ]_w
[_w j ɑ ʃ i m ]_w
[_w ɡ i ʑ e r a ]_w
[_w k i r a k l e ]_w
[_w b ɑ r m ɤ j ]_w
[_w k l u p ɤ ]_w
[_w ɑ s ɑ d ]_w
[_w k e m n e ŋ ]_w
[_w t o r m ɤ ʃ n ɤ ]_w
[_w b ɑ ʃ k ɑ r ɑ ]_w
[_w k y r a z e m ]_w
[_w n ɤ k l ɤ ]_w
[_w ɑ s ɑ k ɤ n ]_w
[_w s ɑ l ɡ ɤ ʃ ]_w
[_w t a k ɑ l a ]_w
[_w i t m i ]_w
[_w ɑ k ɤ j r a ]_w
[_w ɑ t l ɑ r ]_w
[_w i r d a ]_w
[_w j o k l ɑ b ]_w
[_w b ɑ ʃ k ɑ r ɤ ]_w
[_w ø j l a r e n ]_w
[_w m a k t a p t a ]_w
[_w r o l e ]_w
[_w b e d e r y ]_w
[_w f o l ʔ k l o r ]_w
[_w j ɑ n ɡ ɤ n ]_w
[_w y z e p e r ]_w
[_w k e ʃ e n a ]_w
[_w ɑ n t ɑ ]_w
[_w d o t r ɤ k l ɤ ]_w
[_w ʑ a ɕ ]_w
[_w t o r ɤ ]_w
[_w ɕ o l m ɑ n ]_w
[_w t y ɡ a ]_w
[_w s y z l a r e ]_w
[_w i d e ɡ e ]_w
[_w u m ɤ r z ɑ j ɑ ]_w
[_w ɑ ɕ l ɤ ɡ ]_w
[_w t i t e r ɡ a ]_w
[_w f i t ɑ k ɑ r ʔ ]_w
[_w x e z m a t k a ]_w
[_w m u n ɕ ɑ ]_w
[_w t ɑ t ɑ r n ɤ ]_w
[_w t o t u ]_w
[_w s o k l ɑ n ɑ ]_w
[_w ø e n a ]_w
[_w b e r ]_w
[_w k y l a m l e ]_w
[_w t i p e z ]_w
[_w e l a ɡ a n ]_w
[_w ʃ a x e z l a b ]_w
[_w b a j l e ]_w
[_w n e ŋ ]_w
[_w p ɑ k ɕ ɑ ]_w
[_w k e r d e ]_w
[_w j ɑ s ɤ l k ɑ ]_w
[_w k i l y e n ]_w
[_w ɑ x r ɤ ]_w
[_w ɕ ɤ r ɤ ]_w
[_w d ɑ r i x ɤ n ]_w
[_w k y l e ]_w
[_w u d ɤ r ɑ ]_w
[_w b ɑ ʃ k ɑ r ɤ ʃ ]_w
[_w i z ɡ e ]_w
[_w k o m ɑ n ɤ ]_w
[_w ɑ w ɤ r u ɤ ]_w
[_w t o ʃ m ɑ n ɤ ]_w
[_w ɑ ɕ ɤ p ]_w
[_w ɑ j ɑ k ɤ n ɑ ]_w
[_w ɯ ɡ ɤ j s a ]_w
[_w m a s k a y d a ]_w
[_w ɕ ɤ r l ɑ r ]_w
[_w k i l ]_w
[_w d y ʃ a m b e ]_w
[_w ɑ r d ɤ k ]_w
[_w y z e ʃ e n e ŋ ]_w
[_w w ɑ k ]_w
[_w k ɑ l ɡ ɑ n ]_w
[_w k o r ʔ k i j ]_w
[_w r a s e ŋ ]_w
[_w u ɡ l ɤ ]_w
[_w t ø r m a t l e ]_w
[_w x ɑ ɡ ɤ j r ʔ ]_w
[_w z ø f a r ]_w
[_w k o n ɡ u r z ]_w
[_w t ɤ r ɤ ʃ ɑ m ]_w
[_w i l ɡ a ɕ ]_w
[_w k ɑ s ɑ n ]_w
[_w j e l ]_w
[_w j e k e t ]_w
[_w b ɑ k ɕ ɑ s ɤ ]_w
[_w s o ŋ r ɑ k ]_w
[_w ɡ i l a m ]_w
[_w k u e l d ɤ ]_w
[_w ɕ i h ɑ z l ɑ r ]_w
[_w ʑ i b a ]_w
[_w z ø e n e p ]_w
[_w o ɕ e n ]_w
[_w ɑ k ɕ ɑ ɡ ɑ ]_w
[_w s ɑ p ɤ j ]_w
[_w t e x n i k ]_w
[_w f i k e r ]_w
[_w x o ɡ u ɡ ɤ ]_w
[_w k e l ]_w
[_w x i ɡ a j ɑ ]_w
[_w ɡ ɑ j ɑ n ɤ p ]_w
[_w t ɤ j n ɑ ɡ ]_w
[_w w i t e o ]_w
[_w ʑ ɤ r l ɑ r ɡ ɑ ]_w
[_w x ɑ l i k o w ]_w
[_w ɕ a e p ]_w
[_w ɕ i r ɑ t ]_w
[_w k ø d a r k a ]_w
[_w e l e k k e k e ]_w
[_w ʑ i ŋ y ɕ e z e ]_w
[_w e s l i ]_w
[_w ʑ ɑ k l ɑ k ɑ n ]_w
[_w k y ɕ m a ]_w
[_w j ɑ z m ɤ ʃ ɤ ]_w
[_w m ø ɡ ɑ e n ]_w
[_w k y r k a n ]_w
[_w b i r ɡ a n ]_w
[_w i t e l a r ]_w
[_w s ɑ j l ɑ p ]_w
[_w a l l a ]_w
[_w t u k ɑ n ]_w
[_w s u l ]_w
[_w k ɑ r a b ]_w
[_w o m z ɡ i ]_w
[_w t ɑ n ɤ ʃ ]_w
[_w b e z d a ]_w
[_w j ø r a ɡ ]_w
[_w i ʃ e ɡ ]_w
[_w j ɑ k ʃ a m b e ]_w
[_w t ɑ t ɑ r n ɤ ŋ ]_w
[_w o l ɤ ]_w
[_w d o ʃ m ɑ n ɤ ]_w
[_w u r ɤ n ɤ n ɑ ]_w
[_w k ø r a ʃ a ]_w
[_w i r t a ɡ a ]_w
[_w k ɑ r ɑ t ]_w
[_w k ɑ j ɡ ɤ ]_w
[_w j ɑ z ɑ l ɑ ]_w
[_w b ɑ r ɡ ɑ ]_w
[_w k ɑ n l ɤ ]_w
[_w ø l ɡ a t a ]_w
[_w s a n a k ɑ t ʔ ]_w
[_w i x t i m ɑ l ]_w
[_w b i e k ]_w
[_w j o k ɤ n d ɑ ]_w
[_w k ɑ j t ɑ n ɡ ɑ ]_w
[_w t e l l a r ]_w
[_w a l e ]_w
[_w ʑ a y t a s e ]_w
[_w k ø n l e k ]_w
[_w j ɑ r t ɤ ]_w
[_w j ɑ z ɑ ]_w
[_w f i k e r e p ]_w
[_w ɑ r x i w ]_w
[_w ɕ ɑ w ɑ b ]_w
[_w n t ɑ ]_w
[_w ɑ l l ɑ h ]_w
[_w ɑ l t ɤ r d ɤ p ]_w
[_w ɕ a e b ]_w
[_w b a j ɡ e ]_w
[_w b u e n ɕ ɑ ]_w
[_w y z e m n a r ]_w
[_w k ɑ t n ɑ ]_w
[_w t ø b a k e ]_w
[_w m a r t a ]_w
[_w j ɑ s ]_w
[_w i k ʔ l ɑ n ]_w
[_w k ɑ t l ɑ r ɤ ]_w
[_w ɑ l ɑ ]_w
[_w ʃ t r ɑ f ]_w
[_w b ɑ ʃ k o r t ]_w
[_w t r ɑ m ɑ s ɑ ]_w
[_w j e l d ɑ ]_w
[_w ɑ n d ɑ ]_w
[_w b ɑ l ɑ s ɤ n ]_w
[_w x e s m a t k a ]_w
[_w k e ɕ e ]_w
[_w b u l ɡ ɑ ɕ ]_w
[_w o b e r t a ]_w
[_w t ø ʃ m i ]_w
[_w f a n n a r ]_w
[_w x ɑ r ɑ p ɤ s ]_w
[_w k ɤ j n w ɑ r ]_w
[_w t u p l ɑ k ɑ ]_w
[_w y z e ŋ ]_w
[_w ɑ w ɑ s ]_w
[_w e z l a r e ]_w
[_w t ø ʃ ɡ a ʑ ]_w
[_w a n w a r ]_w
[_w b ɑ r ]_w
[_w i z e m e n a ]_w
[_w b ɑ r ɤ z ɤ n ]_w
[_w ʑ ɤ j ɡ ɑ ]_w
[_w i r ɡ e n ]_w
[_w t o r ]_w
[_w b ɑ j ɑ s ]_w
[_w t ø r ɡ e m ɡ a ]_w
[_w k ɤ z ɤ ]_w
[_w ʃ i k ɤ r ʔ ]_w
[_w i s e m n e ]_w
[_w ʃ u l ]_w
[_w x i s ]_w
[_w k ø n d a ]_w
[_w j ɑ ɡ ʔ n i ]_w
[_w ʑ i t a k ɕ e ]_w
[_w x o k u ɡ ɤ ]_w
[_w j ɑ d ]_w
[_w e l e k t a ]_w
[_w k ɑ b ɑ t ]_w
[_w t i b ]_w
[_w ɕ ɤ k ɑ l ʔ ]_w
[_w d o r ɑ m ]_w
[_w b e l m i m ]_w
[_w a j t y ]_w
[_w t ø n ]_w
[_w n a s e l ]_w
[_w ɑ e r m ɑ l ɤ ]_w
[_w ɑ ŋ l ɤ j ]_w
[_w z ø j l i l a r ]_w
[_w ɑ l ɑ r k ɑ ]_w
[_w j e l l ɑ r ɤ n ]_w
[_w w ɑ k ɤ t ]_w
[_w t ø p a ɡ e ]_w
[_w k r ɑ t u ]_w
[_w ɕ ɤ e l ɑ ]_w
[_w o ɕ ɑ ]_w
[_w d e k ɑ b r ʔ ]_w
[_w ɑ d ɤ m ]_w
[_w ɑ j ɑ k ]_w
[_w z ɤ j n ɤ ŋ ]_w
[_w j ɑ ʃ i b e s ]_w
[_w t i m a k ]_w
[_w r ɑ j o n ]_w
[_w ɡ ɑ j t t ɤ ]_w
[_w s o r ɑ k ]_w
[_w x a r e f l a r ]_w
[_w k ɑ r t l ɑ r ]_w
[_w m i k a n ]_w
[_w ʑ ɑ w ɑ b ]_w
[_w b ɑ z ɤ l d ɑ ]_w
[_w ɑ l ɑ j ]_w
[_w ʃ ɑ t l ɤ ɡ ]_w
[_w k i ɕ k e ]_w
[_w j ɑ s u n ɤ ]_w
[_w k ɑ m ɑ s ]_w
[_w j ɑ m ʔ l e ]_w
[_w a l e ɡ e n ]_w
[_w ʑ ɤ r l ɑ r ɤ ]_w
[_w i l ɑ h i ]_w
[_w r ɑ j o n n ɤ ŋ ]_w
[_w ʑ ɤ e l ɤ p ]_w
[_w ɑ l d ɑ n ]_w
[_w b o z u ]_w
[_w h a m ]_w
[_w s e p e r ]_w
[_w u ɡ u ʑ ɤ ]_w
[_w i ʒ e ]_w
[_w t ɑ r i x ɤ ]_w
[_w k i t ɑ p ɤ l ɑ ]_w
[_w b e l y ]_w
[_w ɡ ɑ j s ɤ l u ]_w
[_w ɑ t a m ]_w
[_w ɡ ɑ j t ɤ ]_w
[_w s o l d ɑ n ]_w
[_w p u l ɡ ɑ n ]_w
[_w t i k t ɑ n ɤ ʃ ]_w
[_w ɡ ɑ r ɡ ɑ ]_w
[_w ɑ ŋ ɑ ]_w
[_w b ɑ r ɑ z ɤ ]_w
[_w i ʃ e t a ]_w
[_w ʑ ɑ k ɤ r ɑ ]_w
[_w ʑ ɤ k ɤ ʃ ɤ ]_w
[_w ɑ ɕ ɤ l d ɤ ]_w
[_w b u l ɡ ɑ n ]_w
[_w f i t ɑ ɡ ɑ r ʔ ]_w
[_w t a n ]_w
[_w k y ɕ t e ]_w
[_w u k ɤ t k ɑ ]_w
[_w h ɑ m ɑ n ]_w
[_w t i ɡ a n d a ]_w
[_w j ɑ s ɤ j m ]_w
[_w ɑ ŋ l ɑ t ɑ s ɤ ]_w
[_w j ɑ u l ɑ ɡ ɑ n ]_w
[_w m i n e m ɕ a ]_w
[_w k ɑ j ɕ ɑ n ]_w
[_w k y ŋ e l l e ]_w
[_w k y ŋ e l e n ɑ ]_w
[_w t a y l a t ]_w
[_w j ɑ ʃ e r e p ]_w
[_w m i n e ]_w
[_w j ɑ n ɤ p ]_w
[_w t i r e ɡ a ]_w
[_w t o ʃ m ɑ n ]_w
[_w f i k e r l a n ]_w
[_w u ɡ ɤ t u ]_w
[_w k e r o j ]_w
[_w u r ɤ n ]_w
[_w j ɑ ŋ ɡ ɤ r ]_w
[_w j ɑ ʃ a y ]_w
[_w ʃ a h a r e ]_w
[_w n a r s a ɡ a ]_w
[_w x a l ]_w
[_w i m ɑ m ]_w
[_w t e p u t ɑ d ɤ ]_w
[_w k a y t a ]_w
[_w ʑ ɤ n ]_w
[_w e ʃ t a ]_w
[_w m a s k a y k a ]_w
[_w t ɤ ŋ l ɑ b ]_w
[_w b r o e k t ]_w
[_w m o n d ]_w
[_w ɯ l ɤ n ɑ ]_w
[_w ɑ u t i o ]_w
[_w ʑ ɤ ɡ ɑ r ɑ s ɑ ]_w
[_w ɑ w t o r ]_w
[_w d i k ʃ e r y ]_w
[_w l ɑ e ʃ ]_w
[_w k y p l a p ]_w
[_w ɑ j ɑ z i ]_w
[_w u j l ɑ t ɤ ɡ ]_w
[_w t e b u t ɑ t ɤ ]_w
[_w d e k e ]_w
[_w ʃ ɑ k i r o w ɑ ]_w
[_w ɑ k ɕ ɑ l ɑ r ]_w
[_w j ɑ r d a m ]_w
[_w a j t e r ]_w
[_w b u l u ɤ ]_w
[_w z ɑ p i z i ]_w
[_w b ɑ r d ɤ ɡ ]_w
[_w n i k e z ]_w
[_w u ɡ ɤ j m m a t ]_w
[_w m a s k a y ɡ a ]_w
[_w k ɑ i l a ]_w
[_w ɑ k ʃ t ɑ ]_w
[_w r ø z d a l ]_w
[_w r ɑ d i k ]_w
[_w b ɤ e l ɡ ɑ s ɤ ]_w
[_w k i e m n a r ]_w
[_w ɡ y p ɕ e l e ɡ ]_w
[_w d a ɡ ɑ l a m ]_w
[_w r ɑ k e t ɑ ]_w
[_w s ɑ k l ɑ b ]_w
[_w s e s t a ]_w
[_w s ɑ b ɑ n ɤ ŋ ]_w
[_w ɕ ɤ r ɕ ɤ ]_w
[_w t ɑ r t ]_w
[_w m ɑ l ɑ r ]_w
[_w t i s ]_w
[_w i j ɑ r ]_w
[_w w a l i ]_w
[_w k ɑ e n ]_w
[_w ɑ l k ɑ n ]_w
[_w b e r ɡ a n d a ]_w
[_w k y r ɡ a n ]_w
[_w j ɑ z ɤ ]_w
[_w t i s k a ]_w
[_w k i ŋ a ʃ ]_w
[_w b ɑ r ɤ ]_w
[_w ɑ l d ɤ n ]_w
[_w i j ɑ s e ]_w
[_w j ɑ n a ]_w
[_w b ɑ ʃ k ɑ r m ɑ ]_w
[_w y z e n a ]_w
[_w b ɑ r t ɤ z ɤ ]_w
[_w m a ɡ ʔ l y m ]_w
[_w t o w ɑ r ]_w
[_w k ɑ t i ]_w
[_w t r n ɤ ŋ ]_w
[_w m a r ʔ j ɑ m ]_w
[_w k y d a r y ]_w
[_w m ø x a r r i r ]_w
[_w b o r ɤ l ɡ ɑ ]_w
[_w ɡ ɑ r ɑ p ɤ z ]_w
[_w i t e l ]_w
[_w k ɑ r ɑ ʃ ]_w
[_w i z e r e ]_w
[_w b ɑ ʃ l ɑ k ɑ ]_w
[_w s i k e r ]_w
[_w k i e m ]_w
[_w t ø r k i j ɑ t ]_w
[_w ɯ b i l e e n ]_w
[_w k ɤ z l ɑ r ]_w
[_w u r t ɑ k l ɑ r ]_w
[_w x a s r a t ]_w
[_w f ɑ i l ]_w
[_w b u ɑ ]_w
[_w b ø t e n ]_w
[_w f e w r ɑ l ʔ ]_w
[_w t ø ʃ e r a ]_w
[_w b i r a l a r ]_w
[_w b u l t ɤ k ]_w
[_w r i s ɤ ɡ l ɤ ]_w
[_w i s a p t a n ]_w
[_w ɡ u j ɑ ]_w
[_w j e l d ɑ n ]_w
[_w j ɑ r t a m ]_w
[_w ɑ s ɑ t l ɤ ]_w
[_w d u l ɤ ]_w
[_w j e l k ɑ n ]_w
[_w j ɑ r ɑ d ɤ n ]_w
[_w ɡ e ʃ e s e n a ]_w
[_w i t s e n ]_w
[_w i s l ɑ m ]_w
[_w e l a ɡ e n a ]_w
[_w j ɑ ʃ e n ]_w
[_w t ɑ b ɤ n ]_w
[_w i l a ]_w
[_w ɑ k ɤ p ]_w
[_w i s a b l a r ]_w
[_w ʃ u n ɤ z ɤ ]_w
[_w t ɤ ʃ ]_w
[_w b u l t ɤ m ]_w
[_w j ɑ r ɑ r ]_w
[_w b y l a k ]_w
[_w a s a r ]_w
[_w x ø r m a t e ]_w
[_w m a t r a z a ]_w
[_w r ɑ f ɑ e l ʔ ]_w
[_w j ɑ ʃ ʔ t a ]_w
[_w a m i n a ]_w
[_w k ɑ z ɑ n ɡ ɑ ]_w
[_w i z ɡ e l d a n ]_w
[_w n i ʃ l a p ]_w
[_w ɯ r i j ]_w
[_w k i l d e p ]_w
[_w a n i l a r ]_w
[_w t a e m i n ]_w
[_w k ɑ m ɤ r ]_w
[_w i s e m n a r e ]_w
[_w r ø x s a t ]_w
[_w e l a k a n ]_w
[_w r a w e ʃ ɕ a ]_w
[_w b y r e ]_w
[_w f ɑ d ɤ j x ]_w
[_w u r ɤ z ]_w
[_w j e l l ɑ r ]_w
[_w m e ŋ n a n ]_w
[_w ɡ ɑ ɕ ɤ ]_w
[_w ʑ i r e n d e ]_w
[_w a n i ]_w
[_w j ɑ t t ɤ ]_w
[_w u t ɤ r ɑ p ]_w
[_w d ɑ n ɤ l ɡ ɑ n ]_w
[_w k ɑ l ɑ ]_w
[_w a t i ]_w
[_w d ɑ b ɤ n ]_w
[_w ɑ r t k ɑ ]_w
[_w u z d ɤ r u ]_w
[_w e ʃ l a y ɕ e ]_w
[_w t ø b ]_w
[_w ɕ ɑ ɡ ɤ r t ɤ ]_w
[_w ɑ ʑ ɤ ɡ ]_w
[_w k ɑ z ɑ n ɡ ɑ n ]_w
[_w k i l a ɕ a k ]_w
[_w y t k a r ɡ a ]_w
[_w m u l l ɑ r ɤ ]_w
[_w ɑ w ɤ l n ɤ ŋ ]_w
[_w n o j ɑ b r ʔ ]_w
[_w ɑ k k ɑ n ]_w
[_w t e l d e r e n ]_w
[_w i l ɡ a ]_w
[_w s o r ɑ u k ɑ ]_w
[_w t ø ʃ e r e n ]_w
[_w m e t ʃ i n ]_w
[_w ø s t a m a ]_w
[_w x ɑ l ɤ ɡ ]_w
[_w t i n e ]_w
[_w k ɑ j ]_w
[_w k ɑ r d ]_w
[_w ɡ ɑ b ɑ n d u j ]_w
[_w ʑ ɑ b ɑ d ɑ ]_w
[_w k y z d a ]_w
[_w b ɑ r ɡ ɤ n t ɑ ]_w
[_w u t ɤ ]_w
[_w b l ɑ n n ɑ r ]_w
[_w s y z d a n ]_w
[_w ɡ r i p p ]_w
[_w ʑ ɑ k r ɤ n ]_w
[_w k ø m e ʃ ]_w
[_w k ɑ l i m ]_w
[_w x a m i d o w ]_w
[_w m a z a ]_w
[_w s ɑ k ]_w
[_w ɑ l ɑ r ɡ ɑ ]_w
[_w b e l m a t e m ]_w
[_w l ɑ d i m ]_w
[_w r ɑ j o n n ɑ n ]_w
[_w k o ɕ ɑ k l ɑ ʃ ]_w
[_w k ɑ j n ɑ r ]_w
[_w b o ɕ t ɑ ]_w
[_w x a ɡ i m ]_w
[_w ɡ ɑ l u ]_w
[_w k y n ]_w
[_w j e l n ɤ ]_w
[_w e ʃ e n a ]_w
[_w ɑ ʃ ɑ p ]_w
[_w ɑ ɡ ɤ l ɤ p ]_w
[_w ɑ w ɤ r u ]_w
[_w k ɤ s ɤ m ]_w
[_w ʑ ɑ k t ɑ ]_w
[_w ɡ ɤ t ɑ ]_w
[_w t ɤ ʃ k ɑ ]_w
[_w ʑ i r l e ]_w
[_w b ɑ s ɑ ]_w
[_w ɕ i ʃ m a ]_w
[_w i r e ɡ l e ]_w
[_w b u l ɤ r l ɤ k ]_w
[_w u t ɤ r t ɤ ]_w
[_w b u l ɤ ʃ ]_w
[_w a j t a m ]_w
[_w ɑ k t ɑ ]_w
[_w t ɑ r t k ɑ ]_w
[_w ɑ l ɑ r n ɤ ŋ ]_w
[_w t e p u t ɑ t ɤ ]_w
[_w ɑ l ɑ r t ɑ ]_w
[_w j ɑ s ɑ r ]_w
[_w s ɑ l ɤ r ]_w
[_w b e r ɡ a n ]_w
[_w ɑ w ɤ l ɤ n ɑ ]_w
[_w ʑ i l e ]_w
[_w i x t i r ɑ m ]_w
[_w s ɑ m ɑ t ɤ ʃ ]_w
[_w t a r t i b e ]_w
[_w t ɑ r ɑ l ɑ r ]_w
[_w s ɑ t u ]_w
[_w o ɕ r ɑ k ɑ n ]_w
[_w x u ɕ ɑ z ɤ ]_w
[_w ɑ r t u r ]_w
[_w t ɑ d ɑ r ɡ ɑ ]_w
[_w a j d e r ɡ a n ]_w
[_w u f ɑ d ɑ ]_w
[_w k i l ɡ a ]_w
[_w t u k ɑ n n ɑ n ]_w
[_w b e l m i ɕ a ]_w
[_w i k e n ɕ e ]_w
[_w ɡ i t m i ]_w
[_w i x t ɤ j ɑ ɕ ]_w
[_w ɕ ɑ b ɑ ]_w
[_w n a ɕ i p ]_w
[_w k e m d e r ]_w
[_w r u x i ]_w
[_w t o r ɤ ʃ ɤ ]_w
[_w k i t a ]_w
[_w s y z e ]_w
[_w ɕ i t t a ]_w
[_w i t a b e n ]_w
[_w t e b u t ɑ t ]_w
[_w b ɤ e l ɡ ɑ n ]_w
[_w i ʃ e t k a ʑ ]_w
[_w ɑ l ɤ r ɡ ɑ n ]_w
[_w h a r ɡ e m ]_w
[_w t i k ʃ e r y ]_w
[_w ʑ i b a r d e ]_w
[_w ɑ p ɑ k ]_w
[_w k i n o ]_w
[_w y d m a t e ]_w
[_w x o k u k ]_w
[_w n a r s a ]_w
[_w b i k r a k ]_w
[_w u ʃ b u ]_w
[_w i t e l a ]_w
[_w s a j ɑ x a t ]_w
[_w j ɑ k l ɑ r ]_w
[_w k ø n ʔ j ɑ z ]_w
[_w p ɑ r ɤ z ɤ ]_w
[_w m o n ɤ ]_w
[_w s ɑ f i n ]_w
[_w i l s u r ]_w
[_w i l ʔ f ɑ r ]_w
[_w s ɑ t ɤ p ]_w
[_w ɑ l ɡ ɑ n ]_w
[_w ʑ ɑ b ɑ t ]_w
[_w j ɑ r l e ɡ ]_w
[_w a j d a l a r ]_w
[_w b e r t a m ]_w
[_w x a s e r k e ]_w
[_w ɑ ʃ ɤ k ɤ p ]_w
[_w k ø l ]_w
[_w m a x m y d ]_w
[_w ɑ ɕ ɑ ]_w
[_w f a k ɤ j r ʔ ]_w
[_w m i l e k ]_w
[_w y s k a r d e ]_w
[_w k e m ɡ a ]_w
[_w i k e l e ]_w
[_w k i j ɑ y ]_w
[_w m o ŋ ɤ ]_w
[_w ɡ y b d a n ]_w
[_w ɑ z ɤ l ɑ ]_w
[_w t ɑ j ɑ n ɤ ]_w
[_w t u ɡ ɤ z ]_w
[_w b e z n e ŋ ]_w
[_w ʑ ɤ r ʃ ɤ ]_w
[_w b ɑ s ɤ l u ]_w
[_w k y ŋ e l s e z ]_w
[_w k ɑ r a p ]_w
[_w t i ɡ a n e ]_w
[_w ɑ p ɤ j n ɤ ŋ ]_w
[_w e ɕ e n a ]_w
[_w x a s e r ]_w
[_w s u m n ɑ n ]_w
[_w m ɑ r d ɑ ]_w
[_w ɡ ɑ b ɑ t ]_w
[_w x a l d a n ]_w
[_w k i d ɑ b ]_w
[_w t i s l e k ]_w
[_w k e ʃ e ]_w
[_w k ɑ r ɑ r ]_w
[_w ɑ r ɑ d ɑ ]_w
[_w t i s t ɤ ]_w
[_w t ɑ r i x k ɑ ]_w
[_w t e l e m l e ]_w
[_w l a j l a p ]_w
[_w k i t e r t e m ]_w
[_w ʑ ɤ k m ɤ j ]_w
[_w x u ɕ ɑ s ɤ ]_w
[_w o ɕ r ɑ ʃ u ɤ ]_w
[_w ɑ p ɤ j ]_w
[_w t a l i l ]_w
[_w ɡ ɑ k ɤ l ɑ ]_w
[_w ʃ i ɡ ɤ r ʔ ]_w
[_w d o r ɤ r ɡ ɑ ]_w
[_w r ɑ z l ɤ j ]_w
[_w x ɑ j w ɑ n ]_w
[_w ɑ l t ɤ n ]_w
[_w a m a ɡ ɑ r i z ]_w
[_w y l e m s e z ]_w
[_w n a s ɑ r a t e ]_w
[_w j ɑ z m ɑ z ɤ n ]_w
[_w t y l a y ]_w
[_w e ɕ e n n a n ]_w
[_w o s t ɑ ]_w
[_w s ɑ l i x ]_w
[_w d e l a ɡ ]_w
[_w k e m n a r ]_w
[_w i m ɑ n ]_w
[_w a d i ]_w
[_w s ɑ d u ]_w
[_w i l m i ]_w
[_w b a j ɑ ]_w
[_w t a m a ]_w
[_w k ɑ j r e ]_w
[_w ʑ ɑ n k ɑ ]_w
[_w ʃ ɑ k i r o w ]_w
[_w a j t ]_w
[_w x o t ɑ j ]_w
[_w m ɑ j ]_w
[_w y z ɡ a r d e ]_w
[_w j ɑ s k ɑ n ]_w
[_w n o p e l ʔ ]_w
[_w ʑ ɤ ɡ ɑ ɕ ɑ ɡ ]_w
[_w ɑ j t ɑ ]_w
[_w a j t i ɡ ]_w
[_w t ɑ n i l ]_w
[_w s a f a r ]_w
[_w d ø r e z ]_w
[_w ɑ ʑ ɑ r ɡ ɑ ]_w
[_w i r e n a ]_w
[_w j ɑ l ɡ ɤ n ]_w
[_w ø z d a l ]_w
[_w k ɑ n a k ɑ t ʔ ]_w
[_w b o r ɕ ɤ j ]_w
[_w h a r b e r ]_w
[_w t o d ɤ l ɤ k ]_w
[_w k ɑ j s a ]_w
[_w i ɡ a n e n ]_w
[_w s ɑ ɡ l ɑ n ɤ p ]_w
[_w d ɤ n ɤ ŋ ]_w
[_w k ɑ n ]_w
[_w t ø ʃ e r e p ]_w
[_w y t k a r e l a ]_w
[_w k u j k ɑ n ]_w
[_w k a ʑ i t ]_w
[_w b u e n t ɑ ]_w
[_w l a j l a n e ŋ ]_w
[_w i s t a n ]_w
[_w ɕ ɤ n l ɤ ]_w
[_w j ɑ n ɤ n ]_w
[_w k i s e p ]_w
[_w ɑ r m i j ɑ ]_w
[_w t y ɡ a r a ɡ ]_w
[_w ø s t e n ]_w
[_w ɡ a r a k a t ]_w
[_w u e n n ɑ r ]_w
[_w b i r y ]_w
[_w e ʃ l a r n e ]_w
[_w r a x m a t ]_w
[_w d ø r e s ]_w
[_w i l e n a ]_w
[_w a z e r l e ]_w
[_w s u k ɤ r ɡ ɑ ]_w
[_w ɑ l s ɑ ŋ ]_w
[_w f a l s a f i ]_w
[_w k y r y ]_w
[_w j ɑ r ɑ t ɑ ]_w
[_w y z e b e s ]_w
[_w e ɕ e p ]_w
[_w u t ɤ r ɡ ɑ ]_w
[_w ɡ ɤ l ɤ p ]_w
[_w a l e ɡ e ]_w
[_w b ɑ ʃ t ɑ ]_w
[_w m e l l ɑ r ]_w
[_w k ɑ j d ɑ d ɤ ]_w
[_w u r ɑ m ]_w
[_w t i e ʃ ]_w
[_w k y p m e ]_w
[_w ɯ n a l e ʃ ]_w
[_w i j ɑ r e b ]_w
[_w b y l e ɡ ]_w
[_w k o t l ɑ u ]_w
[_w t i k a n d a ]_w
[_w a t a b i j ɑ t ]_w
[_w f o t o l ɑ r ]_w
[_w b ɑ z ɑ r k ɑ ]_w
[_w u r ɤ n d ɑ ]_w
[_w b e r ɑ ]_w
[_w k ɑ r ɑ p ]_w
[_w m a ɡ ʔ n a l e ]_w
[_w m ɑ ʃ i n ɑ ]_w
[_w ø m e t l a r ]_w
[_w h ɑ w ɑ ]_w
[_w t u ɑ ]_w
[_w i r e k t o r ]_w
[_w ʑ i r l e ɡ ]_w
[_w u k r ɑ i n ɑ ]_w
[_w j ɑ x ʃ ɤ l ɤ p ]_w
[_w ɑ w ɤ l ɤ m ]_w
[_w s a ŋ ɡ a m a ]_w
[_w t o r ɤ b ]_w
[_w ɡ ɤ s k ɑ ]_w
[_w i l e ]_w
[_w w e n e r ɑ l ʔ ]_w
[_w d ø l ɡ e r t y ]_w
[_w m ɑ t t i ]_w
[_w s o ɡ l ɑ p ]_w
[_w ɡ i l e ]_w
[_w s i n e ]_w
[_w k ɑ z ɑ n ]_w
[_w k ɤ r ɤ j ]_w
[_w j ɑ r ɑ t ɤ ]_w
[_w ɑ w ɤ r ɤ p ]_w
[_w ɕ i d a r ]_w
[_w k ø z ]_w
[_w t i j ɑ r ]_w
[_w b e r n i ɕ a ]_w
[_w x a t a r ]_w
[_w k ø e ]_w
[_w k y r e n e ʃ ]_w
[_w s ɑ b ɑ n ]_w
[_w t a y ]_w
[_w d i b ]_w
[_w b i r a ɕ a t a ]_w
[_w k ɑ l ɑ ʑ ɑ k ]_w
[_w y z e m ]_w
[_w k ɑ r ɕ ɤ ]_w
[_w a ɡ i j ɑ d ]_w
[_w j ø r a ɡ e m ]_w
[_w s a j n a b ]_w
[_w ɕ ɑ n ɤ ]_w
[_w u e n ]_w
[_w x ɑ l ɤ k l ɤ ]_w
[_w ɡ ɑ n ]_w
[_w ɑ k ɤ l ɑ ]_w
[_w k u n ɑ ɡ ]_w
[_w ɕ o r ɤ n ɑ ]_w
[_w o ɕ r ɑ ʃ u ]_w
[_w f i l ʔ m ]_w
[_w f a j s i ]_w
[_w k ɑ t ɤ p ]_w
[_w ɑ k ɑ d e l ]_w
[_w j e r ɑ k t ɑ ]_w
[_w i t e m ]_w
[_w j ɑ n ɤ n d ɑ ]_w
[_w ɕ i ŋ e p ]_w
[_w u z e n ]_w
[_w ɑ l ɑ r ]_w
[_w m a k ʔ n a z e ]_w
[_w ɑ l ɡ ɑ n ʑ ɑ ]_w
[_w i ʒ ɑ r a ]_w
[_w ɑ w ɤ l d ɑ ]_w
[_w u j l ɤ j ]_w
[_w s t ɑ r t k ɑ n ]_w
[_w t ɑ u ]_w
[_w n ɑ ɕ ɑ r ]_w
[_w ɡ ɑ l ɑ ]_w
[_w f u t b o l ]_w
[_w p i ʃ e n ɕ a ]_w
[_w f e w r ɑ l j ɑ ]_w
[_w i n d e r n e ]_w
[_w ɑ l ɤ n ɑ ]_w
[_w b i l ɡ e s e ]_w
[_w s ɤ j n ɤ ŋ ]_w
[_w b ɑ l ɑ n ɤ ŋ ]_w
[_w j e l l ɤ k ɤ n ]_w
[_w d u z ]_w
[_w k ɑ j t ɤ ]_w
[_w b ɑ z d ɤ ]_w
[_w n ɤ k r ɑ k ]_w
[_w ɡ u j t ɤ m ]_w
[_w y t a y ]_w
[_w i z ɡ e n ]_w
[_w k ɑ m ɑ l ]_w
[_w t a x i ]_w
[_w r a i z ]_w
[_w ɑ t ɑ l ɡ ɑ n ]_w
[_w x a s r a ɡ ]_w
[_w b e l a ]_w
[_w f ɑ t i x ]_w
[_w t u ɤ p ]_w
[_w o z ɤ n ]_w
[_w ɑ w ɤ r ]_w
[_w e ʃ ɕ a n l e ɡ ]_w
[_w t ɑ n ɤ ]_w
[_w i ɡ a n ]_w
[_w ɡ y l m a s e ]_w
[_w ɑ k t u ɑ l ʔ ]_w
[_w m ø f t i e ]_w
[_w j ɑ r ɑ d u ɕ ɤ ]_w
[_w k i l a l a r ]_w
[_w j ɑ k l ɤ ]_w
[_w k e b e k ]_w
[_w ɑ z ɑ t ɤ b ]_w
[_w j ɑ r t e b ]_w
[_w i ʃ e t k a n ]_w
[_w m i n u d ]_w
[_w b u l ɡ ɑ t a r ]_w
[_w ʃ u n d ɤ j ]_w
[_w w a ɡ i l e ʃ y ]_w
[_w k ɤ s k ɑ ]_w
[_w s ø l a j x ɑ ]_w
[_w t a y l e k e ]_w
[_w k ɑ r ɑ b ]_w
[_w y l a ]_w
[_w k i ʑ a ]_w
[_w k o r ʔ a n ]_w
[_w a j t e p ]_w
[_w s o w e t ]_w
[_w p ɑ l ɑ n ɤ ]_w
[_w x i s ɑ p ]_w
[_w i t ɑ r a ]_w
[_w ʑ ɑ r ɑ ]_w
[_w i r e n d a ]_w
[_w r ø x s a d ]_w
[_w i ɕ ɑ t i ]_w
[_w k ɑ s ]_w
[_w z u l ɑ r ]_w
[_w j o l d ɤ z ]_w
[_w b a s ]_w
[_w k ɑ s i n u r ]_w
[_w ø j r a n ɡ a n ]_w
[_w j ɑ ʃ e n d a ]_w
[_w j ɑ n ɤ ɕ l ɤ ]_w
[_w n a r s a n e ]_w
[_w i ɡ e z e z ]_w
[_w p a x t i j ɑ r ]_w
[_w k ɑ ɯ m ]_w
[_w k e r t k a n ]_w
[_w u r d ɑ ]_w
[_w i m d i x ɑ n ]_w
[_w b ɑ r ɡ ɤ ]_w
[_w ɑ w ɤ l ]_w
[_w x ɑ l ɤ k ɤ n ]_w
[_w y z e n n a n ]_w
[_w t e l l a r e n ]_w
[_w j ɑ z u ʑ ɤ ]_w
[_w m a x m y t ]_w
[_w b u j l ɤ j m ]_w
[_w ɕ ɤ ɯ ]_w
[_w s ɑ b i r ]_w
[_w s a l a n ]_w
[_w m e z ɡ e ]_w
[_w k i ɕ e r a ]_w
[_w k ɤ l ɑ ]_w
[_w ɑ r t t ɤ r ɑ ]_w
[_w j ø r a k ]_w
[_w s i ɡ e r t a ]_w
[_w i t a b e s ]_w
[_w k i ʑ e r ɡ a ]_w
[_w k y r ʃ e ]_w
[_w ʃ u l ɑ r n ɤ ]_w
[_w k y r k a s m a ]_w
[_w u f ɑ ]_w
[_w t ø r e z ]_w
[_w ɑ w ɑ s ɤ ]_w
[_w ɑ t ɑ l k ɑ n ]_w
[_w b ɑ r l ɤ ]_w
[_w ɑ s ɤ l ɑ ]_w
[_w b r o b l e m ɑ ]_w
[_w ɕ i k t a ]_w
[_w j ɑ k ʔ n i ]_w
[_w i s a p t a ]_w
[_w ɕ ɤ j ɡ ɑ ]_w
[_w j e l ɡ ɤ ]_w
[_w j ɑ ɡ ɤ n r ɑ k ]_w
[_w b ɑ ʃ k o r d ]_w
[_w b e l a n ]_w
[_w i z e m e n ]_w
[_w ɡ i t k a ɕ ]_w
[_w m a s k y r ]_w
[_w ɑ n d ɤ j ]_w
[_w m a ʑ e t ]_w
[_w r ɑ j o n ɤ ]_w
[_w s ø l f i j ɑ ]_w
[_w n a ɕ i b ]_w
[_w j ɑ s ɑ l k ɑ ]_w
[_w e z l a y ]_w
[_w d ɑ l a p ]_w
[_w i n w ɑ l i t ]_w
[_w ɑ l u ]_w
[_w ɯ n a l e ʃ t a ]_w
[_w ɑ r t t ɑ ]_w
[_w ɡ ø n e n ]_w
[_w j ɑ z ɡ ɤ ]_w
[_w s u r ]_w
[_w x a e r ]_w
[_w r u z ]_w
[_w ɑ j l ɤ k ]_w
[_w ø s e l d e ]_w
[_w t o t ɤ l ɤ k ]_w
[_w t o r t ɤ m ]_w
[_w b ɑ z ɑ ]_w
[_w u j l ɑ p ]_w
[_w ɡ i t e r t a m ]_w
[_w k i r a k t e r ]_w
[_w o r e n b u r ɡ ]_w
[_w r ɑ x m ɑ n ]_w
[_w ɑ z d ɤ r ]_w
[_w k i l e ʃ y ]_w
[_w y d a r t i b ]_w
[_w r a i s ]_w
[_w a z a r l a r ]_w
[_w j ɑ z d ɤ n d ɑ ]_w
[_w k e ʃ e z e n ]_w
[_w b u l ɑ m ɤ ]_w
[_w y r e l e b ]_w
[_w t i e ʃ e n e ŋ ]_w
[_w k ɑ j t k ɑ n ]_w
[_w j ɑ i s a ]_w
[_w d u t ɤ r t ɤ ]_w
[_w y z y z e n e ŋ ]_w
[_w u z ɑ n ]_w
[_w t u ɡ ɑ n ]_w
[_w i l l a t ]_w
[_w t ø b l e ]_w
[_w u r ɑ m ɡ ɑ ]_w
[_w s y z ɡ a ]_w
[_w k ɑ e b l e ]_w
[_w ɑ l ɡ i n ]_w
[_w s u k ɤ ʃ ]_w
[_w b i s t a n ]_w
[_w s a n ɡ ɑ t ʔ ]_w
[_w k ø d a ]_w
[_w b ɑ ʃ l ɤ ɡ ɤ ]_w
[_w k u l ɤ n ɑ ]_w
[_w t ø ʃ t e ]_w
[_w e r e ]_w
[_w ɕ i r t a n ]_w
[_w ʑ ɤ r ɕ ɤ ]_w
[_w d e l e m ]_w
[_w y t k a ʑ ]_w
[_w ʃ a p ]_w
[_w ɕ ɑ k ɤ ]_w
[_w u k l ɤ m ]_w
[_w m i l l a r ]_w
[_w f ɑ ɕ i k ɑ ]_w
[_w m a s ʔ a l a ]_w
[_w s ø f a r ]_w
[_w d i k ]_w
[_w t ø r ɡ e m ]_w
[_w b i l ɡ e l e ]_w
[_w d u ɡ ɤ z ]_w
[_w m i n i s t r ɤ ]_w
[_w ʃ ɑ k ɤ j r ʔ ]_w
[_w t ɑ d m e t i ɑ ]_w
[_w j ɑ r u l l i n ]_w
[_w ɑ l k ɤ n ]_w
[_w k u l l ɑ ]_w
[_w ɑ l u ɤ ]_w
[_w k i l e r ɡ a ]_w
[_w ɕ ɤ j t ɤ ]_w
[_w ɑ ɕ ɤ l d ɤ r ɑ ]_w
[_w b e l e m l e ]_w
[_w x ɑ k ]_w
[_w d y ɡ e l m e ]_w
[_w f a n n i ]_w
[_w a s r a t ]_w
[_w k y r a s e m ]_w
[_w k ɑ p ɑ t ]_w
[_w k ø z ɡ e ]_w
[_w ʃ a x s i ]_w
[_w ɑ j ɑ ɡ ɤ ]_w
[_w y z ɡ a r t e ]_w
[_w ɕ o m ɡ ɑ ]_w
[_w a ŋ ɡ a m a ]_w
[_w ʑ a j ]_w
[_w x a l i m ]_w
[_w ɡ i n o ]_w
[_w s ɑ n ɤ n ]_w
[_w b u l ɑ s ɤ ]_w
[_w ɯ ɡ ɑ l d ɤ l ɑ ]_w
[_w p u e n ɑ ]_w
[_w i t k a n ]_w
[_w x i k a j ɑ ]_w
[_w j ɑ n k ɤ n ]_w
[_w t a r a ]_w
[_w ɑ l ɡ ɑ n ɤ ɕ ]_w
[_w k ɑ l ɑ r ɤ ]_w
[_w s ø j l a ʃ e p ]_w
[_w k ø l e b ]_w
[_w l i l i j ɑ ]_w
[_w k a ʑ a ]_w
[_w b a l ɡ i ]_w
[_w ɡ e p i ]_w
[_w m a k t a p e ]_w
[_w k i t e r a ]_w
[_w s ø ɯ ]_w
[_w i x s ɑ n o w ɑ ]_w
[_w k i n o s ɤ ]_w
[_w k ɑ j s ɤ l u ]_w
[_w ø z d i ]_w
[_w h i ɕ ]_w
[_w ʒ u l ɑ j ]_w
[_w b ɑ p ɑ j ]_w
[_w t ø ʃ a r ɡ a ]_w
[_w ɑ ʃ ɤ j ɡ ]_w
[_w b u l s ɑ m ]_w
[_w d ø b e n a ]_w
[_w b e l d e ]_w
[_w ɡ i l a ]_w
[_w t ø n ʔ j ɑ z ]_w
[_w b u e n d ɑ ]_w
[_w r o m ɑ n ]_w
[_w j ø r y ɕ e ]_w
[_w ʒ ɑ m i l ]_w
[_w u j n ɑ r ]_w
[_w b y l a k l a r ]_w
[_w s e z ]_w
[_w t u l ɑ ]_w
[_w ɡ ɑ r ʃ ɤ n d ɑ ]_w
[_w m a x a b b a t ]_w
[_w t i k ʃ e r e p ]_w
[_w k r ɑ ʃ t ɤ ]_w
[_w k ɑ l i m n a r ]_w
[_w s e p e z ]_w
[_w b u l m ɑ w ɤ ]_w
[_w d o ʃ m ɑ n ]_w
[_w t ø ʃ ]_w
[_w n u r ]_w
[_w i k e n ɕ e s e ]_w
[_w x a r b i j ɑ ]_w
[_w k y l m a ]_w
[_w s u k ɤ b ]_w
[_w m a ŋ ɡ e ]_w
[_w b ɑ r ɤ s ɤ ]_w
[_w k ɑ l d ɤ ɡ ]_w
[_w y z a k e n a ]_w
[_w i t k a ʑ ]_w
[_w ɑ j ɑ ɡ ]_w
[_w ɕ i t k a n ]_w
[_w a x l ɑ ɡ ɤ n ɑ ]_w
[_w s e z n e ]_w
[_w u j l ɑ r ]_w
[_w k i m e ɡ a n ]_w
[_w k y z l e ]_w
[_w f ɑ j t ɑ n ]_w
[_w j ø z l e ]_w
[_w s a ɡ ɑ t ʔ ]_w
[_w k ø j ]_w
[_w j ɑ s ɤ j ]_w
[_w r e ʃ i z s e r ]_w
[_w j ɑ x ʃ ɤ r ɑ k ]_w
[_w ʑ ɑ k l ɑ n ɤ ]_w
[_w i ʃ e k e n a ]_w
[_w ø s t e n d ]_w
[_w j ɑ s m ɤ ʃ ɤ n ]_w
[_w b e t e r e p ]_w
[_w ɑ z ɑ t l ɑ r ɤ ]_w
[_w i l ɡ i s ]_w
[_w t ø z e p ]_w
[_w ɑ l m ɑ s ɤ ]_w
[_w ɑ ɡ ɤ l ɑ ]_w
[_w b e s ]_w
[_w b e l d e r ]_w
[_w b i ʃ e n ɕ e ]_w
[_w s ɑ r ɑ ]_w
[_w u r t ɑ k l ɤ j ]_w
[_w ʑ o r ɤ n d ɑ ]_w
[_w a ŋ ɡ a r ]_w
[_w ɑ l l ɑ h n ɤ ŋ ]_w
[_w ɑ l ɑ j l ɑ b ]_w
[_w b u l d ɤ ]_w
[_w x a b a r e p ]_w
[_w b e r n i ]_w
[_w a l l a r ]_w
[_w z i k e z ]_w
[_w k ɑ t ]_w
[_w r a w e ʃ l e ]_w
[_w ʃ a k e r ɕ e ]_w
[_w d ɑ u l ɤ j ɡ ]_w
[_w x a p a r l a r ]_w
[_w ɑ ɡ ɑ ɕ ]_w
[_w u k l ɤ ]_w
[_w ʑ a l i l ]_w
[_w k u ɯ ]_w
[_w t ɑ w ɑ m ɤ ]_w
[_w t ɑ p ʃ ɤ r ɤ p ]_w
[_w ɕ ɑ l l ɤ t ɑ ]_w
[_w ɡ ø ɕ l e r a k ]_w
[_w j ɑ r ɑ r ɤ ]_w
[_w s ø t ]_w
[_w b i r e l d e ]_w
[_w k ø l a ]_w
[_w ɑ t ɤ j l ɑ r ]_w
[_w d o r ɑ ɡ ]_w
[_w ø j r a d y ]_w
[_w k i l e r ]_w
[_w ɑ t ɑ l ɑ n ɤ ]_w
[_w k ɑ ɕ a b ]_w
[_w k ɑ l ɑ ʑ ɑ ɡ ]_w
[_w j ɑ n ɤ j m ]_w
[_w m i n d i m e r ]_w
[_w t ɤ ŋ l ɑ p ]_w
[_w b u l ɤ ʃ ɑ ]_w
[_w m e r ɤ ]_w
[_w n ɤ ŋ ]_w
[_w k ɑ n a ɡ ɑ t ʔ ]_w
[_w t u p l ɑ b ]_w
[_w u s e n ]_w
[_w k ø n ]_w
[_w u k u ɕ ɤ ]_w
[_w i r e ʃ k a n ]_w
[_w s ɑ n ɤ n n ɑ n ]_w
[_w k ɑ t a d ]_w
[_w b u l s ɤ n ]_w
[_w ɑ n n ɑ n ]_w
[_w d ɑ d ɑ r ]_w
[_w ɕ i ŋ e l ]_w
[_w ɡ y r e n d a ]_w
[_w b a z ]_w
[_w ʑ ɤ r n ɤ ]_w
[_w b a r e ]_w
[_w ɑ b ɑ ]_w
[_w s ɑ j t ]_w
[_w ø r j ɑ ŋ ɑ ]_w
[_w b u ʃ l ɑ j ]_w
[_w b ɑ w e l ]_w
[_w t o r m ɤ ʃ k ɑ ]_w
[_w u ɕ ɑ k ]_w
[_w s ɑ p ɑ ]_w
[_w x a b a r ]_w
[_w a j d i k ]_w
[_w ɑ l i n a ]_w
[_w i r e ʃ y ]_w
[_w d o t ɤ p ]_w
[_w ʑ ɑ r ɑ t ɑ ]_w
[_w ʃ ɑ r t l ɑ r ]_w
[_w ɑ ɕ k ɑ n ]_w
[_w j ɑ ʃ i ]_w
[_w e ʃ l a r ɡ a n ]_w
[_w p u l ɤ ʃ ]_w
[_w j ɑ z u ]_w
[_w d i r a n ]_w
[_w ɡ ɑ j t ɑ r ]_w
[_w o s ɑ ɡ ]_w
[_w a l l a r t a n ]_w
[_w b e r a r ]_w
[_w b ɑ l d ɑ ]_w
[_w k i t e p ]_w
[_w a j t t e l a ]_w
[_w x ɑ t ɤ n ɤ ɕ ]_w
[_w k o r ɑ l ɤ ]_w
[_w ɑ ŋ l ɑ b ]_w
[_w f ɑ t ɤ n k ɤ s ]_w
[_w ɑ n ɤ ŋ ]_w
[_w y t k a r t a ]_w
[_w y s y z e n ɕ a ]_w
[_w n e f t ʔ ]_w
[_w m a j t ɑ ]_w
[_w m i x ɑ i l ]_w
[_w f i n ɑ n z ]_w
[_w k ø n e n ]_w
[_w ɕ i r l a r e ]_w
[_w m i n s a l a d ]_w
[_w ʑ i r e n n a n ]_w
[_w y z e ŋ a ]_w
[_w ʑ ɤ r l ɑ r ]_w
[_w t e l e f o n ɤ ]_w
[_w x ø k e m ]_w
[_w ɕ i ŋ y ]_w
[_w i d m i ]_w
[_w k ɑ ʃ ɤ j ]_w
[_w x o k k e j ]_w
[_w ɡ e r t k a n ]_w
[_w n o b e l ʔ ]_w
[_w j ɑ l ɡ ɤ ]_w
[_w j ɑ s u ʑ ɤ ]_w
[_w a w e r e l d e ]_w
[_w t ɤ ŋ l ɤ j ]_w
[_w r u p r i k ɑ ]_w
[_w ɑ e r ɤ l ɑ ]_w
[_w m ɑ ʃ i n ɑ s ɤ ]_w
[_w k o m e r l ɤ ]_w
[_w x o k u k ɤ ]_w
[_w s ø j ɡ a n ]_w
[_w p o r ɕ ɤ j ]_w
[_w x a l e n t a ]_w
[_w ɡ ɑ s ɤ ]_w
[_w u j n ɑ p ]_w
[_w ɡ ɑ m ɑ s ɤ ]_w
[_w k ɑ j t ɑ l ɤ p ]_w
[_w i ʃ ɑ u ]_w
[_w u z d ɤ r d ɤ ]_w
[_w s u ɡ ɤ ʃ ]_w
[_w x ɑ l ɡ ɤ n ]_w
[_w ʃ ɑ t l ɤ ɡ l ɤ ]_w
[_w j ɑ k ɤ n ]_w
[_w s u l ɤ ʃ ]_w
[_w j o r t k ɑ n ]_w
[_w d e l l e ]_w
[_w u j l ɑ t ɤ ]_w
[_w k ɑ l d ɤ m ]_w
[_w o ɕ r ɑ ʃ u t ɑ ]_w
[_w x ɑ k ɤ n d ɤ ]_w
[_w k i t k a n ʑ e ]_w
[_w n a t i ɕ a s e ]_w
[_w j ɑ ʃ i l a r e ]_w
[_w ʃ y r a l e ]_w
[_w b ɑ ʃ l ɑ t ɤ ]_w
[_w b ɑ l ɑ ]_w
[_w ɯ l ɤ n ]_w
[_w k i t t e ɡ ]_w
[_w a m m ɑ ]_w
[_w ɡ i ʑ a ]_w
[_w b o r ɤ l ɡ ɑ n ]_w
[_w m a s k a y t a ]_w
[_w ø l ɡ a d a ]_w
[_w ɑ k ɕ ɑ ]_w
[_w t e l d e ]_w
[_w o s ɑ d ɤ p ]_w
[_w d o t ɤ l ɑ ]_w
[_w t a m a k e ]_w
[_w h a l ɑ k ]_w
[_w x a t e r ]_w
[_w m u z ɑ ]_w
[_w t i j ɑ ]_w
[_w i s e m e n ]_w
[_w ɑ r ɡ ɤ n ɤ ɕ ]_w
[_w ɑ l m ɑ t ɤ ]_w
[_w k ɑ b u l ]_w
[_w n a f r a t ]_w
[_w o ʃ ɤ j ]_w
[_w o ɕ r ɑ ʃ t ɤ ]_w
[_w ɑ ŋ l ɑ t ɤ ]_w
[_w i k e ø ɕ ]_w
[_w i l e b e z ]_w
[_w d i r e k ]_w
[_w ʑ i t m a k a ]_w
[_w j ɑ s ɤ p ]_w
[_w k ɑ j ɑ s i t ]_w
[_w ɑ e r u ɕ ɑ ]_w
[_w m o z d ɑ s ɤ ]_w
[_w a j b a t ]_w
[_w ɕ i d e n ɕ e ]_w
[_w ø j d a ]_w
[_w k y z e ]_w
[_w b u t i n n ɤ ŋ ]_w
[_w ɑ r d ɤ ɡ ]_w
[_w a l e k a ]_w
[_w k ɤ s ɤ ]_w
[_w s ɑ j l ɑ u ]_w
[_w b e s t a ]_w
[_w n i k ɑ t a t i ]_w
[_w u t l ɑ r ɤ ]_w
[_w t m i t r i j ]_w
[_w k y r a z e ŋ ]_w
[_w m u l l ɑ r ɡ ɑ ]_w
[_w y s e ŋ n e ]_w
[_w p ɑ l ]_w
[_w u z ɤ p ]_w
[_w t a ɡ ʔ w ɑ ]_w
[_w k ɑ b e r ]_w
[_w ɕ i b a r e b ]_w
[_w x ɑ d ɑ ]_w
[_w x a l l a r ]_w
[_w z e p e r ]_w
[_w j ɑ ʃ a y ɕ e ]_w
[_w u r ɤ s l ɑ r ɤ ]_w
[_w y z d e r y ]_w
[_w e ʃ s e z ]_w
[_w j ɑ k ɤ n ɑ ]_w
[_w k ɑ r ʃ ɤ ]_w
[_w t u j ]_w
[_w i l e p ]_w
[_w x ɤ j ɑ l ɤ ]_w
[_w x ɑ d ɤ n ɑ ]_w
[_w r o m ɑ n d ɑ ]_w
[_w k e ɕ k e n a ]_w
[_w d ɑ ŋ ]_w
[_w t i l y z ]_w
[_w b ɑ r ɑ ]_w
[_w k u ʃ ɑ ]_w
[_w s i n d a ]_w
[_w d i n e ]_w
[_w b u r ɤ ɕ l ɑ r ]_w
[_w ʑ ɤ r l ɑ b ]_w
[_w ø s t e ]_w
[_w s ɑ k l ɑ ɡ ɑ ]_w
[_w b a x e t e n a ]_w
[_w t ɑ u l ɤ ]_w
[_w k ɑ z ɤ j b ]_w
[_w ɑ r d ɤ m ]_w
[_w k ɑ b i n e t ɤ ]_w
[_w b u ʃ ]_w
[_w ʑ i l ]_w
[_w j ɑ k t ɤ l ɤ ɡ ]_w
[_w t ɑ m ɑ ʃ ɑ ]_w
[_w i ɡ e l l e k ]_w
[_w z a ɡ ɑ t ʔ ]_w
[_w b ɑ r ɑ s ɤ ]_w
[_w b ɑ r ɤ b ]_w
[_w j ɑ n a d ]_w
[_w ʑ ɤ e n ɤ ]_w
[_w m i n i s t r ]_w
[_w ɯ l d ɑ ]_w
[_w ɡ i s a ɡ e ]_w
[_w ɑ w ɤ l ɤ ]_w
[_w z ɑ r i b o w ɑ ]_w
[_w m o ŋ ]_w
[_w o ɕ ɤ n ɑ ]_w
[_w ø j l a ʃ y ]_w
[_w ɑ l ɑ s ɤ ]_w
[_w t ø b a ɡ e ]_w
[_w t ø s i ]_w
[_w j ɑ l ɡ ɑ n ]_w
[_w ʃ u n d u k ɑ n ]_w
[_w b r o e k t ɤ n ]_w
[_w k i l d e ɡ ]_w
[_w a j d a s e ]_w
[_w f ɑ ʃ ]_w
[_w b a l k e m ]_w
[_w ɑ l m ɑ z ]_w
[_w u r d ɑ k ]_w
[_w i ɡ ʔ t i s ɑ d ]_w
[_w j ø r d e m ]_w
[_w b e r ɡ e m ]_w
[_w j ɑ ɡ l ɑ p ]_w
[_w ɑ r ɑ s ɤ ]_w
[_w b ɑ r d ɤ n ]_w
[_w s ɑ l ɑ m ]_w
[_w ɑ ɡ ɤ m l ɤ ]_w
[_w d o r m ɤ ʃ n ɤ ]_w
[_w k i m i ]_w
[_w y t k a r a ]_w
[_w b ɑ l d ɑ ɡ ɤ ]_w
[_w d ɑ ʃ ɤ p ]_w
[_w b u l m ɑ z ɑ ]_w
[_w k i t e r ]_w
[_w k i e m e ]_w
[_w n ɤ k l ɑ b ]_w
[_w k ø n d e z ɡ e ]_w
[_w ɑ k ɑ ɕ ɤ ]_w
[_w j e w r o b ɑ ]_w
[_w i k m a ɡ ]_w
[_w t ø r ɡ i j ]_w
[_w ɑ s ɑ t ɤ l ɑ ]_w
[_w l a j s a n ]_w
[_w x ɑ l ɡ ɤ z ]_w
[_w k y s a t y ]_w
[_w b ɑ r ɤ r ɡ ɑ ]_w
[_w k ɑ s e t ɑ z ɤ ]_w
[_w j ɑ u l ɑ r ]_w
[_w a b i ]_w
[_w s ɑ j l ɑ n ɤ p ]_w
[_w ʑ i t m a k a n ]_w
[_w i ʃ e t t e m ]_w
[_w a k r e n ]_w
[_w t u r ɤ n k ɤ ]_w
[_w k y r m i ]_w
[_w m o ŋ ɑ r ɕ ɤ ɡ ]_w
[_w b i r e r ]_w
[_w e ɕ e ]_w
[_w m a k t a b d a ]_w
[_w ɡ ɑ l i j ɑ ]_w
[_w t e l a ɡ y ]_w
[_w j ø k e r ]_w
[_w ø s e ɡ a n ]_w
[_w s ɑ k ɤ ʃ ]_w
[_w ɯ r i t i ɡ ]_w
[_w t i s a m ]_w
[_w x ɑ t ]_w
[_w ɡ ɑ z ɑ n ]_w
[_w u l ɤ ]_w
[_w l ɑ u r e ɑ d ɤ ]_w
[_w m a k a ]_w
[_w m o n n ɑ ]_w
[_w ɕ ɑ b ɑ t ]_w
[_w u ŋ ɑ e n n ɑ r ]_w
[_w j ɑ x ʃ ɤ r d u ]_w
[_w b ɑ l ɕ ɤ ɡ ]_w
[_w n ɑ m ɑ s ]_w
[_w b ɑ l ɑ ɕ ɑ k ]_w
[_w e n e m ]_w
[_w ɡ ɑ r a b ]_w
[_w ʑ i t k e r a ]_w
[_w d e l a ɡ e ]_w
[_w k a r a ɡ ]_w
[_w s ɑ l ɡ ɤ n ]_w
[_w ɑ ɕ ɤ k l ɑ r ɤ ]_w
[_w s ɑ t l ɤ ]_w
[_w ɑ l l ɑ h ɤ ]_w
[_w i s e m ]_w
[_w j o r t n ɤ ]_w
[_w a j d e r ]_w
[_w k o m u m ]_w
[_w b ɑ ʃ l ɑ r ɡ ɑ ]_w
[_w t i m a ɡ ]_w
[_w ʑ ɤ l ɤ p ]_w
[_w h a r ʑ ɑ k ]_w
[_w i t k a n d a r ]_w
[_w b i l ɡ e l a y ]_w
[_w ʒ u n d ɑ ]_w
[_w ɕ i t ]_w
[_w t ɑ ʃ ɤ ]_w
[_w ɡ i t ɑ b ]_w
[_w m a k ɑ r i s ɑ ]_w
[_w ɡ e ʃ e l a r ]_w
[_w ɕ ɤ n n ɑ n ]_w
[_w k ɑ l ɑ ɕ ɑ k ]_w
[_w j o r t ɤ n d ɑ ]_w
[_w k i d e b ]_w
[_w ɑ x ɤ r ɤ n ɑ ]_w
[_w z a j ɑ s a t ]_w
[_w k ɑ p e r e n ]_w
[_w ɑ l t ɑ ʑ ]_w
[_w t i n ]_w
[_w d a l i l n e ]_w
[_w d o r ɤ ɡ ɤ z ]_w
[_w t e l a z e s ]_w
[_w ɑ t l ɑ b ]_w
[_w k i r a ɡ l e ]_w
[_w t ɑ l ɑ ]_w
[_w u r t ɑ ]_w
[_w u k ɤ l ɡ ɑ ]_w
[_w k ɤ e n ]_w
[_w j e l l ɑ ]_w
[_w t ø z e l e p ]_w
[_w b ɑ ʃ t ɑ n ]_w
[_w k ø ɕ l a b ]_w
[_w k ɑ l s ɤ n ]_w
[_w ɕ o r t ɑ ]_w
[_w j ø z e m ]_w
[_w t u k ɑ j ]_w
[_w j ɑ k l ɑ p ]_w
[_w k u j ɑ n ]_w
[_w j ɑ s u ɕ ɤ ]_w
[_w ɑ l l ɑ k ɑ ]_w
[_w r u x ]_w
[_w j ɑ t ɑ ]_w
[_w d ɑ t u ]_w
[_w k o r u ]_w
[_w ɑ l u k ɑ ]_w
[_w ɯ ɡ ɑ r ɤ p ]_w
[_w t ø p l e ]_w
[_w k o r ɤ l ɡ ɑ ]_w
[_w k u k m ɑ r ɑ ]_w
[_w t ɑ p i k ɤ j ]_w
[_w d ɤ r ɤ r ɡ ɑ ]_w
[_w b o l ɡ ]_w
[_w i n ɡ l i s ]_w
[_w x a b a r e ]_w
[_w s ø j l a r ɡ a ]_w
[_w k o m e r ɤ ]_w
[_w e ʃ l a t e ]_w
[_w ɕ ɑ k ]_w
[_w ɡ u n ɑ ɡ ]_w
[_w x e m ]_w
[_w ɡ ø l s i n a ]_w
[_w u r l ɑ p ]_w
[_w s o k l ɑ p ]_w
[_w ʃ i m b a ]_w
[_w i r e n ]_w
[_w d ɑ r t ]_w
[_w j ɑ ʃ a r ɡ a ]_w
[_w a j d a ɡ e ]_w
[_w j ɑ k k ɑ ]_w
[_w u r n ɑ l ]_w
[_w m e t r ]_w
[_w b e t t e m ]_w
[_w a z a r e ]_w
[_w ɑ ŋ l ɑ t t ɤ ]_w
[_w j ɑ ʃ e ]_w
[_w w a s i m a ]_w
[_w ɑ r ɑ ɡ ɤ s ]_w
[_w ɡ ø n n a n ]_w
[_w s ɑ t ɑ ]_w
[_w a l e k e ]_w
[_w b ɑ ʃ l ɑ r ]_w
[_w k ɤ l ɤ ʃ ]_w
[_w ɑ r ɑ k ɑ n ]_w
[_w a t i b ]_w
[_w t ɑ r i x ]_w
[_w t ɑ d ɑ r l ɑ k ]_w
[_w ɑ n ɑ ]_w
[_w s ɑ k l ɑ r ]_w
[_w t ɑ n a ]_w
[_w d i m e r ]_w
[_w s y z ɡ a r a ]_w
[_w u k ɤ ]_w
[_w ɑ ɡ ʑ ɑ s ɤ ]_w
[_w ɑ ŋ l ɑ u ]_w
[_w ɑ b r e l ʔ t a ]_w
[_w f i k e r t e ]_w
[_w t e k a j ]_w
[_w b ɑ d ɤ r l ɤ ɡ ]_w
[_w k y d a r t e ]_w
[_w s ɑ n d ɑ ]_w
[_w x ɑ l i ɡ o w ]_w
[_w m ɑ d e r l i m ]_w
[_w b ɑ b ɑ m ]_w
[_w b ɑ ʃ k ɑ ɕ ɑ ]_w
[_w b i r t e ]_w
[_w s i s e l a ]_w
[_w ʑ i h ɑ z l ɑ r ]_w
[_w j ɑ m ʔ ]_w
[_w l e n i n ]_w
[_w ɡ ɑ j n ɤ ŋ ]_w
[_w x i z ɑ p ]_w
[_w j o r t l ɑ r ]_w
[_w i s k e n ]_w
[_w e ʃ l i l a r ]_w
[_w t e l e n a ]_w
[_w k y ŋ e l ]_w
[_w b ɑ r s ]_w
[_w p ɑ b ɑ j ]_w
[_w s ɑ j t ɤ r ]_w
[_w b i l ɡ e l i ]_w
[_w j ɑ k l ɑ r ɤ ]_w
[_w ɑ t l ɑ r ɤ ]_w
[_w ʑ ɑ n k ɑ n ]_w
[_w n a ʑ i p ]_w
[_w ɑ l ɤ r ]_w
[_w ɡ e r e p ]_w
[_w j e l l ɤ k ]_w
[_w t y ʃ a m b e ]_w
[_w i s a b d a ]_w
[_w d u t ɤ ]_w
[_w u ɡ ɤ t u ɕ ɤ ]_w
[_w ɡ o m e t i j ɑ ]_w
[_w ɑ l ɑ r ɤ ]_w
[_w o ɕ r ɤ j ]_w
[_w i ʑ ɑ t ɤ n ɤ ɕ ]_w
[_w f i r d y z ]_w
[_w k y z ɡ a ]_w
[_w k y r e n e p ]_w
[_w t y r a l a r ]_w
[_w m ɑ m ɑ t ɤ ]_w
[_w u j n ɑ b ]_w
[_w k u e ]_w
[_w d ɑ t ɑ r n ɤ ŋ ]_w
[_w b l ɑ n ]_w
[_w k o t l ɑ t ɤ r ]_w
[_w k ø n n a n ]_w
[_w ɑ ʃ ɤ r u ɤ ]_w
[_w s ɑ l ɤ n ɡ ɑ n ]_w
[_w u ɡ ɤ k ɑ n ]_w
[_w d ɤ r ɤ ʃ ɡ ɑ ]_w
[_w ʑ ø m l a n e ŋ ]_w
[_w ɕ i t k a n d a ]_w
[_w k ɑ r ɤ j ]_w
[_w b u l m ɑ s ɤ ]_w
[_w ø j r a n a ]_w
[_w y z k a r d y ]_w
[_w b e ɕ a n ]_w
[_w s u d ɑ ]_w
[_w t ɑ w ɤ ʃ ɤ n ]_w
[_w k i m e k a n ]_w
[_w m ɑ n s u r ]_w
[_w ɑ ɕ u ]_w
[_w u f u ]_w
[_w k ɑ ɕ a p ]_w
[_w o ɕ r ɑ ʃ ɑ ]_w
[_w k u ʃ ɑ r k ɑ ]_w
[_w n i ɡ a ]_w
[_w e ɕ k e ]_w
[_w ɑ z ɑ k ɑ z ]_w
[_w t ø j ɑ p ]_w
[_w t o r k ɑ n ]_w
[_w ʃ u ŋ ɑ ]_w
[_w ʑ i t k a n ]_w
[_w r i s ɑ ]_w
[_w b e l a z a ]_w
[_w ʑ i h ɑ s l ɑ r ]_w
[_w m u z ɤ k ɑ ]_w
[_w m a k ɑ t ʔ k a ]_w
[_w x a b a r e b ]_w
[_w ɯ l ɡ ɑ ]_w
[_w ɕ ɤ r ]_w
[_w k y ɕ a ]_w
[_w s ɑ j d ]_w
[_w w ɑ ɡ ɤ d ɤ ]_w
[_w p ɑ l ɑ n ɤ p ]_w
[_w b o l ɑ r n ɤ ]_w
[_w w e d e w ]_w
[_w b ɑ r d ɤ n d ɑ ]_w
[_w k a ɕ i t ]_w
[_w k y t a r e l a ]_w
[_w j ɑ u l ɑ t ]_w
[_w x ɑ ɡ ɤ n ɕ ɑ ]_w
[_w ʑ ø m l a ]_w
[_w b i t ]_w
[_w n i k ]_w
[_w b ɑ t ɤ r ]_w
[_w x o k u k l ɤ ]_w
[_w b ɑ l ɑ n ɤ p ]_w
[_w s ɑ n ɑ l ɡ ɑ ɕ ]_w
[_w r ɑ t i o ]_w
[_w s ɑ ɡ o n n ɑ r ]_w
[_w b ɑ s t ɤ r u ]_w
[_w t o t t ɤ ]_w
[_w ɡ u j ɑ r ɡ ɑ ]_w
[_w ɡ y p k a ]_w
[_w ɑ t ɑ r ɡ ɑ ]_w
[_w n ɤ ɡ l ɑ b ]_w
[_w k ø l s i n a ]_w
[_w b u l d ɤ r u ]_w
[_w s o ŋ r ɑ ɡ ]_w
[_w ø z d a w e n a ]_w
[_w b e l a l a r ]_w
[_w o m d ɤ l ɑ r ]_w
[_w j ø s e n d a ]_w
[_w i s e m l e ]_w
[_w t e l ɡ a n ]_w
[_w ʑ ɤ r l ɑ p ]_w
[_w k i b e t ]_w
[_w z a x n a t a ]_w
[_w s i k e z e ]_w
[_w e l ʔ w i r ɑ ]_w
[_w d i r a n d e n ]_w
[_w y t m i ]_w
[_w u l ɤ n n ɑ r ]_w
[_w b ɑ ʃ ɤ n t ɤ ]_w
[_w i t a p e n ]_w
[_w k i l d e l a ]_w
[_w d e x n i ɡ ]_w
[_w ɡ ø n n a r ]_w
[_w ø l ɡ a ]_w
[_w t ɤ r ɤ ʃ k ɑ ]_w
[_w s ɑ l ɡ ɤ p ɤ s ]_w
[_w t a n e ]_w
[_w ʃ ɑ k ɤ j r e ]_w
[_w i b d a ʃ ]_w
[_w ɑ l ɤ n ]_w
[_w a j b a d ]_w
[_w ø s k a ]_w
[_w i t e l a p ]_w
[_w b i r m a d e n ]_w
[_w j ɑ z ]_w
[_w b a j l a n a ]_w
[_w s ɑ b ɑ ]_w
[_w s u m ]_w
[_w ɑ ɡ ɑ ]_w
[_w b ɑ r ɡ ɑ n ]_w
[_w k e m n e ]_w
[_w n a r z a ]_w
[_w k o j ɑ ʃ ]_w
[_w x a b a r n e ]_w
[_w ɑ x ɤ r t ɑ ]_w
[_w i d a n ɡ e ]_w
[_w x ɑ l ɡ ɤ n ɑ ]_w
[_w y l a n ]_w
[_w k ø r l a b ]_w
[_w k ɑ j t ɑ ]_w
[_w b a n d a ]_w
[_w y r e l ɡ a ]_w
[_w ɕ a j ]_w
[_w k ɑ m ɑ s ɤ ]_w
[_w r ɑ m i l ]_w
[_w n i j ɑ t ]_w
[_w ɕ ɤ ɡ ɑ n ]_w
[_w ɕ i ŋ y ɡ a ]_w
[_w k i t a m ]_w
[_w ø ɕ e n ɕ e ]_w
[_w k ɤ s ɤ p ]_w
[_w b o r ɤ n ɑ ]_w
[_w s ɤ e r ]_w
[_w ʑ ɑ ŋ ɡ ɤ ]_w
[_w n ɑ m ɑ s ɤ ]_w
[_w j o ɡ ɤ ]_w
[_w ɑ ɡ ɤ l ɤ ]_w
[_w k u r ɡ u ]_w
[_w b ɑ ʃ ɡ ɑ n ]_w
[_w b a j ɡ e t a ]_w
[_w k ø n t e s k e ]_w
[_w i m e ʃ ]_w
[_w w ɑ k ɤ d ]_w
[_w f e t e r ]_w
[_w k y z ]_w
[_w o s ɑ d ɑ ]_w
[_w k ɑ j t ɑ t ɤ ]_w
[_w ɑ l m ɑ ]_w
[_w t y ɡ e l ]_w
[_w k y r a m ]_w
[_w s i n h ɑ r ]_w
[_w t ø r e k ]_w
[_w ɡ i ŋ ]_w
[_w i ɡ a n d a ]_w
[_w k i l d e m ]_w
[_w ɑ w ɤ l ɤ n d ɑ ]_w
[_w b e r n a r s a ]_w
[_w u r n ɑ l ɤ ]_w
[_w p o ɕ t ɑ ]_w
[_w ʑ i t e b ]_w
[_w ɡ i t e r ]_w
[_w ø s t i ]_w
[_w b e r n a r z a ]_w
[_w ɑ s k ɑ n ]_w
[_w ɡ u l ɤ m ]_w
[_w ɑ ɡ ʑ ɑ ɡ ɑ ]_w
[_w ʑ i ŋ y ɡ a ]_w
[_w j o r t l ɑ r ɤ ]_w
[_w t u l d ɤ k ]_w
[_w d ø ʃ a r ɡ a ]_w
[_w b e d a ]_w
[_w i r e ]_w
[_w i ʃ e d e p ]_w
[_w d ɑ n ɤ ʃ ɑ ]_w
[_w k y r ]_w
[_w b ɑ ʃ l ɑ k ɑ n ]_w
[_w k i t s a ]_w
[_w p o l ɑ r n ɤ ŋ ]_w
[_w n o r ɑ t ɤ m ]_w
[_w l a ɡ i n ]_w
[_w t o t ɑ ʃ ]_w
[_w t o r ɡ ɤ z u ]_w
[_w ɑ k ɕ ɑ s ɤ ]_w
[_w m e t ɑ l ʔ ]_w
[_w j o m ʃ ɑ k ]_w
[_w t a k ɑ e n ]_w
[_w i ʃ ɑ r a ]_w
[_w t i j ɑ r ɕ e n ]_w
[_w ø l ɡ e r ɡ a ]_w
[_w d e m ɑ ]_w
[_w n i l a r ]_w
[_w o n ɤ t ɤ p ]_w
[_w k ɑ b i d ɑ l ʔ ]_w
[_w b y l m a l e ]_w
[_w k ɑ j b e r ]_w
[_w ʑ ɤ ɡ ɤ p ]_w
[_w ɑ b ɤ j ]_w
[_w b e s k a ]_w
[_w m i n n a n ]_w
[_w b ɑ l ɑ s ɤ ]_w
[_w t u p l ɑ p ]_w
[_w i r t a ]_w
[_w ɑ l ɡ ɑ ]_w
[_w k e r m i ]_w
[_w u t ɤ r t ɤ m ]_w
[_w ɑ j ɡ ɑ ]_w
[_w b u l ɑ t ɤ m ]_w
[_w u s ɑ ʑ ɑ ɡ ]_w
[_w t u n ]_w
[_w k i l e ʃ ]_w
[_w u t ɤ r t ɤ p ]_w
[_w a j b e r ]_w
[_w ɑ e r m ɑ ]_w
[_w k ɑ m a l k a ]_w
[_w ø s e k ]_w
[_w j ɑ u ]_w
[_w j ø r i l a r ]_w
[_w ʃ a m a r t a ]_w
[_w b y l a ɡ ]_w
[_w ʑ ɑ k l ɑ u ]_w
[_w i l l a r e n a ]_w
[_w p u l u ]_w
[_w u s t ɤ ]_w
[_w k i l a m ]_w
[_w m a y l i t ]_w
[_w ɕ ɤ k k ɑ n ]_w
[_w d o r ɤ p ]_w
[_w ɑ r ɑ l ɑ ʃ u ]_w
[_w n a s e ]_w
[_w ʃ i k a r ]_w
[_w b o l ɑ r n ɤ ŋ ]_w
[_w k ɤ j ɑ f a t ]_w
[_w x ɑ ɡ ɤ n ɑ ]_w
[_w b ɑ l ɑ m ]_w
[_w b i r y ɕ e ]_w
[_w a s a r l a r ]_w
[_w s ɑ p ɑ n ]_w
[_w d u t ɤ r ɡ ɑ ]_w
[_w t ɤ n ɤ ɕ ]_w
[_w k ɑ z ɑ n n ɤ ]_w
[_w ɑ l ɑ p u ɡ ɑ t ]_w
[_w ɑ w t o b u z ]_w
[_w m o n ɤ s ɤ ]_w
[_w ɕ i t k e r y ]_w
[_w m a ɡ a j ]_w
[_w k i ŋ a ʃ m a ]_w
[_w ɑ b ɤ j ɡ ɑ n ]_w
[_w z ɑ n ɤ ]_w
[_w n i ɕ e k ]_w
[_w d a y l a t e ]_w
[_w f i s i ɡ ]_w
[_w x u ɕ ɑ ]_w
[_w x a s a n ]_w
[_w ɑ ɡ s u p ɑ j ]_w
[_w m a j t ɑ n ]_w
[_w s a x n a k a ]_w
[_w z e r e ]_w
[_w b ɑ l ɑ k ɑ ʑ ]_w
[_w w a ɡ ʔ t a ]_w
[_w t e r ɡ a n ]_w
[_w i l l e ]_w
[_w t e k e z ]_w
[_w p ɑ ɡ ʑ ɑ k ɑ ]_w
[_w k ɑ m ɑ z ɤ ]_w
[_w ɑ z ɤ k ɤ z ]_w
[_w j ɑ ʃ a ɡ a n ]_w
[_w d a w ɑ m ]_w
[_w y z a k ]_w
[_w n a n i ]_w
[_w x ɑ d ]_w
[_w b a j k e ]_w
[_w t i t e l a ]_w
[_w j ɑ r ɑ d ]_w
[_w a j d e l a r ]_w
[_w y t m a d e ]_w
[_w k ɑ j f u l l ɑ ]_w
[_w ø s t e n d a ]_w
[_w m ɑ k t ɑ ]_w
[_w k ɤ j b ɑ r a t ]_w
[_w b o s ]_w
[_w k ø t a r k a ]_w
[_w ɑ r d ɤ ]_w
[_w m i s k e ]_w
[_w k ɑ t a t t a ]_w
[_w ɑ r t ɤ n ɑ ]_w
[_w k ɑ p l ɑ r ]_w
[_w e z l a r ]_w
[_w z a j n a p ]_w
[_w i t e p ]_w
[_w e l e k l e ]_w
[_w t ɑ r ɑ l ɤ ]_w
[_w ʃ u r ɑ z ɤ ]_w
[_w k ɑ m a l ɡ a ]_w
[_w t u k ɑ n n ɑ r ]_w
[_w b e r a y ]_w
[_w a t i z e ŋ m e ]_w
[_w s ø l f a t ]_w
[_w f ɑ j d ɑ n ]_w
[_w k y r a ]_w
[_w a j t t e ]_w
[_w m a ɕ e t k a ʑ ]_w
[_w s ɑ r ɤ ɡ ]_w
[_w n e ɕ k a ]_w
[_w e ʃ ɕ a ]_w
[_w u r ɤ n n ɑ r ]_w
[_w k ɑ i l a t a ]_w
[_w ɯ l l ɑ r ɤ n ]_w
[_w ɑ s ɑ m ɑ n ɕ ɑ ]_w
[_w b ɑ r u ]_w
[_w ɑ l ɤ n d ɤ ]_w
[_w r a i s e ]_w
[_w b i ɯ ]_w
[_w b u l ɑ t n ɤ ]_w
[_w j ɑ ʃ i p e s ]_w
[_w s a ɡ i ]_w
[_w ɡ u l l ɑ ]_w
[_w w a l i e w ]_w
[_w b u l s ɑ l ɑ m ]_w
[_w j ɑ z ɤ j m ]_w
[_w u r ɤ n ɤ n ]_w
[_w ɡ y p l a r ]_w
[_w n a t i ɕ a l e ]_w
[_w k y p t a n ]_w
[_w ʑ i n ɑ j ɑ t ʔ ]_w
[_w b ɑ ʃ l ɑ t ɤ m ]_w
[_w n ɑ m ɑ s ɑ ]_w
[_w k o l ɑ k ]_w
[_w s o ŋ ɤ n n ɑ n ]_w
[_w u ŋ ɤ ʃ l ɑ p ]_w
[_w r e k l ɑ m ɑ ]_w
[_w ɑ m e r i k ɑ ]_w
[_w b ɑ ʃ l ɑ n ɑ ]_w
[_w a j e ]_w
[_w k ɑ l ɑ r ]_w
[_w ɯ ɡ ɑ l ɤ p ]_w
[_w ʑ ɤ r n ɤ ŋ ]_w
[_w t a r a ʑ a ɡ a ]_w
[_w o m s k i ]_w
[_w s i n ]_w
[_w ɕ i r e n ]_w
[_w t a y l a d e ]_w
[_w m a ʃ k u l ʔ ]_w
[_w d r n ɤ ŋ ]_w
[_w ɯ ɡ ɑ r ɤ j ɡ ]_w
[_w i ɯ l j ɑ ]_w
[_w k i n a t ]_w
[_w y z e n ɕ a ]_w
[_w s u ɡ ɤ r ]_w
[_w y z ɡ a r e l a ]_w
[_w d r ɑ k t ɑ ]_w
[_w b ɑ r ɑ l k ɑ n ]_w
[_w s ø j l a k a n ]_w
[_w k ɤ z ]_w
[_w i l f ɑ t ]_w
[_w k i l k a ɕ ]_w
[_w ɡ ɑ r ɑ r ]_w
[_w ɡ y r e r ]_w
[_w k ɑ r ɑ l ɑ r ]_w
[_w l ɑ e ɡ ]_w
[_w k o l ]_w
[_w b ɑ r ɤ p ɤ s ]_w
[_w j ɑ n w ɑ r j ɑ ]_w
[_w r a i z e ]_w
[_w f o ɑ t ]_w
[_w t ɑ s ɑ ]_w
[_w ɤ ʃ ɑ n ɤ ɕ ]_w
[_w ɑ s t ɤ ]_w
[_w k ɑ l ɡ ɑ ɕ ]_w
[_w b ɑ l ɡ ɤ p ɤ z ]_w
[_w t a n ɡ e ]_w
[_w h a m m a d ]_w
[_w y t k a r e ]_w
[_w j ɑ s ɑ l m ɑ ]_w
[_w k ɑ m a l l a ]_w
[_w ɑ e n ɤ ŋ ]_w
[_w b ɑ ʃ l ɑ b ]_w
[_w k ɑ n u n ]_w
[_w ɕ ɑ r ɑ t u ɕ ɤ ]_w
[_w u k ɤ r k ɤ ]_w
[_w k i k a n d a ]_w
[_w ʃ u ʃ ɤ ŋ ɑ ]_w
[_w k ɑ l i m o w ]_w
[_w k ɑ r ɑ l ɡ ɑ n ]_w
[_w ɑ l d ɑ ʑ ]_w
[_w t e l d a r e z ]_w
[_w b i l k e z e s ]_w
[_w u r ɑ m ɤ ]_w
[_w ɡ i t t e ]_w
[_w u k ɤ d u ɕ ɤ ]_w
[_w y z e ŋ n e ]_w
[_w k i l ɡ a ʑ ]_w
[_w ɑ s ɑ t l ɑ r ɤ ]_w
[_w b ɑ ʃ ɤ n ]_w
[_w s ɑ w o t ]_w
[_w i r t e ]_w
[_w u t ɤ r u ]_w
[_w d o d ɑ ʃ ɑ ]_w
[_w u ŋ ɤ ʃ k ɑ ]_w
[_w t u z l ɑ r ]_w
[_w n i j ɑ t a ]_w
[_w ɕ ɑ ɡ ]_w
[_w a j l a n d e ]_w
[_w x a r a k a d ]_w
[_w k i ɕ ]_w
[_w h a r ɕ ɑ ɡ ]_w
[_w z a n a k ɑ t ʔ ]_w
[_w i ɕ ɑ d ]_w
[_w ɑ l ɤ p ]_w
[_w j ɑ s ɤ l u ]_w
[_w ʑ ɤ ɡ ]_w
[_w ʑ i t k e r y ]_w
[_w t o r ɡ ɤ s u ]_w
[_w k ɤ z n ɤ ŋ ]_w
[_w i s x ɑ ɡ ]_w
[_w b ɑ s ɑ r ]_w
[_w i z e ]_w
[_w ɕ i l ]_w
[_w ɑ l ɑ ɕ ɑ ɡ ]_w
[_w i ʑ ɑ t ɤ ]_w
[_w k l ɑ z s ]_w
[_w t ø m a n ]_w
[_w k ɑ r ʃ ɤ n ɑ ]_w
[_w d e l a b e z ]_w
[_w k j ɑ f e r ]_w
[_w d u z l ɤ k ]_w
[_w k u l ɤ n d ɤ ]_w
[_w a s e r ɡ a y ]_w
[_w k i r a ɡ ]_w
[_w s y z l a r ]_w
[_w ʑ i t e n ɕ e ]_w
[_w x ɑ k ɤ ]_w
[_w d y l a y ]_w
[_w x ɑ ɡ ɤ n ]_w
[_w b i ʃ ]_w
[_w k u n ɑ k k ɑ ]_w
[_w b a j ɑ n ]_w
[_w b o r ɤ l ɤ p ]_w
[_w u j l ɤ j m ]_w
[_w ɕ ɤ n ]_w
[_w y z e p ]_w
[_w m i l l i ]_w
[_w w ɑ t ɑ n ɤ ʃ ]_w
[_w i l e b ]_w
[_w ɡ ɑ p e r ]_w
[_w ʑ ɑ n ɤ m ]_w
[_w k ø t e l a r e ]_w
[_w ɑ e r ɤ m ]_w
[_w u k l ɤ n ]_w
[_w t ø ʃ a ]_w
[_w ɑ x u n o w ]_w
[_w ɑ l m ɤ j ɕ ɑ ]_w
[_w t o r m ɤ ʃ ɤ n ]_w
[_w y z ɡ a ]_w
[_w b y k e n ɡ e ]_w
[_w s ø e n e p ]_w
[_w u j l ɑ r ɡ ɑ ]_w
[_w ɑ l m ɤ j m ]_w
[_w ɑ w ɤ l ɡ ɑ ]_w
[_w b i r e k e z ]_w
[_w b ɑ r k ɑ ]_w
[_w b o l ɡ ɑ r ]_w
[_w r i z ɤ k ]_w
[_w p ɑ z ɑ ]_w
[_w ʑ i b a r e p ]_w
[_w b ɑ r d ɤ p ]_w
[_w d ɑ p ʃ ɤ r ɑ k ]_w
[_w ø z d a n ]_w
[_w ʑ ɤ e l ɡ ɤ ]_w
[_w ɑ x ɤ r d ɑ ]_w
[_w b e t m i ]_w
[_w t ɑ ŋ n ɑ r ɤ ]_w
[_w j ɑ s m ɑ n ɤ ]_w
[_w k ɑ t n ɑ k ɑ ]_w
[_w ɯ k ɤ j s a ]_w
[_w k y l a m e ]_w
[_w ɑ k ɤ b ]_w
[_w u ŋ ɑ j l ɤ ɡ ]_w
[_w j ɑ s ɑ ɡ ɤ ʃ ]_w
[_w t ɑ n ɤ ʃ t ɤ ]_w
[_w s u ɡ ɤ p ]_w
[_w k ɑ s ɤ r n ɤ ]_w
[_w x a e r l e ]_w
[_w s a ŋ ɑ ]_w
[_w t ɑ r m ɑ k ]_w
[_w t a ɕ r i p a ]_w
[_w u j l ɑ t ɤ r ]_w
[_w ʑ ɑ n ɤ ]_w
[_w ɕ ɑ n ]_w
[_w j e r ɑ k ]_w
[_w t i r a n d e n ]_w
[_w k ɑ p u l ]_w
[_w t ø n ʔ j ɑ k ɑ ]_w
[_w ɑ n ɤ ]_w
[_w ʒ u r n ɑ ʃ ɑ ]_w
[_w t ɑ n d ɑ ]_w
[_w s ɤ j n ɤ f t ɑ ]_w
[_w u r ɑ z ɤ n ]_w
[_w t i e l a ]_w
[_w d e l l a r ]_w
[_w t r ɑ k t ɑ ]_w
[_w b u l ɤ p ]_w
[_w u r ɤ s ɕ ɑ ]_w
[_w ʑ ɑ k ɤ ]_w
[_w i s x ɑ k ]_w
[_w b a j r a m e n ]_w
[_w ɑ w ɤ l ɤ n ɤ ŋ ]_w
[_w s ɑ n ɤ n ɑ ]_w
[_w j ɑ z m ɑ n ɤ ]_w
[_w f ɑ ɡ i l ]_w
[_w ɡ y z e n e ŋ ]_w
[_w k ø t k a n ]_w
[_w z y z l a r e ]_w
[_w k y r m a ɡ a ]_w
[_w s ɑ n ɤ n d ɑ ]_w
[_w k ɑ ɕ k ɑ n ]_w
[_w t ɑ s m ɑ n ɤ ]_w
[_w t o t r ɤ ɡ l ɤ ]_w
[_w b ɑ b ɑ s ]_w
[_w i s e m l e k e ]_w
[_w j ɑ d i m i r ]_w
[_w t e l i ]_w
[_w b u j l ɤ ]_w
[_w k ɑ r ɤ p e r ]_w
[_w k ɤ s ɤ n ɑ ]_w
[_w i t e k e ]_w
[_w n i l a r e n ]_w
[_w t ø ʃ e p ]_w
[_w t e l a m i ]_w
[_w t y r d ]_w
[_w i t e k ]_w
[_w d ɤ j n ɑ ɡ ]_w
[_w y z a ɡ ]_w
[_w t ɑ w ɤ ʃ ɤ ]_w
[_w b e r ʔ ɯ l ɤ ]_w
[_w t i m e r ]_w
[_w k u l l ɑ r ]_w
[_w k y z d a n ]_w
[_w n i k ɑ x ]_w
[_w t ɤ r ɤ ʃ ]_w
[_w m ɑ k s ɑ t ɤ p ]_w
[_w d u ɑ ]_w
[_w u s k ɑ ɕ ɑ k ]_w
[_w ɑ z d ɤ n d ɑ ]_w
[_w ʑ ɤ r ɤ n ]_w
[_w w ɑ z i l ]_w
[_w n i n d i ]_w
[_w ɑ t r e z ɤ ]_w
[_w w ɑ k ɤ t t ɑ n ]_w
[_w t ø r l e ]_w
[_w a t i z e n e ŋ ]_w
[_w ʑ ɤ k ɑ r ɤ j ]_w
[_w k ø t e p ]_w
[_w ʃ a ɡ e r d e ]_w
[_w m o n ɤ z ɤ ]_w
[_w ɡ ɑ s ɑ n ]_w
[_w b ɤ e l ]_w
[_w r u s i j ɑ ]_w
[_w x a r a ɡ a t ]_w
[_w m u z ɤ k ɑ s ɤ ]_w
[_w a l e ɡ a ]_w
[_w ɑ r ʑ ɑ ]_w
[_w d ø b ]_w
[_w ɑ r ɑ l t ɤ ]_w
[_w ɡ ø n t a ]_w
[_w ɯ l l ɑ r t ɑ ]_w
[_w k ø s k e ]_w
[_w j ɑ k l ɑ n ɑ ]_w
[_w k i r a k e m ]_w
[_w t o r ɡ ɑ n ]_w
[_w i d e k a j ]_w
[_w m o n n ɑ r ]_w
[_w t ɑ p ɤ l ɑ ]_w
[_w ɑ p ɑ n ]_w
[_w e l e ɡ r a ɡ ]_w
[_w t y p a n ]_w
[_w l ɑ u r e ɑ t ɤ ]_w
[_w k o m ɑ n d ɑ ]_w
[_w e z l a b ]_w
[_w k ɑ l ɤ r ]_w
[_w t ɑ b d ɤ m ]_w
[_w m i ʃ a r ]_w
[_w b y l e n e b ]_w
[_w ɑ l ɑ z ɤ ŋ ]_w
[_w k i j ɑ t ]_w
[_w ɑ l ʔ b i n ɑ ]_w
[_w t ɑ p ʃ ɤ r ɑ ]_w
[_w m u s ɤ k ɑ ]_w
[_w t y r a ]_w
[_w b a j r a m ɡ a ]_w
[_w s i s t e m ɑ ]_w
[_w s ɑ p ɑ n ɤ ŋ ]_w
[_w ɡ ɤ r ]_w
[_w b ɑ r l ɤ k ɤ ]_w
[_w r ø s t a ɡ e ]_w
[_w k ɤ r ɤ p ]_w
[_w b y l m a s e ]_w
[_w i ʃ e t d e m ]_w
[_w b o l ɑ j ]_w
[_w p o z ]_w
[_w t a ɯ ]_w
[_w r a x a t ]_w
[_w t ɤ n ɤ ɕ l ɤ k ]_w
[_w ɑ r t ɤ z ɤ ]_w
[_w b u l u k ɑ ]_w
[_w j ɑ r d e p ]_w
[_w r u x ɤ ]_w
[_w b ɑ ɡ ɤ j t ʔ ]_w
[_w e ʃ l a r ɡ a ]_w
[_w i ɕ ɑ d i ]_w
[_w t a r a ʑ a t a ]_w
[_w ɕ a s ɑ ]_w
[_w s ɑ k o n ]_w
[_w d a y ɡ e ]_w
[_w t ɑ r t ɑ ]_w
[_w s a y t a l e ɡ ]_w
[_w b e z ɡ a ]_w
[_w d ɑ j ɑ k ɤ ]_w
[_w s ɑ k l ɑ r ɡ ɑ ]_w
[_w t u k t ɑ m ɤ ʃ ]_w
[_w f a r i t ]_w
[_w u j ɡ ɑ ]_w
[_w b ɑ ɡ s ɑ t ]_w
[_w t u s l ɑ r ɤ ]_w
[_w i l d a ]_w
[_w b ɑ j ɑ k ɤ ]_w
[_w m a j t ɑ n ɡ ɑ ]_w
[_w t u l ɤ ]_w
[_w b u r ɤ ɕ ɤ ]_w
[_w i r e ʃ t e ]_w
[_w s ɤ n ɑ ]_w
[_w r e ɑ l ʔ ]_w
[_w e ʃ e n e ŋ ]_w
[_w r a w e ʃ t a ]_w
[_w m a ɕ b y r ]_w
[_w k ɑ r ɑ ŋ ɡ ɤ ]_w
[_w e ʃ l a n ɡ a n ]_w
[_w u r t ɑ ɡ ]_w
[_w m ɑ r t t ɤ r ɑ ]_w
[_w m u l l ɑ r ]_w
[_w t i e b ]_w
[_w ʑ i t a r ɡ a ]_w
[_w b ɑ r l ɤ k ]_w
[_w k e r t e ]_w
[_w k o m i t e t ɤ ]_w
[_w k i l e p ]_w
[_w d o e p ]_w
[_w k y r s a t e p ]_w
[_w j ɑ ʃ ʔ l a r ]_w
[_w b ɑ r ɤ p ]_w
[_w t ø n ʔ j ɑ d ɑ ]_w
[_w b ɑ l ]_w
[_w b ɑ t ʃ ɑ ]_w
[_w ɑ k ɤ l ɤ ɕ ]_w
[_w k u l t ɑ n ]_w
[_w ʑ a ɕ y ]_w
[_w k ɑ l ɤ r ɡ ɑ ]_w
[_w b ɑ s u ]_w
[_w ʃ i k ɤ r e n ]_w
[_w k i l d e ]_w
[_w m ø h i m e ]_w
[_w d u k t ɑ l ɤ p ]_w
[_w t ɑ n ]_w
[_w j ɑ ŋ ɑ r d ɑ ]_w
[_w k ɑ t ɤ ]_w
[_w s ɤ n ɑ p ]_w
[_w b e l a m i ]_w
[_w ɕ i ŋ e l r a k ]_w
[_w k u l ɤ ]_w
[_w x ɑ r ɑ p ]_w
[_w w ɑ d ɑ n ]_w
[_w b ɑ z ɤ m ]_w
[_w b e r l e ]_w
[_w t i s k a r t e ]_w
[_w x a l n e ]_w
[_w u e n n ɑ r ɤ ]_w
[_w k i l m a k a n ]_w
[_w ɑ l t ɑ n ]_w
[_w t ɤ j n ɑ k ]_w
[_w z i n n a n ]_w
[_w ɑ r t ɤ k ]_w
[_w n i ɡ ɑ t ʔ ]_w
[_w x o k u k ɤ j ]_w
[_w s ɑ d ɤ ]_w
[_w x ɑ k ɤ n ]_w
[_w t u l d ɤ ɡ ]_w
[_w i b r ɑ h i m ]_w
[_w ɑ l d ɤ m ]_w
[_w j o r t l ɑ u ]_w
[_w x ɑ d ɤ n ]_w
[_w k u l ɤ m ]_w
[_w j ɑ r ɑ t ɤ p ]_w
[_w i t e l ɡ a n ]_w
[_w s i n n a n ]_w
[_w ɕ a ʑ a k ]_w
[_w y z l a r e ]_w
[_w b a l a ɡ a n ]_w
[_w k r ɑ ʃ t ɑ n ]_w
[_w i t e ŋ ]_w
[_w ʑ o r ɤ ]_w
[_w b e r ɑ s ]_w
[_w ɑ l ɑ b u ɡ ɑ t ]_w
[_w ɑ k ʃ ]_w
[_w l ɑ e k ]_w
[_w j ɑ s m ɑ l ɑ j ]_w
[_w b e r ɡ a ɕ ]_w
[_w k e m t e r ]_w
[_w i r t a n ]_w
[_w k i ʑ ]_w
[_w ɑ p r u j l ɤ ]_w
[_w ʃ ɑ d ]_w
[_w i s a b d a n ]_w
[_w b e r s e ŋ ]_w
[_w b u l d ɤ ŋ ]_w
[_w ɡ ɑ m i l ]_w
[_w ʃ ɑ t l ɤ k ]_w
[_w n a ɡ ʔ ]_w
[_w ɕ ɑ m ɑ z ɤ ]_w
[_w ʑ ɑ l l ɤ t ɑ ]_w
[_w ɑ ŋ l ɑ d ɤ ]_w
[_w i ʃ e t k a ]_w
[_w ɑ j d ɑ ]_w
[_w t ɑ n l ɤ ]_w
[_w e l a k e ]_w
[_w f r o n d ]_w
[_w n a r s a k a ]_w
[_w ɕ ɤ ɡ s ɑ ]_w
[_w k e r e ]_w
[_w ʃ a h a r e n a ]_w
[_w s a j ɑ s a d ]_w
[_w k y b e s e ]_w
[_w d ø n ʔ j ɑ ]_w
[_w j ɑ ŋ ɑ r ɤ ʃ ]_w
[_w d i n i j ɑ d ]_w
[_w j ɑ z m ɑ ]_w
[_w b ɑ t ɤ p ]_w
[_w a k i j ɑ y ɡ a ]_w
[_w t y l a r k a n ]_w
[_w ɡ l u p ɤ ]_w
[_w e ʃ l a r e ]_w
[_w b e l e m ]_w
[_w ʑ ɤ e n t ɤ k ɤ ]_w
[_w b e l m i ʑ a ]_w
[_w b u r ɤ ɕ ]_w
[_w ɕ i r l a r e n ]_w
[_w e s l a r e ]_w
[_w j ɑ s ɑ ]_w
[_w j ɑ z ɑ l ɡ ɤ n ]_w
[_w s ɑ d ]_w
[_w k u j ɑ r ɡ ɑ ]_w
[_w y s e m a ]_w
[_w j ɑ z ɡ ɑ n ɤ ]_w
[_w s ø l a j m ɑ n ]_w
[_w f i ɡ e r ]_w
[_w i k e ]_w
[_w ɯ l l ɑ r ]_w
[_w t ø n t a ]_w
[_w f o r u m ɤ ]_w
[_w ɑ l d ɤ n ɕ ɤ ]_w
[_w ɑ d ɑ ɑ n ɑ ]_w
[_w n i ɡ ]_w
[_w x ø z a e n ]_w
[_w t ɑ m ɑ k ]_w
[_w t e x n i k ɑ x ]_w
[_w k u ʃ ɤ l ɤ ɡ ]_w
[_w z ɑ m ɑ n ]_w
[_w f a ɡ ɤ j r ʔ ]_w
[_w t i e ʃ e n e ]_w
[_w t ɑ p ɤ p ]_w
[_w i ʑ ɑ t ]_w
[_w ʃ ɑ k ɤ j t ʔ ]_w
[_w ʑ i b a r k a ]_w
[_w k ɤ l ɤ p ]_w
[_w t e l e n e ŋ ]_w
[_w ɡ u r ɡ ɑ ]_w
[_w k e p i ]_w
[_w w l ɑ t i n ]_w
[_w ʃ i ɡ a r ]_w
[_w x a t t ɑ ]_w
[_w n i ʑ e k ]_w
[_w m i l l a t e ]_w
[_w k i t y ]_w
[_w e ʃ l a n a ]_w
[_w t ɤ ŋ l ɑ r k ɑ ]_w
[_w ʑ o r ɤ n ɡ ɑ n ]_w
[_w ɑ l ʔ b e r d ]_w
[_w t i t e r t e m ]_w
[_w m a j d ɑ n d ]_w
[_w k y r a s e ]_w
[_w d ɑ ʃ ]_w
[_w m ɑ j ɡ ɑ ]_w
[_w t ø s y ]_w
[_w s ø j l i ]_w
[_w u m ɤ r s ɑ j ɑ ]_w
[_w s ɑ k l ɤ ]_w
[_w i l l a r ]_w
[_w s ø j l a r e ]_w
[_w ɑ l k ɤ ]_w
[_w ʃ a k e r ʑ e ]_w
[_w t ø n d a ]_w
[_w b u l k ɑ n ]_w
[_w ɑ l d ɤ k ]_w
[_w ɡ e r a ]_w
[_w s i n n u r ]_w
[_w k ɑ p k ɑ n ]_w
[_w s u d ]_w
[_w ɡ o r ʔ a n ]_w
[_w ø l ɡ a s e ]_w
[_w b u j l ɑ b ]_w
[_w o p e r t ]_w
[_w ɑ d ɤ p ]_w
[_w k ɑ j t t ɤ k ]_w
[_w u s ɑ r ɡ ɑ ]_w
[_w y t i ]_w
[_w j ɑ u l ɑ t ɤ ]_w
[_w x ø r m a ]_w
[_w s ɑ p ɤ j s ɤ ]_w
[_w m e n a ]_w
[_w t u m ɑ s ɤ ]_w
[_w s a b a b e ]_w
[_w m i z ɑ l ]_w
[_w b ɑ r l ɤ ɡ ]_w
[_w ʑ i b a r e b ]_w
[_w ʑ i r ]_w
[_w ɡ ɤ s ɤ l ]_w
[_w k y s l e ]_w
[_w m a s i x ]_w
[_w j ɑ ɡ l ɑ ʃ ]_w
[_w m a x r y m ]_w
[_w j ø r e p ]_w
[_w o e ʃ m ɑ s ɤ ]_w
[_w s a y t a t ]_w
[_w m ɑ m ɑ t ]_w
[_w b e l a s e s ]_w
[_w k ɑ j s ɤ ]_w
[_w k i p e t ]_w
[_w a k ʔ z ɑ s ɤ ]_w
[_w j ɑ s k ɤ ]_w
[_w b ɑ l ɕ ɤ k ]_w
[_w ɑ n n ɑ r ]_w
[_w s ɑ l u ]_w
[_w k ɑ l d ɤ n n ɤ ]_w
[_w ɕ ɑ n ɤ m ]_w
[_w j ɑ t ]_w
[_w w ɑ k ɤ t t ɑ ]_w
[_w k ɑ r ɤ t ɑ ]_w
[_w ɑ e r ɤ p ]_w
[_w ɡ ɑ n l ɤ ]_w
[_w y s a k e n a ]_w
[_w e ɕ t a l e ɡ e ]_w
[_w t ɑ d ɑ r ʑ ɑ ]_w
[_w u k u ɕ ɤ z ɤ ]_w
[_w ʑ i t e ]_w
[_w n a f i z ]_w
[_w m ɑ t b u ɡ ɑ d ]_w
[_w ɑ l ɑ z ɤ n ɑ p ]_w
[_w s i ɡ e r ]_w
[_w d o r m ɤ ʃ ]_w
[_w u t ɤ r ɤ ʃ ]_w
[_w b ɑ ɡ ʑ ɑ ]_w
[_w z ɑ l ɡ ɑ n ]_w
[_w b u l u ɤ n ]_w
[_w j e ɡ ɤ l ɤ p ]_w
[_w j ɑ r ɑ d ɑ ]_w
[_w j ɑ s ɑ r ɡ ɑ ]_w
[_w u ɡ r ɑ i n ɑ ]_w
[_w i t e ]_w
[_w k ø n n e ŋ ]_w
[_w i t t e l a r ]_w
[_w s i z m i ]_w
[_w t a t e ]_w
[_w s u t ɑ ]_w
[_w e ʃ e ]_w
[_w t o r ɑ l ]_w
[_w k ɑ z ɑ n k ɑ n ]_w
[_w n i n d i m e r ]_w
[_w l a k i n ]_w
[_w u j l ɑ t ɤ m ]_w
[_w k ɤ s u ]_w
[_w b u ʃ k ɑ ]_w
[_w t ɤ n ]_w
[_w b o b u l j ɑ r ]_w
[_w x a k i m o w ]_w
[_w m a r x a m a t ]_w
[_w j ɑ u l ɤ j ɡ ]_w
[_w k y ŋ e l e n ]_w
[_w ɑ k r ɤ n ]_w
[_w t y l a r k a ]_w
[_w b i r ]_w
[_w ʑ i t k a n ɕ e ]_w
[_w b ɑ r ɤ s ɤ n ]_w
[_w t a y l a t e ]_w
[_w m a z ɡ y r ]_w
[_w j ø r d a ]_w
[_w k i l ɡ a n ]_w
[_w x ø k y m a t e ]_w
[_w s t ɑ r d ɑ ]_w
[_w j e ʃ ]_w
[_w m a ɡ ɑ r i f ]_w
[_w a n a ]_w
[_w b ɑ r k ɑ n d ɑ ]_w
[_w k r ɑ d u ɕ ɤ ]_w
[_w s o r ɑ u n ɤ ]_w
[_w b e l ɡ e ɕ ]_w
[_w k ɑ l m ɑ d ɤ ]_w
[_w k ɑ d e l ]_w
[_w b a l k i ]_w
[_w ɡ e ʃ e z e n ]_w
[_w a n i s e ]_w
[_w n i ɡ ɑ x ]_w
[_w m a j t ɑ n ɤ m ]_w
[_w j ɑ k l ɑ u ]_w
[_w a j d i ɡ ]_w
[_w s ɑ j l ɑ ɡ ɑ ɕ ]_w
[_w t e l e n ]_w
[_w b i r l e ɡ ]_w
[_w k y p ]_w
[_w b e r ɑ z d ɑ n ]_w
[_w ʑ i ŋ e l r a k ]_w
[_w k y r ɡ a m ]_w
[_w t ɑ r u ]_w
[_w ɑ j k ø l ]_w
[_w n i t e r e p ]_w
[_w n ɑ s ɤ ]_w
[_w a m i r x ɑ n ]_w
[_w s ɤ j ɑ n a ]_w
[_w k y ŋ e l e n a ]_w
[_w k ɑ r ɑ s ɑ ]_w
[_w r o z ɑ ]_w
[_w o l u ɡ ]_w
[_w e ʃ ɕ e ]_w
[_w d u l ɑ j ]_w
[_w s u k ɤ p ]_w
[_w o s ɑ k ]_w
[_w ɑ l d ɤ ]_w
[_w ɑ r ɑ z ɑ ]_w
[_w s o r ɑ k ɑ n ]_w
[_w ɡ y k k a ]_w
[_w ɡ ɑ r i f ]_w
[_w m a r x a m a d ]_w
[_w ɑ l s u ]_w
[_w u r ɑ l ]_w
[_w ɕ i k s e s ]_w
[_w n i ʃ l a r ]_w
[_w d i t e m e ]_w
[_w i j ɑ r ɡ ɑ ]_w
[_w t o t ɑ r k ɑ ]_w
[_w k i m ]_w
[_w i ʃ e t e p ]_w
[_w s o ɡ l ɑ n ɤ ŋ ]_w
[_w k ɑ l i u l l ɑ ]_w
[_w j ø r a k e m ]_w
[_w x u ʃ ]_w
[_w k e m ]_w
[_w k o ɕ ɑ k l ɤ ]_w
[_w k a r i m ]_w
[_w ɑ l u ɕ ɤ l ɑ r ]_w
[_w ʑ a l i l n e ŋ ]_w
[_w u l l ɑ n ɑ ]_w
[_w k ɑ l a ]_w
[_w u k ɤ l k ɑ n ]_w
[_w ɑ p r e l ʔ ]_w
[_w ɑ l ɡ ɤ n ɤ ɕ ]_w
[_w k y m e r ]_w
[_w k ɑ ɕ ɤ ]_w
[_w t ɑ z ɑ ]_w
[_w t y b a n ]_w
[_w u k ɤ l ɡ ɑ n ]_w
[_w k u j ɑ ]_w
[_w d ø k a l ]_w
[_w s ɑ k l ɑ n ɑ ]_w
[_w k o m e r ]_w
[_w f a n i z e ]_w
[_w i l s ø j ɑ ]_w
[_w ɑ s ɤ ɡ ]_w
[_w a p i ]_w
[_w ɑ l ɑ j s ɑ ]_w
[_w b e t t e ]_w
[_w t ɑ b ]_w
[_w ɑ j t ɑ n ]_w
[_w i l ɕ e z e ]_w
[_w t i ɡ ]_w
[_w k ɑ s ɤ ]_w
[_w u r ɑ s ɑ ]_w
[_w k u l ]_w
[_w k ɤ z ɡ ɑ n ɤ ɕ ]_w
[_w z u r ]_w
[_w a f a n d e ]_w
[_w ɕ ɤ ɡ ɑ r d ]_w
[_w ɑ ɡ ɤ l ]_w
[_w m i ɡ a n d a ]_w
[_w t ø b a ɡ ]_w
[_w u s k ɑ ]_w
[_w ɑ l ɑ z ɤ z ]_w
[_w s a j f u l l ɑ ]_w
[_w b e t a ]_w
[_w r e n ɑ t ]_w
[_w k ɑ t e r l i ]_w
[_w s ɑ k i r o w ]_w
[_w b i r m a t l e ]_w
[_w o ɕ r ɑ k l ɤ ]_w
[_w k ɑ d a d i ]_w
[_w i x l ɑ z ]_w
[_w p e r ]_w
[_w d u l ɤ p ]_w
[_w p e l a s a ]_w
[_w o ɕ r ɑ ʃ t ɑ n ]_w
[_w m a r t a b a ]_w
[_w s p o r t ]_w
[_w a s e r ]_w
[_w ɑ l s ɤ n ]_w
[_w t ɑ z m ɑ n ɤ ]_w
[_w ɯ l ɤ ]_w
[_w n a f r a d ]_w
[_w u ŋ ɑ j d ɑ ]_w
[_w x i s l a r e ]_w
[_w b ɑ l d ɑ ɕ ]_w
[_w k u r k ɑ ]_w
[_w u ɡ u ʑ ɤ l ɑ r ]_w
[_w k ɤ l d ɤ ]_w
[_w ʑ ɤ k ɑ r ɡ ɑ ]_w
[_w ɕ ɤ l ɤ ]_w
[_w u ŋ ɑ j l ɤ ]_w
[_w ɕ ø m l a ]_w
[_w ɑ l ɑ n d ]_w
[_w u t ɤ n ]_w
[_w d a y ]_w
[_w e ɕ e n t e ]_w
[_w x ø ɡ e m ]_w
[_w t i t e m ]_w
[_w d ɑ t ɑ r n ɤ ]_w
[_w t u t ɤ r ɑ ]_w
[_w k ɑ r ʃ ɤ l ɤ k ]_w
[_w s ɑ n ɤ j m ]_w
[_w b u l m ɑ ɡ ɑ ]_w
[_w i ʃ e k l a r ]_w
[_w ɑ w t o r ɤ r ]_w
[_w k e r k a ]_w
[_w j ɑ ɡ ɤ ]_w
[_w k ø l n ɑ z ]_w
[_w t ɑ ŋ ]_w
[_w m a d a n i ]_w
[_w ø l e ʃ ɕ a ]_w
[_w j ɑ k ]_w
[_w t e l i m ]_w
[_w l a r ]_w
[_w b ɑ r l ɤ ɡ ɤ s ]_w
[_w ʑ ɤ ŋ ɡ ɤ z ]_w
[_w k e p e k ]_w
[_w t o r m ɤ ʃ ]_w
[_w e ɕ e n d a ]_w
[_w s a l a d ]_w
[_w a t a p i j ɑ t ]_w
[_w b ɑ k ɕ ɑ ]_w
[_w x ɑ k ɤ j ɡ ɑ n ]_w
[_w y z a n d a r ]_w
[_w i l d a n ]_w
[_w r i n ɑ t ɑ ]_w
[_w ɑ s ɤ l ɡ ɑ n ]_w
[_w u s ɑ ]_w
[_w d i n ]_w
[_w a j l a n a ]_w
[_w b e r t ]_w
[_w u t ɤ r k ɑ n ]_w
[_w m i n e m ʑ a ]_w
[_w y s k a r t e ]_w
[_w s y s t a n ]_w
[_w t u z d ɤ r ]_w
[_w ɕ ɤ ɡ ]_w
[_w ɑ b d u l l ɑ ]_w
[_w j ɑ x ʃ ɤ ]_w
[_w j ɑ r u l ɑ r ]_w
[_w j ɑ ŋ ɡ ɤ r ɤ z ]_w
[_w ɑ l d ɑ ɡ ɤ ]_w
[_w t a r b i ]_w
[_w t e r l e k t a ]_w
[_w b y l a k l a y ]_w
[_w ɯ ɡ ɑ l ɤ r ]_w
[_w k ɤ z ɡ ɑ ]_w
[_w d i k a n e n ]_w
[_w k ɑ k ɤ j ]_w
[_w o n ɤ k ɤ ]_w
[_w k ɑ l ɑ ɕ ɑ ɡ ]_w
[_w ø l ɡ e r t e ]_w
[_w b u ɤ n k ɑ ]_w
[_w b o s ɤ p ]_w
[_w ɕ i r l a r ]_w
[_w s ɑ p i r ]_w
[_w b a j ɡ e z e ]_w
[_w ɕ ɤ ɡ ɑ n d ɑ ]_w
[_w x a z e r ]_w
[_w i l l a t e n ]_w
[_w ɑ r m i j ɑ s e ]_w
[_w b ɑ ʃ l ɤ ]_w
[_w m i n t i m e r ]_w
[_w a k e r ɕ e ]_w
[_w ø j k a ]_w
[_w ø s t e n l e k ]_w
[_w ɑ s ɤ l ɤ p ]_w
[_w k ɑ t a t i ]_w
[_w i t a r k a ]_w
[_w u z d ɤ ]_w
[_w m i l l a r ɡ a ]_w
[_w r ɑ j o n ɤ n ɑ ]_w
[_w k y p e z e ]_w
[_w k ɑ j t ɑ n ]_w
[_w ɑ r t k ɑ n ]_w
[_w j ɑ s ɑ l ɑ m ]_w
[_w b ɑ z ɡ ɑ n ]_w
[_w ɯ n a l d e ]_w
[_w ɡ ɑ t n ɑ t ɑ ]_w
[_w n a r z a k a ]_w
[_w t e l e f o n ]_w
[_w ɕ i d ]_w
[_w m ø f t i ]_w
[_w p e r l e ]_w
[_w m a k t a b e n ]_w
[_w ɕ ɑ r ɑ ]_w
[_w e ɕ a r ɡ a ]_w
[_w d ø j ɑ b ]_w
[_w ɑ s t ɤ n d ɑ ]_w
[_w m a k t a ]_w
[_w i z a n s ɑ u ]_w
[_w b ɑ l d ɑ k ɤ ]_w
[_w u d ɤ s ]_w
[_w d e l ]_w
[_w b u l m ɑ d ɤ ]_w
[_w k i t t e ]_w
[_w b ɑ r d ɤ ]_w
[_w ɡ ɑ r ɑ u l ɑ b ]_w
[_w y z ɡ a n ]_w
[_w j ɑ ʃ ʔ l e ɡ ]_w
[_w ʃ ɑ k t ɤ l ɑ r ]_w
[_w k y r m a ɡ a n ]_w
[_w ɑ b r u j l ɤ j ]_w
[_w ʑ ɑ k ɤ r t ɤ ]_w
[_w k y z e n a ]_w
[_w k ɑ m ɑ ]_w
[_w u r ɑ m ɤ j ]_w
[_w k ɑ r ɑ ʃ ɤ p ]_w
[_w k u l ɤ n n ɑ n ]_w
[_w b ɑ z m ɑ n ɤ ]_w
[_w a t a b i ]_w
[_w u ɡ u ɕ ɤ ]_w
[_w b ɑ r u ɕ ɤ ]_w
[_w k e r e r ɡ a n ]_w
[_w z ɑ m ɑ t ]_w
[_w k y r t e n ɤ ]_w
[_w t u ɕ ɑ r ]_w
[_w ʑ ɤ ɡ ɑ ]_w
[_w s e p e s k a ]_w
[_w i d e l a r ]_w
[_w b e r s e n ]_w
[_w ɡ a r a ]_w
[_w f i ɡ e r n e t ]_w
[_w t ø t e n l a j ]_w
[_w u z ɑ l ]_w
[_w b e t k a n ]_w
[_w r ɑ j o n t ɑ ]_w
[_w y t k a n ]_w
[_w b ɑ d ɤ r ]_w
[_w i z e m ]_w
[_w n i ʃ l a b ]_w
[_w b ɑ ʃ ɤ n n ɑ n ]_w
[_w ʑ i ŋ y ]_w
[_w a s a r e ]_w
[_w a x l ɑ ɡ ]_w
[_w d u s t ɤ r t ɤ ]_w
[_w ɑ l ɑ m ]_w
[_w k i t a r ]_w
[_w a f a n d e n ]_w
[_w i t a n k e ]_w
[_w ʃ a x e z ]_w
[_w b e l a s e ]_w
[_w a z e r l a n a ]_w
[_w j ø s l e ]_w
[_w ɑ p ɑ s ɤ l ɤ p ]_w
[_w m a j d ɑ n ]_w
[_w m ɑ r d ]_w
[_w k y s t a n ]_w
[_w k y l ]_w
[_w k y z e n ]_w
[_w m a k ʔ n a ]_w
[_w m i l l a t ]_w
[_w b e t e r ɑ l ʔ ]_w
[_w d ø r k i ]_w
[_w i r e ɡ l ɑ m ɑ ]_w
[_w t ɑ n ɤ ʃ ɤ p ]_w
[_w t u p l ɑ u ]_w
[_w w e t e r ɑ l ʔ ]_w
[_w ʑ ɤ k t ɤ ]_w
[_w k o t l ɤ j m ]_w
[_w ɡ ɤ z ɤ p ]_w
[_w b i ɡ r a k ]_w
[_w j ɑ k l ɤ j ]_w
[_w b i l a b ]_w
[_w ɑ u d i o ]_w
[_w j o l d ɤ s ]_w
[_w y z e n ]_w
[_w r a w e ʃ e ]_w
[_w r a ʃ i t ]_w
[_w k i l a s e ]_w
[_w k u e p ]_w
[_w b ɑ r ɑ l ɤ p ]_w
[_w z ɑ t ]_w
[_w a l e ɡ ]_w
[_w s ɑ l ɤ p ]_w
[_w j ø s e n n a n ]_w
[_w a d a b i j ɑ t ]_w
[_w ʑ i ʃ m a ]_w
[_w ɑ l ɑ l ɑ r ]_w
[_w t o r m ɤ j ɕ ɑ ]_w
[_w k i l k a n ]_w
[_w u z ɑ ]_w
[_w u t ɤ r d ɤ m ]_w
[_w b e r ɡ e m k a ]_w
[_w j ø r e r ɡ a ]_w
[_w b i x i s ɑ b ]_w
[_w ɑ ɡ ɑ ʑ ]_w
[_w o ɕ r ɑ ɡ l ɤ j ]_w
[_w x a m i t o w ]_w
[_w ɕ ɑ k r ɤ n ]_w
[_w n i k e z e ]_w
[_w t u z l ɤ ɡ ]_w
[_w y z a k k a ]_w
[_w ʑ ɤ n l ɑ b ]_w
[_w i ɡ e n ɕ e ]_w
[_w t a ʃ k i l ]_w
[_w ɑ l ʔ b e r t ]_w
[_w b e l e r ]_w
[_w h i ɕ b e r ]_w
[_w ɑ t ɑ l ɡ ɑ ɕ ]_w
[_w ɡ ɑ l f ɑ k ]_w
[_w y t k a r e p ]_w
[_w t ø r ɡ i ]_w
[_w t ɑ m i r ]_w
[_w j ɑ x ʃ ɤ r ɑ ]_w
[_w ɡ ɑ j ɕ ɑ k ]_w
[_w b e l a z e ŋ ]_w
[_w d o t k ɑ n ]_w
[_w b ɑ j ɑ z ]_w
[_w k ɑ t k ɑ d ]_w
[_w a j l a n ɡ a ]_w
[_w s ɑ j t ɤ p ]_w
[_w s ø j ɡ a ]_w
[_w o k t j ɑ p r ʔ ]_w
[_w d ɑ r t k ɑ ]_w
[_w n d ɑ ]_w
[_w x a p a r ]_w
[_w k ø t a r ɡ a ]_w
[_w t ɑ p u ]_w
[_w k r e t i t ]_w
[_w s ɑ r ɤ k ]_w
[_w d u p ɑ s ]_w
[_w e l ʔ m i r ɑ s ]_w
[_w b ɑ ʃ l ɑ z ɑ ]_w
[_w k a r a ]_w
[_w ʃ u n ɤ ŋ ]_w
[_w ʑ ɑ n ]_w
[_w m i n i z d r ɤ ]_w
[_w u r m ɑ n ]_w
[_w t ø n ʔ j ɑ w i ]_w
[_w b i r e t a ]_w
[_w b y l a k e ]_w
[_w ɑ p ɑ ]_w
[_w m ɑ ʃ i n ɑ z ɤ ]_w
[_w j ɑ n ɑ ]_w
[_w j ɑ z ɑ t ɤ p ]_w
[_w d a e m i n ]_w
[_w d ɑ n ɤ p ]_w
[_w s e z n e ŋ ]_w
[_w k o m e t i ɑ ]_w
[_w u ŋ ɡ ɑ n ]_w
[_w t a m ɑ m ]_w
[_w i r e k a ]_w
[_w b i r d e ]_w
[_w b e l d e m ]_w
[_w ɑ t n ɑ ]_w
[_w m i n u t ]_w
[_w p i l ɡ e s e z ]_w
[_w s a x n a ]_w
[_w t o e p ]_w
[_w p e l ]_w
[_w k i d a r ɡ a ]_w
[_w ø z d e n d a ]_w
[_w t ø p a ɡ ]_w
[_w u ŋ ɤ ʃ l ɑ b ]_w
[_w i l ɕ e s e ]_w
[_w k y r s a t e b ]_w
[_w i j ɑ r t a m ]_w
[_w x ɤ j ɑ n ]_w
[_w b i e k t ɑ r ]_w
[_w s ɑ w o t ɤ ]_w
[_w u j n ɤ j ]_w
[_w a n i s e n a ]_w
[_w ɡ y r ɡ a n ]_w
[_w a ɡ i j ɑ y ]_w
[_w j ɑ k t ɤ j ]_w
[_w k ɑ z ɤ r l ɑ r ]_w
[_w t i z ]_w
[_w ɤ ʃ ɑ n ɑ ]_w
[_w ɕ ɤ ɡ ɑ r ɤ ]_w
[_w i d e k ]_w
[_w x a s e r l a r ]_w
[_w r ɑ ɡ e t ɑ ]_w
[_w j ɑ ʃ i l a r ]_w
[_w b ɑ r ɤ ʃ ɤ ]_w
[_w j ɑ k t ɤ ]_w
[_w b u l m ɑ s ]_w
[_w s ɑ n ɑ l ɡ ɑ n ]_w
[_w s y z ɡ a r t e ]_w
[_w t u f ɑ n ]_w
[_w y z e k e z ]_w
[_w a j t k a n d a ]_w
[_w u r ɑ s ɤ n ɑ ]_w
[_w b ɑ ʃ k ɑ ]_w
[_w s ɑ k l ɑ n ɤ ŋ ]_w
[_w k i k a n ]_w
[_w b ɑ r t ɤ ]_w
[_w k y r ɡ a ɕ ]_w
[_w b i r e r ɡ a n ]_w
[_w t ɑ w ɤ k ]_w
[_w s ɑ n ]_w
[_w s a l ɑ m a t ]_w
[_w k ɑ j ɑ s ]_w
[_w b e l d e r e b ]_w
[_w k ɑ l i j ɑ ]_w
[_w i ɕ ɑ t ]_w
[_w ʃ u r ɑ z ɑ ]_w
[_w t a r d i p ]_w
[_w p i ʃ ]_w
[_w t o r ɤ p ]_w
[_w t o t ɑ r ɡ ɑ n ]_w
[_w k ɑ i l a d a ]_w
[_w k ɤ ɕ k ɤ r ɤ p ]_w
[_w b u l m ɑ u ]_w
[_w ʒ u ʃ ɤ ŋ ɑ ]_w
[_w i r l a r k a ]_w
[_w t ø z e l d e m ]_w
[_w s ɑ k l ɑ ʃ ]_w
[_w b u ɤ n ɡ ɑ n ]_w
[_w s t ɑ r ʃ i n ɑ ]_w
[_w k i n a d ]_w
[_w b u j l ɑ n ɑ ]_w
[_w ɑ r ɑ ɡ ɑ n ]_w
[_w k ɤ z ɡ ɑ n ]_w
[_w t ø s e l ɡ a ]_w
[_w k u l l ɑ n u ]_w
[_w ɡ ɑ b l ɑ b ]_w
[_w j e l l ɤ k ɤ ]_w
[_w t ø n ɡ e ]_w
[_w s a y t a ]_w
[_w i ɡ a n d a r ]_w
[_w ɑ n z ɑ m b l e ]_w
[_w b ɑ l ɑ ɕ ɑ ɡ ]_w
[_w o m z k i ]_w
[_w k ɑ r ɑ r ɡ ɑ n ]_w
[_w t y r t ]_w
[_w t i s t a ]_w
[_w t i n ɑ r ]_w
[_w k e r ɡ a ]_w
[_w o e ʃ m ɑ l ɑ e ]_w
[_w ɑ l m ɤ j b ɤ z ]_w
[_w ʑ i t a r ]_w
[_w d o r m ɤ ʃ ɤ n ]_w
[_w a l l a r n e ŋ ]_w
[_w b i r e p ]_w
[_w z u ɡ ɤ ʃ k ɑ n ]_w
[_w d ø z e l e ʃ e ]_w
[_w s ɑ l k ɤ p ]_w
[_w j ɑ l ɡ ɤ n ɑ ]_w
[_w s y z l a r ɡ a ]_w
[_w t ɑ t ɑ r ]_w
[_w t ɑ b d ɤ ]_w
[_w a m a k a j ]_w
[_w k ɑ l d ɤ n ɑ ]_w
[_w ɯ l d ɑ n ]_w
[_w x a l e n ]_w
[_w k o t l ɑ d ɤ ]_w
[_w ʃ a h a r e n ]_w
[_w d a t e ʃ ]_w
[_w u k ɤ l ɑ ]_w
[_w ø z d e n a ]_w
[_w t u p l ɑ k ɑ n ]_w
[_w ɑ l u ɡ ɑ ]_w
[_w j ø z e n n a n ]_w
[_w j ɑ k t ɤ l ɑ r ]_w
[_w k y r e r k a n ]_w
[_w ɑ p r e l j ɑ ]_w
[_w k y ɕ e p ]_w
[_w b e r b e r ]_w
[_w t ɑ n ɤ ʃ u ]_w
[_w m a ŋ ɡ e k a ]_w
[_w t i e ʃ l e ]_w
[_w k ɑ r ɤ p ]_w
[_w ɑ n l ɑ r ]_w
[_w b ɑ ʃ ɡ ɑ r ɑ r ]_w
[_w k y t a r e ]_w
[_w d a x i ]_w
[_w k y t a r ɡ a n ]_w
[_w x a s e r k e m ]_w
[_w x a j t a ]_w
[_w k ɤ s k ɑ n ɤ n ]_w
[_w t i n i ]_w
[_w b d i ]_w
[_w s o r ɑ r ɡ ɑ ]_w
[_w b i r t e m ]_w
[_w t e l l e k ]_w
[_w b ɑ z d ɤ m ]_w
[_w k y z a t a ]_w
[_w k ɤ l ɤ ]_w
[_w b u l u ɤ n ɑ ]_w
[_w u ŋ ɑ j t ɑ ]_w
[_w ʑ ɤ j ɑ ]_w
[_w t e l a r ]_w
[_w k ɑ t a d i ]_w
[_w i ɯ n e n d a ]_w
[_w s ɑ j l ɑ u t ɑ ]_w
[_w f o t o ]_w
[_w k i l e ]_w
[_w x i k m a t ]_w
[_w y z l a r ]_w
[_w m u s e j ]_w
[_w j ɑ ŋ ɑ d ɑ n ]_w
[_w ʑ ɑ b ɤ p ]_w
[_w k ɑ r ]_w
[_w n i ʑ a ]_w
[_w ɑ w ɤ r l ɤ ɡ ]_w
[_w m a k ʔ l y m ]_w
[_w ɑ j t ɑ l ɤ ]_w
[_w ɡ ɑ r ]_w
[_w ɡ ɑ j t t ɤ m ]_w
[_w s o r ɑ b ]_w
[_w u ŋ ɤ ʃ k ɑ n ]_w
[_w ɡ y ɕ k a n ]_w
[_w ɕ a m a k a ]_w
[_w ɡ u ʃ m ɑ ]_w
[_w ɕ ɤ k ɑ r ]_w
[_w ɡ ɤ j l e m ]_w
[_w m i l l i o n ]_w
[_w t i n ɕ u r i n ]_w
[_w k i e m n a r e ]_w
[_w u t ɤ r ɤ p ]_w
[_w z a p a b l a r ]_w
[_w s a b a p l e ]_w
[_w z ɑ d ɑ ]_w
[_w ɡ ɑ z ɤ r l ɑ r ]_w
[_w ɑ ʑ ɤ l ɑ r ]_w
[_w y s e m n a r ]_w
[_w z u l ɤ ʃ ɑ ]_w
[_w ʑ i ŋ y ɕ e s e ]_w
[_w m e ŋ l a ɡ a n ]_w
[_w i t e k a ]_w
[_w b ɑ j ɑ z i t ]_w
[_w k ɤ s ɤ k l ɤ ]_w
[_w a x m a d ]_w
[_w j ɑ k t ɑ ]_w
[_w t o r m ɤ ʃ t ɑ ]_w
[_w t ɤ r ɤ ʃ ɤ ]_w
[_w j ø z e n ]_w
[_w b i ɡ r a ɡ ]_w
[_w s ø j l a b ]_w
[_w k e r e m ]_w
[_w f a n ]_w
[_w t a w ɑ m ɤ ]_w
[_w j ɑ s ɤ l ]_w
[_w f a ɡ ɤ j r a ]_w
[_w n a t i ɕ a t a ]_w
[_w ʑ i r l a r ]_w
[_w t u k ɤ z ]_w
[_w ɤ ʃ ɑ n ɑ m ]_w
[_w b ø t e n l a p ]_w
[_w ɑ l d ɤ l ɑ r ]_w
[_w ɕ i r ɡ a n ]_w
[_w j ɑ l k ɤ n ]_w
[_w t o t ɤ n d ɤ ]_w
[_w ø m e t ]_w
[_w ɕ ɤ ɡ ɑ r ɡ ɑ ]_w
[_w t ɑ b ɤ p ]_w
[_w k ɑ j d ɤ r ]_w
[_w a j l a n e p ]_w
[_w s ø j l a ʃ y ]_w
[_w z ɑ f k ɑ ]_w
[_w ɡ ɑ d a r ]_w
[_w t ɤ r ɤ p ]_w
[_w a j t e l ]_w
[_w m ɑ t b u k ɑ ]_w
[_w j ɑ l ]_w
[_w y l d e ]_w
[_w p o l ɑ r ]_w
[_w m e r ɤ n ]_w
[_w b ɑ ʃ k ɑ r ɑ r ]_w
[_w ɕ ʑ ɕ ]_w
[_w ɑ t ɑ p ]_w
[_w b u e n ɑ ]_w
[_w i ɡ ʔ t i s ɑ t ]_w
[_w ɕ i n ɑ j ɑ t ʔ ]_w
[_w k ɑ z ]_w
[_w t ø ʃ e r d e m ]_w
[_w f a r i t a ]_w
[_w ɑ ʃ ɑ b ]_w
[_w ɕ ɑ r ɑ l ɑ ]_w
[_w m e d o t i ɡ ]_w
[_w d u r ɤ ]_w
[_w ʑ ɑ k ɤ n ɑ ]_w
[_w d i s t a n ]_w
[_w ʑ i t k e ɕ ]_w
[_w j ɑ s m ɤ ʃ ]_w
[_w k ɑ s ɑ n n ɑ n ]_w
[_w u k ɤ r ]_w
[_w x a l d a ]_w
[_w z a j ɑ z a t e ]_w
[_w l ɑ r ]_w
[_w b e t e r a ]_w
[_w j ɑ ʃ a r ]_w
[_w ɑ l u ɕ ɤ ]_w
[_w e ʃ l e ]_w
[_w u j n ɑ k ɑ ]_w
[_w ɡ u r ɡ u ]_w
[_w o l u k ]_w
[_w b e r i ɡ ɑ ]_w
[_w a n i s ]_w
[_w w l ɑ d i n ]_w
[_w ɑ b ɑ s ɤ p ]_w
[_w x ɑ t ɤ ]_w
[_w s u ɡ ɑ ]_w
[_w ɯ ɡ ɑ l d ɤ ]_w
[_w t a r a ɕ a ɡ ]_w
[_w r o z s i j ɑ t ]_w
[_w s ø j l a ʃ a ]_w
[_w ʃ u l ɑ j ]_w
[_w j o r t ɤ m ]_w
[_w j ø r ɡ a n ]_w
[_w s ɑ m ɑ n ɑ ]_w
[_w p ɑ r ɡ ɑ n ]_w
[_w ɑ s ɤ ɡ ɤ z ]_w
[_w ɑ j ɑ n ɤ ]_w
[_w ʑ ɤ r ʑ ɤ ]_w
[_w ʑ o m ɡ ɑ ]_w
[_w k y r a z e ]_w
[_w d ɤ r ɤ ʃ ɑ ]_w
[_w s ɑ l ɤ m ]_w
[_w j ɑ n ɤ n n ɑ r ]_w
[_w m ø t i r e ]_w
[_w d i r a n d e ]_w
[_w ɡ ɑ l d u ]_w
[_w k e r t e m ]_w
[_w ɑ l d ɑ ɕ ]_w
[_w x a r e f e ]_w
[_w m a ʃ h y r ]_w
[_w k u l d ɑ n ]_w
[_w b i r m i ]_w
[_w ɑ l ɡ ɤ n ]_w
[_w e ʃ l a m i ]_w
[_w ɯ b i l e j ]_w
[_w p a j r a m ɡ a ]_w
[_w b ɑ r ɡ ɑ ɕ ]_w
[_w p ɑ r l ɤ ɡ ]_w
[_w o ɕ r ɑ k t o r ]_w
[_w j ø r t e p ]_w
[_w b e l m a t ]_w
[_w t ɤ r ɤ ʃ ɑ ]_w
[_w k ɑ k ɤ p ]_w
[_w s t ɑ r t ɤ p ]_w
[_w t ø n ʔ j ɑ t ɑ ]_w
[_w t a r d i b e z ]_w
[_w ɕ u l p ɑ n ]_w
[_w k ø l n ɑ s ]_w
[_w k ɑ r t ɑ ]_w
[_w y l e m s e s ]_w
[_w ɑ r ɑ t ɤ ]_w
[_w b i r e ɡ ]_w
[_w s a ɡ ɑ t ʔ k a ]_w
[_w ɡ i ʑ ]_w
[_w j ɑ m ɑ n ɕ ɑ ]_w
[_w j ø r k a n ]_w
[_w a k i j ɑ t ]_w
[_w u ɡ ɤ l ɡ ɑ n ]_w
[_w b o l ɤ t ]_w
[_w j ɑ z ɤ l ]_w
[_w k u l l ɑ r t ɑ ]_w
[_w s i s e b ]_w
[_w i l n e ]_w
[_w p u l m ɑ d ɤ ]_w
[_w ɕ ɤ k t ɤ m ]_w
[_w w ɑ ɡ ɤ t t ɑ n ]_w
[_w ʑ ɑ k l ɑ p ]_w
[_w u k u ʑ ɤ l ɑ r ]_w
[_w b a j s e z ]_w
[_w j ɑ z ɑ l ɡ ɑ ]_w
[_w b ɑ j ]_w
[_w d u z d ɤ m ]_w
[_w z ø j l a ʃ e p ]_w
[_w u r t ɑ k ]_w
[_w u k ɤ t u ]_w
[_w b i r e l e p ]_w
[_w k y ɕ y ]_w
[_w z u m n ɑ n ]_w
[_w s y z d a ]_w
[_w j ɑ ʃ e n t a ]_w
[_w j ɑ ʃ ʔ t a ɡ e ]_w
[_w p i l ɡ e l a b ]_w
[_w s a j ɑ s e ]_w
[_w a j t e l a r e ]_w
[_w a j t i m ]_w
[_w ʃ u r n ɑ ʃ ɑ ]_w
[_w d o r u ɤ ]_w
[_w ɕ ɤ r l ɑ r ɤ ]_w
[_w j ɑ k ɤ ]_w
[_w i l n ɑ z ]_w
[_w o s l ɑ n ]_w
[_w a z e r l a ]_w
[_w ʑ i ŋ y k a ]_w
[_w b i r d e l d a ]_w
[_w ʃ a m a r t a n ]_w
[_w ø j r a t y ]_w
[_w ɑ ɡ ʑ ɑ ]_w
[_w s a k ɑ t ʔ ]_w
[_w i d y ɕ e ]_w
[_w ɑ t l ɑ n ɤ ŋ ]_w
[_w n a z e l ]_w
[_w ɑ n d r e j ]_w
[_w ɑ z r ɑ k ]_w
[_w k i t a l a r ]_w
[_w ɡ e r e n ɕ e ]_w
[_w a j l a n e ŋ ]_w
[_w ɡ e ʃ e ɡ a ]_w
[_w ʑ i ŋ y n e ŋ ]_w
[_w e t o j ]_w
[_w k y t a r y ]_w
[_w k ɑ l ɤ b ]_w
[_w t e k ɑ b r j ɑ ]_w
[_w s ɑ b ɑ t ɑ ]_w
[_w s ɤ j f ɑ t ]_w
[_w ɑ k r ɑ r ]_w
[_w x ɑ l ɡ ɤ ]_w
[_w k e n e r ɑ l ʔ ]_w
[_w ɑ ʃ ɤ k ɤ ɕ ]_w
[_w j e l l ɤ ɡ ]_w
[_w d o r u ]_w
[_w u ɡ l ɤ n ]_w
[_w y z e ʃ ]_w
[_w s ø j l a ɡ a j ]_w
[_w b u l ɑ t ɤ ]_w
[_w ɕ i r m e ʃ a n ]_w
[_w t e r l e ]_w
[_w x a j r ɑ n ]_w
[_w t o d r ɤ k l ɤ ]_w
[_w m ø h i m ]_w
[_w u s k ɑ ɕ ɑ ɡ ]_w
[_w b u l ɑ l ɑ r ]_w
[_w k e r e r k a ]_w
[_w k ɑ l i ]_w
[_w s ɑ ɡ l ɑ u ]_w
[_w k ɑ r ʃ ɤ l ɤ p ]_w
[_w ø j r a n y ]_w
[_w ɑ z d ɤ n t ɑ ]_w
[_w ɡ ɤ s l ɑ r ɤ ]_w
[_w t ø z d a ]_w
[_w ɑ ɕ l ɤ k ]_w
[_w j o s ɤ f ]_w
[_w t ɑ i m i ]_w
[_w t o r ɑ k ]_w
[_w d o t ɤ n d ɑ ]_w
[_w t ɑ ʃ l ɑ b ]_w
[_w k y ŋ e l ɡ a ]_w
[_w j ɑ r t a m ɡ a ]_w
[_w y z y z e ]_w
[_w j ɑ k ɤ n d ɑ ]_w
[_w k u j ɑ m ]_w
[_w x i s e ]_w
[_w ɑ ɡ ɑ t e r e p ]_w
[_w i d a b e n ]_w
[_w ɑ ɕ ɑ r ]_w
[_w s y z e n a ]_w
[_w b u l ɡ ɑ ]_w
[_w w u r ]_w
[_w j o m ɡ ɑ ]_w
[_w ɡ e ɕ e ]_w
[_w t ɑ r ɑ l ɑ ]_w
[_w a z a r ]_w
[_w u k ɤ p ]_w
[_w e t a r ɡ e ]_w
[_w d u s l ɑ r ]_w
[_w b i r e k ]_w
[_w k ɑ m i l ]_w
[_w y z l a r e n ]_w
[_w i m i n l e k ]_w
[_w d u s l ɤ k ]_w
[_w k ɑ r ʃ ɤ n d ɑ ]_w
[_w d ɤ n ɤ ]_w
[_w i t e j ɑ s e ]_w
[_w b ɑ l ɑ t ɑ ]_w
[_w e ʃ e n e ]_w
[_w ø z e l m ɑ n ]_w
[_w r u b r i k ɑ ]_w
[_w y z e ]_w
[_w k ɤ r ɤ k ]_w
[_w i k a n d a ]_w
[_w k i e p ]_w
[_w y t k a r ɡ a n ]_w
[_w i t t e ]_w
[_w s ɑ l l ɤ t ɑ ]_w
[_w k ø n k a ]_w
[_w ɑ b ɑ s ɤ l ɤ b ]_w
[_w t i ɡ a n e n ]_w
[_w k u ɤ p ]_w
[_w b i r s a ]_w
[_w d ɑ m ɑ ʃ ɑ ]_w
[_w y z a ]_w
[_w y l e ]_w
[_w ɕ i ŋ y ɕ e s e ]_w
[_w ɑ l ɤ n ɡ ɑ n ]_w
[_w b i r m a t ]_w
[_w ʑ ɑ n b ɑ j ]_w
[_w ɑ r m i j ɑ k a ]_w
[_w t ɤ ɡ ɤ z ]_w
[_w w ɑ ɡ ɤ t l ɤ ]_w
[_w t ɑ r ɑ f ]_w
[_w a j d a k e ]_w
[_w k l u b ]_w
[_w k ɑ j t t ɤ m ]_w
[_w k ɑ j d ɑ n ]_w
[_w b ɑ s t ɤ ]_w
[_w s ɑ k ɤ n r ɑ ɡ ]_w
[_w ɯ l t ɑ ]_w
[_w r ɑ d i o ]_w
[_w u z d ɤ r ɤ p ]_w
[_w t o t ɤ l ɡ ɑ n ]_w
[_w ɑ ɑ ɕ ]_w
[_w j o r t t ɑ ]_w
[_w y z a n t a ]_w
[_w ɑ ɕ ɤ l ɡ ɑ n ]_w
[_w y t k a ɕ ]_w
[_w ɑ e n d ɑ ]_w
[_w k e r o e ]_w
[_w k i t t e k ]_w
[_w ʑ i d e ]_w
[_w t ɑ ʃ l ɑ s ɑ ]_w
[_w d ɑ ʃ l ɑ p ]_w
[_w t e ɡ ɑ b r j ɑ ]_w
[_w d ø r k e m ɡ a ]_w
[_w z ɑ r m ɑ k ɤ ]_w
[_w ɑ t n ɑ ʃ t ɤ ]_w
[_w x a l l a ]_w
[_w d ɑ n ɤ ʃ ]_w
[_w u k ɤ t ɤ ]_w
[_w n a ʑ i b a r ]_w
[_w u r t ɑ k l ɤ ]_w
[_w k ɑ e p ]_w
[_w a l p a t t a ]_w
[_w i b d a ]_w
[_w z u k ɤ ʃ ]_w
[_w z ø l f a d ]_w
[_w u z d ɤ r ]_w
[_w u t l ɑ r ]_w
[_w ɡ y r m a k a n ]_w
[_w f ɑ t ɤ ]_w
[_w k i t ɑ b ɤ p ]_w
[_w x a l ɡ a ]_w
[_w d ɤ j n ɑ ɡ ɑ n ]_w
[_w ɑ w ɤ z ]_w
[_w r a s s ɑ m ]_w
[_w k ɑ ɕ a e p ]_w
[_w j ɑ u l ɑ k ɑ n ]_w
[_w b ɑ l ɑ l ɑ r ɤ ]_w
[_w j o r t ]_w
[_w j ø z e n d a ]_w
[_w ɑ z ɤ ɡ ]_w
[_w u r ɤ n ɤ ]_w
[_w j ɑ r ɤ j m ]_w
[_w ɡ i z a k e n a ]_w
[_w t ɑ d ɑ r n ɤ ŋ ]_w
[_w ɑ k r ɤ m ]_w
[_w k ɑ r ɑ k ɑ n ]_w
[_w p u l ɤ ɡ ɤ ]_w
[_w j ɑ ɡ l ɤ j ]_w
[_w ɡ e m n e ŋ ]_w
[_w m ɑ ʃ i n ɑ t ]_w
[_w s i n e ŋ ]_w
[_w ʃ a k e r t e ]_w
[_w z ɑ p ɑ n ]_w
[_w b i x i z ɑ b ]_w
[_w x ɑ l ɤ k ɑ r u ]_w
[_w ʃ u ʃ ɤ ]_w
[_w w e t e w ]_w
[_w s i k e r e ]_w
[_w x e z m a t e ]_w
[_w t i e ʃ e n ]_w
[_w ɕ ɑ w ɑ p l ɤ ]_w
[_w b ɑ ʃ l ɤ k ɤ z ]_w
[_w x ø k y m a ɡ ]_w
[_w b e l d e r y ]_w
[_w i t y d a ]_w
[_w ɡ i l d e ]_w
[_w k o l ɑ j ]_w
[_w ɕ ɑ k l ɑ u ]_w
[_w ʑ i t m a s a ]_w
[_w i s x ɑ k ɤ n ]_w
[_w t a r e p ]_w
[_w x a l e ]_w
[_w ʑ ɤ r ɕ ɤ s ɤ ]_w
[_w b y ɡ e n ɡ e ]_w
[_w b e r e n ]_w
[_w o l e k ]_w
[_w k ɑ s ɑ n ɡ ɑ n ]_w
[_w k i l s e n ]_w
[_w t ø b a k ]_w
[_w j ɑ r ɑ t ɤ m ]_w
[_w ɡ ɑ j ]_w
[_w i d a l a r ]_w
[_w b a n e m ]_w
[_w t ɑ r t k ɑ n ]_w
[_w b e t e r ɑ n ɤ ]_w
[_w k o r ɤ p ]_w
[_w i n d e r y ]_w
[_w ʑ i r d a n ]_w
[_w i m i n l e ɡ ]_w
[_w t i l y s ]_w
[_w r i s ɤ k ]_w
[_w m i r ɑ z ]_w
[_w b i r s e n d a ]_w
[_w d ɑ d ɑ r k ɑ ]_w
[_w k y b d a n ]_w
[_w o s ɤ n ]_w
[_w t i j ɑ r l ɤ k ]_w
[_w e z s e ]_w
[_w j ø r t e m ]_w
[_w j ɑ k ɤ n r ɑ k ]_w
[_w k ɤ s ɤ k ]_w
[_w d u l ɑ ]_w
[_w ɕ i r n e ]_w
[_w o z d ɑ s ɤ ]_w
[_w p ɑ r l ɤ k ]_w
[_w a t i s e ŋ ]_w
[_w t e ɡ e z ]_w
[_w b ɑ d ʒ ɑ ]_w
[_w b ɑ ʃ l ɑ s ɑ ]_w
[_w ɕ o r ɤ n ɡ ɤ s ]_w
[_w a j t a r ]_w
[_w ʃ u r n ɑ l ɤ ]_w
[_w ɑ l ɤ j ɡ ]_w
[_w ɑ k ɤ l ɤ r ɡ ɑ ]_w
[_w j ɑ r l ɤ k ]_w
[_w k i l y ɕ e ]_w
[_w u j ɑ t ɑ ]_w
[_w z ɑ b ɑ n ]_w
[_w j ɑ ʃ a p ]_w
[_w k o n k u r s ]_w
[_w b e l e m e ]_w
[_w ɑ x ɤ r ɤ n d ɑ ]_w
[_w t a m l e ]_w
[_w ɑ k ɑ j ]_w
[_w k ɑ r ɑ z ɤ ]_w
[_w ɕ ɑ ɡ r ɤ m ]_w
[_w d ø ʃ ]_w
[_w t ø r e ]_w
[_w ʒ ɑ ɡ ɤ j t ʔ ]_w
[_w ɑ k ɤ j r ʔ ]_w
[_w a j t e r s e ]_w
[_w t ɑ p t ɤ r ɑ ]_w
[_w k l ɑ s s i ɡ ]_w
[_w ɡ y ŋ e l l e k ]_w
[_w j o k l ɤ j ]_w
[_w x i s ɑ b ]_w
[_w k ɑ t ɤ j ]_w
[_w a m i r ]_w
[_w t ɤ r ɤ ʃ t ɤ ]_w
[_w t i r e ]_w
[_w j ɑ z d ɤ r ɑ ]_w
[_w y z e b ]_w
[_w a ɡ i j ɑ t ]_w
[_w k y t a r k a ]_w
[_w s u k ɤ ʃ ɤ ]_w
[_w d ɑ w ɑ m ɤ ]_w
[_w ɑ ʃ ɤ j ]_w
[_w s ɑ r i p o w ]_w
[_w b e r ɡ a l a p ]_w
[_w j e l e n e ŋ ]_w
[_w t u p l ɑ ɡ ɑ n ]_w
[_w k y ɕ e r e b ]_w
[_w j ø s e ]_w
[_w t o t ɤ l ɑ ]_w
[_w t a y ɡ e ]_w
[_w k ø ɕ l e r a ɡ ]_w
[_w s ø d ]_w
[_w m a t a n i ]_w
[_w a d i z e n a ]_w
[_w s a y t a d ]_w
[_w b i r m a t e ]_w
[_w a j l a n ɡ a n ]_w
[_w ɑ ɡ ɤ j ɡ ɑ n ]_w
[_w m ɑ d u r ]_w
[_w y t e r ɡ a ]_w
[_w a l e k ]_w
[_w ɑ l e k s e j ]_w
[_w ʃ ø ɡ e r ]_w
[_w ɕ i b a r ɡ a n ]_w
[_w u s ɑ n ]_w
[_w z ɑ l l ɤ t ɑ ]_w
[_w ɡ ɑ r ɑ ]_w
[_w o ɕ r ɑ ɡ ɑ n ]_w
[_w m ɑ t e r l e ]_w
[_w m ø s l i m ]_w
[_w d a ɡ ɑ l a ]_w
[_w b u l m ɑ k ɑ ɕ ]_w
[_w t a w ɑ m ]_w
[_w t u r ɤ n d ɑ ]_w
[_w ɡ ø n ɕ ɤ ɡ ɤ ʃ ]_w
[_w ɡ ø z ɡ e ]_w
[_w ɑ n ɤ s ɤ ]_w
[_w j ɑ b ɤ p ]_w
[_w t u s l ɑ r ]_w
[_w ɑ ɕ ɤ l ɤ ]_w
[_w ø j l a ʃ a ]_w
[_w t a r a s a ]_w
[_w d ɤ r ɤ p ]_w
[_w x ɑ l ɤ k t ɑ ]_w
[_w k o m ɑ n ]_w
[_w ɡ o m e r ɤ ]_w
[_w k i t e r t a ]_w
[_w u ʑ ɑ k ]_w
[_w k ɑ d a d ]_w
[_w ɑ w ɑ z ɤ ]_w
[_w i ɯ l e n t a ]_w
[_w t ɑ k ɤ ]_w
[_w j ɑ z m ɑ z ɤ ]_w
[_w k ɑ z ɤ ]_w
[_w i ɡ e l l e ɡ ]_w
[_w o r e n b u r k ]_w
[_w t o r ɑ l ɤ p ]_w
[_w ɕ ɤ e n ɑ l ɑ ]_w
[_w b ɑ j ɑ k ]_w
[_w ɯ l n ɤ ]_w
[_w k i l a ʑ a ɡ a ]_w
[_w o k t j ɑ b r ʔ ]_w
[_w ʑ e l d a n ]_w
[_w ɯ ɡ ɑ r ɤ p e r ]_w
[_w j e ɡ e r m i ]_w
[_w k ɤ s ɤ n ɑ b ]_w
[_w d a r d i b d a ]_w
[_w j o r d ɤ n ɑ ]_w
[_w k ø n e ]_w
[_w i k e l l e k ]_w
[_w ɡ ɑ r t ɑ ]_w
[_w z e r ]_w
[_w ʑ ɤ e n ɑ ]_w
[_w ɡ i r a k l e ]_w
[_w ɯ ɡ ɑ l ɡ ɑ ]_w
[_w ø l e ʃ e n ]_w
[_w ɑ ɕ ɤ k l ɑ b ]_w
[_w t ø r e s e n ]_w
[_w d ɑ r t ɤ p ]_w
[_w p e z d a n ]_w
[_w t ø p a k e ]_w
[_w p u ʃ k ɑ ]_w
[_w x ɑ k l ɤ j ]_w
[_w k ɑ t n ɑ ʃ ɤ p ]_w
[_w u r d ɑ ɡ l ɑ r ]_w
[_w ɕ ɤ r l ɤ k ]_w
[_w f ɑ t i r ]_w
[_w ɑ l ɑ ɕ ɑ k ]_w
[_w m ɑ k t ɑ p ]_w
[_w k ɑ t e r i ɑ l ]_w
[_w b ɑ z d ɤ n d ɑ ]_w
[_w d ø ʃ e r y ]_w
[_w ɡ i l y ɕ e ]_w
[_w t ɑ m ʑ ɤ ]_w
[_w b ɑ ʃ k ɑ l ɑ r ]_w
[_w s ø j l i l a r ]_w
[_w k y z a d e ]_w
[_w k ɤ z n ɤ ]_w
[_w k ɑ d ɤ ]_w
[_w k y r a s e ŋ ]_w
[_w ø j r a d a ]_w
[_w k ɑ r i z ɑ ]_w
[_w ʑ ɤ r l ɤ ɡ ]_w
[_w s ɑ ɡ o n ]_w
[_w b u l k ɑ d a d ]_w
[_w t ɑ r i x i ]_w
[_w y z ɑ r ɑ ]_w
[_w k i d ɑ p l ɑ r ]_w
[_w ʃ u r n ɑ l ]_w
[_w p i r e l a ]_w
[_w j ø r i ]_w
[_w m u l l ɑ n u ]_w
[_w i k ʔ t i z ɑ d ]_w
[_w t o r u ]_w
[_w ø s t a ɡ e ]_w
[_w j ø r d y ɕ e ]_w
[_w p u l d ɤ ŋ ]_w
[_w k i t k e r a ]_w
[_w d i d e m ]_w
[_w d ɑ w ɤ ʃ ]_w
[_w x ɑ ɕ ]_w
[_w ø j r a n e b ]_w
[_w ʃ i k e l e k ]_w
[_w n o k t ɑ ]_w
[_w b ɑ ʃ l ɑ n d ]_w
[_w w ɑ ɡ ]_w
[_w b ɑ j l ɤ k ]_w
[_w x ø r m a t l e ]_w
[_w t ɑ ɡ ɤ n d ɑ ]_w
[_w ɡ ɑ l ɤ r k ɑ ]_w
[_w e ʃ t a n ]_w
[_w b e r l a ]_w
[_w ø s t a m ]_w
[_w j ɑ s t ɤ ]_w
[_w x ɑ t ɤ n ɑ ]_w
[_w ʑ a ʑ a k ]_w
[_w ʃ a j m i e w ]_w
[_w k ɑ t a r ]_w
[_w f ɑ k i l ]_w
[_w j o r d ɤ m ]_w
[_w s ɑ n d u k ɑ j ]_w
[_w k ɤ j m ]_w
[_w b ɑ r ɡ ɑ n d ɑ ]_w
[_w j ɑ d ɑ ]_w
[_w y t a r ɡ e ]_w
[_w t ø p e n d a ]_w
[_w u ɡ ɤ l ɑ ]_w
[_w k y ɡ r a ɡ ]_w
[_w ɯ l k ɑ ]_w
[_w a j d ]_w
[_w u s ɤ p ]_w
[_w u j n ɑ k ]_w
[_w b u l ]_w
[_w j ɑ l k ɤ ]_w
[_w ø z d e n l e k ]_w
[_w t ɑ b i b l ɑ r ]_w
[_w ɡ ɑ r ɤ ]_w
[_w k y p k a ]_w
[_w ɑ l ɑ n ɤ ]_w
[_w a x m a t o w ]_w
[_w b ɑ r t ɤ p ]_w
[_w t e p u t ɑ t ]_w
[_w ʑ ɤ e n ɑ l ɑ ]_w
[_w m i r ɑ s ]_w
[_w p i r s a ]_w
[_w d a r a ]_w
[_w ɡ i l e p ]_w
[_w b a j l a n t e ]_w
[_w m o n n ɑ r ɤ ]_w
[_w b e t k a ]_w
[_w d ɑ u ]_w
[_w ø z e l e ʃ ]_w
[_w ɑ l i n ]_w
[_w ɑ b ɑ z ɤ l ɑ ]_w
[_w r o s ɑ ]_w
[_w j e ɡ e t e ]_w
[_w j ɑ z u n ɤ ]_w
[_w ʑ ɤ e l ɡ ɑ n ]_w
[_w r o m ɑ n ɤ ]_w
[_w k ɑ j d u ]_w
[_w ɑ ɡ r ɤ n ]_w
[_w o x ʃ ɑ k ɑ n ]_w
[_w b ɑ t ɤ ʃ ]_w
[_w k ɑ e b ]_w
[_w k ɑ j ɑ n ɤ p ]_w
[_w j ɑ ʃ a k a n ]_w
[_w x ɑ k t ɑ ]_w
[_w k ɑ l t ɤ r ]_w
[_w k ɑ j d ɑ r ]_w
[_w j ɑ s ɤ k ]_w
[_w k u j ɡ ɑ n ]_w
[_w k y r e p ]_w
[_w k ɑ t n ɑ ʃ ]_w
[_w k i r a k e ]_w
[_w t e ɑ t r t ɑ ]_w
[_w ɡ i t y ]_w
[_w j e ʃ r ɑ k ]_w
[_w s ɑ k l ɑ r ɤ ]_w
[_w k ø s ]_w
[_w m i l l i ɑ r t ]_w
[_w ɑ n d ɑ k ɤ ]_w
[_w k u ʃ l ɑ j ]_w
[_w ɑ z ɡ ɑ ]_w
[_w m a s k a y ]_w
[_w s ɤ s ɤ k ]_w
[_w ø l e ʃ ]_w
[_w ɡ u e l d ɤ ]_w
[_w d ɑ ʃ ɤ ]_w
[_w t ø l ɡ e r t a ]_w
[_w z ɑ j l ɑ r ]_w
[_w ɡ ø n l e k ]_w
[_w s ɑ ɡ s ]_w
[_w ɡ u e l ɡ ɑ n ]_w
[_w i d e ]_w
[_w t i s e ŋ m e ]_w
[_w y s a k ]_w
[_w t ɑ m ɕ ɤ ]_w
[_w ɡ y r a m ]_w
[_w ɕ ɤ k ɑ ]_w
[_w x ɑ ʑ ]_w
[_w ʑ ɑ ɡ ɤ ]_w
[_w o z d ɑ ]_w
[_w x ɑ l ɡ ɤ p ]_w
[_w ɯ b i l e t ]_w
[_w ɕ i t k e r a ]_w
[_w r i ʃ ɑ t ]_w
[_w d i s e ]_w
[_w j ɑ r ɡ ɑ ]_w
[_w a s a r l a r e ]_w
[_w ɡ y ɕ t e ]_w
