[_w ɔ i l a i ]_w
[_w s i n n i ]_w
[_w h i z b i ]_w
[_w m a n b a ʔ ]_w
[_w m a b l a χ ]_w
[_w t a ʔ v a d ]_w
[_w s a f i r i ]_w
[_w m u j a s s a r ]_w
[_w ʃ u b h a ]_w
[_w m u ʔ ɔ f i n i ]_w
[_w ɔ n h ɔ ]_w
[_w ʃ a χ s i i ]_w
[_w a χ i r a d ]_w
[_w k a χ ]_w
[_w t i l u ]_w
[_w d i ɡ a r a ʃ ]_w
[_w s a r f a r i ]_w
[_w χ u d a t ]_w
[_w r e ʃ i m i ]_w
[_w χ u r ʃ e d ]_w
[_w r u s i ]_w
[_w i ɡ d i s ɔ d i ]_w
[_w r a v d a n ]_w
[_w r ɔ h h ɔ i ]_w
[_w b ɔ s ɔ r ]_w
[_w ʃ i m ɔ l i j a ]_w
[_w m ɔ v u ]_w
[_w d a n χ ɔ ]_w
[_w n a m u n a i ]_w
[_w s a n ]_w
[_w r ɔ z z i i ]_w
[_w tʃ a ʃ m i ]_w
[_w k u l l i j u n ]_w
[_w ɔ d a ʃ ]_w
[_w χ u d ɔ f e ʔ i ]_w
[_w n e d ]_w
[_w t a s f i r ]_w
[_w d a n h ɔ ]_w
[_w b a ʔ z e ]_w
[_w s a n ɔ n ]_w
[_w z a n d ]_w
[_w i n d e r n e d ]_w
[_w q i z m i ]_w
[_w v a r s i ʃ ]_w
[_w m a n r ɔ ]_w
[_w s ɔ χ t ɔ r i ]_w
[_w ʃ ɔ i r ɔ n i ]_w
[_w f a z i ]_w
[_w a t ɔ u l l ɔ ]_w
[_w k ɔ n u n i i ]_w
[_w b i n ]_w
[_w ʃ a b i ]_w
[_w t a r z i i ]_w
[_w t ɔ tʃ i k ɔ n ]_w
[_w m ɔ n d ]_w
[_w k ɔ r e r ɔ ]_w
[_w m i l l i ]_w
[_w b a χ ʃ e ]_w
[_w d a s t a ]_w
[_w r a s m i ]_w
[_w h i s ]_w
[_w s a m ɔ n ɔ f ]_w
[_w n a m ɔ s ]_w
[_w r a z m i j a d ]_w
[_w m i l l i k ]_w
[_w d e h a ]_w
[_w m a n ɔ f e ʔ i ]_w
[_w dʒ a h ɔ n i ]_w
[_w ɵ r ɔ ]_w
[_w s ɔ h i b i ]_w
[_w b a r i ]_w
[_w a v r ɔ n ]_w
[_w r a f t ]_w
[_w b i k i r ɔ m j ]_w
[_w a s a r i ]_w
[_w t ɔ n i z d ]_w
[_w b e r u n ]_w
[_w n a d ɔ r a m ]_w
[_w b ɔ i z i ]_w
[_w a r t i t a ]_w
[_w i ʃ t i i ]_w
[_w t a v r a i ]_w
[_w s a d a ]_w
[_w b a j n ]_w
[_w a d ɔ l a t ]_w
[_w t a r u ]_w
[_w b a r ɔ d a ]_w
[_w k i s m i ]_w
[_w v a r χ a n ɡ i ]_w
[_w a j n i ]_w
[_w ɔ l i i ]_w
[_w ʃ a r h i ]_w
[_w ɔ d a m ]_w
[_w b a j ]_w
[_w j e k ɔ ]_w
[_w z a n ʔ a d ]_w
[_w f a k r ]_w
[_w m e ʃ a f a m ]_w
[_w p ɔ q i ]_w
[_w b a j r a v ]_w
[_w f a r d ]_w
[_w χ a r ]_w
[_w ʃ a j χ ]_w
[_w b ɔ s ]_w
[_w ɡ a n ɔ r i ]_w
[_w m e d i d ]_w
[_w p ɔ z ɔ r i ]_w
[_w tʃ a ʃ n ]_w
[_w ʃ a χ s ɔ n i ]_w
[_w k a t l ]_w
[_w dʒ u n i n ]_w
[_w dʒ u d ɔ ]_w
[_w q u r ʔ ɔ n ]_w
[_w r ɵ d i ]_w
[_w d ɔ d a n i ]_w
[_w v a j r ɔ n ]_w
[_w d a v ɔ m i l i ]_w
[_w a v z ɔ i ʃ ]_w
[_w χ a s t ]_w
[_w χ u r t u ]_w
[_w d a l ɡ ɔ ]_w
[_w k a m e ]_w
[_w m u ʃ t a r ]_w
[_w ɡ u r ɵ h ]_w
[_w r ɔ d j u ]_w
[_w p a j v a n d ]_w
[_w u ʃ e ]_w
[_w p a j ]_w
[_w ɔ d a m ɔ n ]_w
[_w e χ d ɔ s i ]_w
[_w s ɔ χ t a a n d ]_w
[_w r u b l i ]_w
[_w m e χ ɔ z d a ]_w
[_w b ɔ s ɔ r i ]_w
[_w t e h a ]_w
[_w h ɔ d i ]_w
[_w ʃ a d i d i ]_w
[_w i f ɔ d a ]_w
[_w p e h t a r i ]_w
[_w m u n d a k e ]_w
[_w h a m m a t ]_w
[_w n i χ ɔ d i z a ]_w
[_w χ ɔ tʃ a ]_w
[_w r a h ]_w
[_w k ɵ h h ɔ i ]_w
[_w m i s r ɔ i l ]_w
[_w χ u d u d i ]_w
[_w m e χ ɔ h a m ]_w
[_w t a r z ]_w
[_w dʒ u m l a i ]_w
[_w n a χ s a t i ]_w
[_w ɔ r z u ]_w
[_w k a v ɔ n i ]_w
[_w ʃ ɔ ʔ i r i ]_w
[_w m e h n a t ]_w
[_w k ɔ m i ]_w
[_w d a r k i s ]_w
[_w v a k t e ]_w
[_w u z d ɔ d ]_w
[_w m a q s a t i ]_w
[_w m u h ɔ k i m i ]_w
[_w d a r j ɔ f t i ]_w
[_w b a r f ]_w
[_w e χ d i r ɔ d i ]_w
[_w d i ɡ a r ]_w
[_w dʒ i n ɔ χ t a i ]_w
[_w k i l u v ɔ d ]_w
[_w u m u m i ]_w
[_w t i l a m ]_w
[_w m a χ r u ]_w
[_w m a n s a b i ]_w
[_w d a i ]_w
[_w χ i m ɔ j a i ]_w
[_w m u ʃ a χ χ a s ]_w
[_w v a s ɔ i l i ]_w
[_w t ɔ dʒ i ɡ i ]_w
[_w k u l i ]_w
[_w m a r s b ɔ n i ]_w
[_w i tʃ r ɔ ]_w
[_w n ɔ ʃ i ]_w
[_w e r ɔ n r ɔ ]_w
[_w t a m e ]_w
[_w χ a v ɔ d d ]_w
[_w i m ʃ a b ]_w
[_w b ɔ j ɔ n ]_w
[_w t a r a ʃ ]_w
[_w f e j z b u k ]_w
[_w h a s t a n d ]_w
[_w n ɔ d i t a n i ]_w
[_w a s ʔ ɔ r i ]_w
[_w ɔ l i m ɔ v ]_w
[_w v l a t i ]_w
[_w t e a d r ]_w
[_w m e χ ɔ χ a m ]_w
[_w v a s i l a i ]_w
[_w ɔ χ ɔ z ]_w
[_w χ a f t a a s t ]_w
[_w d a n ]_w
[_w χ a j ɔ t ]_w
[_w m a r k a r ɔ n ]_w
[_w v a r s ɔ n ]_w
[_w ʁ a l k ]_w
[_w i m r u z i ]_w
[_w m a t r a s a t ]_w
[_w m u tʃ r i m ]_w
[_w tʃ i d d i l ɔ i ]_w
[_w k a b ]_w
[_w p a t a r i ]_w
[_w r ɵ z i ]_w
[_w tʃ a ʃ m u ]_w
[_w ɔ z ɔ d ɔ n i ]_w
[_w a m ɔ r a d ]_w
[_w d u l l ɔ r ]_w
[_w d i t ɡ ɔ χ i ]_w
[_w k a r m ]_w
[_w χ ɔ n a i ]_w
[_w h a j a t i ]_w
[_w s a r b i ]_w
[_w z i j ɔ s ɔ v ]_w
[_w i r s ɔ l ]_w
[_w a n tʃ ɔ m ]_w
[_w s a χ t i ]_w
[_w tʃ e χ r a i ]_w
[_w j a ʔ n e ]_w
[_w b u ʃ a j m ɔ n ]_w
[_w m u h i m i ]_w
[_w b u χ ɔ r ɔ i ]_w
[_w d ɔ m a n d a ]_w
[_w d e χ r ɔ n ]_w
[_w b u r d a ]_w
[_w m u z u l m ɔ n ]_w
[_w ɡ i r ]_w
[_w dʒ a l b i ]_w
[_w m a r z p ɔ n i ]_w
[_w t i h e t ]_w
[_w u m d a i ]_w
[_w e r ɔ n j ]_w
[_w ɔ l i ]_w
[_w h a m ]_w
[_w ɡ a f l i d i ]_w
[_w m u b a d d a s ]_w
[_w ʃ u m ɔ ]_w
[_w b ɔ ɡ i ]_w
[_w d ɔ ʃ t a ]_w
[_w d a r d i ]_w
[_w d a r s i ʃ i ]_w
[_w ɡ a j r i ]_w
[_w p u r s i i ]_w
[_w n a t ɔ n i ]_w
[_w a χ l i ]_w
[_w s ɔ b i ]_w
[_w m a n z u r ]_w
[_w n a v ʔ e ]_w
[_w e h t i m ɔ ʔ i ]_w
[_w a l a j h i ]_w
[_w s a χ n a ]_w
[_w t u χ t a r i i ]_w
[_w m e r ɔ z ]_w
[_w z a d d i r ]_w
[_w t a v r i ]_w
[_w r a f a t ]_w
[_w i n h ɔ ]_w
[_w k ɔ r ɔ t i ]_w
[_w s ɔ χ t i ]_w
[_w s ɔ f e d i ]_w
[_w s i n a i ]_w
[_w t ɔ i r a i ]_w
[_w χ u d ɡ u ʃ i ]_w
[_w s ɔ l χ ɔ i ]_w
[_w ɔ l a m i ]_w
[_w m e n ɔ m a i ]_w
[_w n ɔ h i j a i ]_w
[_w ɡ u s t ]_w
[_w p a r l u m ɔ d ]_w
[_w d a m i ]_w
[_w p a χ u s t i n ]_w
[_w s i n ɔ ]_w
[_w u z t ɔ n i ]_w
[_w r ɵ z ]_w
[_w ɡ i l u ɡ r ɔ d ]_w
[_w b ɔ z i ]_w
[_w ʃ ɔ h n ɔ m a i ]_w
[_w t a χ t i ]_w
[_w n i k ɔ h ]_w
[_w b ɔ z d ɔ r i ]_w
[_w r u ʃ t ]_w
[_w z u d u r i ]_w
[_w tʃ a n ɔ b e ʔ i ]_w
[_w d a r ]_w
[_w t ɔ tʃ i k i i ]_w
[_w s i d ɔ r i ]_w
[_w d u s t ]_w
[_w ʃ a ʃ ]_w
[_w k a r b ]_w
[_w a χ b ɔ r i ]_w
[_w d ɔ b e i ]_w
[_w ʃ ɔ ɡ i r d ɔ n ]_w
[_w d a l ɔ ʃ i ]_w
[_w h a q q i ]_w
[_w m e b ɔ ʃ a t ]_w
[_w n a h s a t i ]_w
[_w m e m ɔ n a t ]_w
[_w h a f ɔ i l i ]_w
[_w b a ʔ d ]_w
[_w m a ʔ r u f ]_w
[_w ʃ ɔ ɡ i r d i b ]_w
[_w h a l l i f ]_w
[_w h i f z i ]_w
[_w d a v r a ]_w
[_w h a m r ɔ h i ]_w
[_w d i b k i ]_w
[_w χ u b ]_w
[_w t a ʔ r i χ i i ]_w
[_w m a s t ɔ n ]_w
[_w ɔ v d ɔ b i ]_w
[_w i m r ɵ z ]_w
[_w j ɔ r i ]_w
[_w s i j ɔ h ]_w
[_w m ɔ n t a m ]_w
[_w z u r i ]_w
[_w χ a t a r i ]_w
[_w i z r ɔ ]_w
[_w ʃ a b a k a i ]_w
[_w ʃ e ʔ r i ]_w
[_w ɔ q ɔ i ]_w
[_w k u v d ɔ d a ]_w
[_w dʒ ɔ m e ʔ a ]_w
[_w a v v a l i n i ]_w
[_w m u f ɔ f i q i ]_w
[_w v l a d i ]_w
[_w j e m u ]_w
[_w n i χ ɔ d i ]_w
[_w m a n z i l i ]_w
[_w χ a k k i ]_w
[_w m a ʃ k u l ]_w
[_w s a n a m ]_w
[_w tʃ ɔ r ]_w
[_w n e r ɵ i ]_w
[_w r u b ɔ ]_w
[_w s ɔ b i r ɔ v ]_w
[_w χ a j r ]_w
[_w s i j ɔ z j ]_w
[_w ɔ l i m ]_w
[_w d a r s ]_w
[_w u k r a m ]_w
[_w b e ʃ ]_w
[_w ɡ a r d a m ]_w
[_w d ɔ r n i ɡ ɔ χ ]_w
[_w q a b l a n ]_w
[_w χ a s t e d ]_w
[_w a n tʃ ɔ m i ]_w
[_w n a χ u s t ]_w
[_w k ɔ d u ]_w
[_w s a b ɔ n e ]_w
[_w ɡ a n d a ]_w
[_w d a ʔ r i χ ]_w
[_w r a z i d a n d ]_w
[_w m a k ɔ m ]_w
[_w i n s ɔ n i ]_w
[_w ɔ h a n ɡ i ]_w
[_w i m z ɔ i ]_w
[_w r ɔ n a n d ]_w
[_w s m m ]_w
[_w b i d i ]_w
[_w m u a j j a n ]_w
[_w ɔ m r i k ɔ ]_w
[_w tʃ u s t u dʒ u i ]_w
[_w ɔ ɡ ɔ h ]_w
[_w m e b i n a m ]_w
[_w s ɔ χ i b i ]_w
[_w k a n ɔ r i ]_w
[_w s a b a p i ]_w
[_w a ʃ j ɔ i ]_w
[_w r ɵ s i ]_w
[_w m e k a ʃ a t ]_w
[_w m a ʃ χ u l ]_w
[_w r u d a ]_w
[_w m a f z ɵ i ]_w
[_w ɡ ɔ l ɔ ]_w
[_w k a m ɔ l ]_w
[_w u m i ]_w
[_w d a r tʃ u m a ]_w
[_w t a ʔ r i χ i ]_w
[_w d i d i ]_w
[_w m e χ ɵ r a t ]_w
[_w b e ʃ i n i ]_w
[_w d i d a ]_w
[_w n a t ɔ ʃ t ]_w
[_w v u dʒ u d ]_w
[_w n a m e ʃ u d ]_w
[_w s u l ɔ l ]_w
[_w d a r z u ]_w
[_w k u r s i ʃ ]_w
[_w n ɔ m χ ɔ i ]_w
[_w ɡ i r i ]_w
[_w f u r u ɡ ]_w
[_w b a j d ]_w
[_w u b u r i ]_w
[_w s i j ɔ s j ]_w
[_w p i d i χ a d ]_w
[_w m l n ]_w
[_w n a χ s a n ]_w
[_w m e ɔ v a r i ]_w
[_w χ u n ]_w
[_w b a j v a n d ]_w
[_w tʃ i d d i χ ɔ b ]_w
[_w p a n d ]_w
[_w i n s ɔ n r ɔ ]_w
[_w i z b ɔ t ]_w
[_w dʒ a r ɔ i ]_w
[_w f e ʔ l a n ]_w
[_w a n d e ]_w
[_w f ɔ ʃ a ]_w
[_w χ ɔ n a ]_w
[_w dʒ a l a s a i ]_w
[_w n a f ɔ χ i d i ]_w
[_w χ ɔ χ i ʃ ]_w
[_w h e tʃ ]_w
[_w m a r b u t ]_w
[_w k u s ɔ r a t ]_w
[_w k u ʃ t a r ]_w
[_w h a r a k a d ]_w
[_w a t r ɔ v i ]_w
[_w n a m ɔ n ]_w
[_w ʃ ɔ χ i n ]_w
[_w k u v d a m ]_w
[_w a n d a k a i ]_w
[_w m u t t a t e ]_w
[_w ɔ j a n d ]_w
[_w d ɔ t a n ]_w
[_w tʃ i z d ]_w
[_w ɡ a ʃ i t a n i ]_w
[_w b a r d ɔ χ t i ]_w
[_w d a l ɔ ʃ ]_w
[_w h a f ɔ i ]_w
[_w k u l ɔ b ]_w
[_w r a f t a n t ]_w
[_w a ʃ ʔ ɔ r i ]_w
[_w d a v r i q ɔ ]_w
[_w s a r ]_w
[_w m ɔ l i ]_w
[_w t ɔ d a m ]_w
[_w m e h n a d i ]_w
[_w p ɔ r a ]_w
[_w z u d ]_w
[_w n a dʒ ɔ t ]_w
[_w b a j r a h ɔ ]_w
[_w n u k t a i ]_w
[_w t ɔ n i ]_w
[_w k u ʃ a i ]_w
[_w m i q d ɔ r i ]_w
[_w dʒ u m χ u r i i ]_w
[_w a h ɔ l i i ]_w
[_w n i ɡ ɔ χ ]_w
[_w ɔ r i j u ʃ ]_w
[_w q a t i m i ]_w
[_w p a d e i ]_w
[_w p ɔ z ɡ a r ]_w
[_w i tʃ r ɔ i ]_w
[_w ɔ m u s i ]_w
[_w ʃ ɔ h ]_w
[_w m u l k i ]_w
[_w χ u tʃ a z d a ]_w
[_w a l b a t t a ]_w
[_w i d d a e ]_w
[_w ʃ a h r a k ]_w
[_w m a r s i ʃ i ]_w
[_w tʃ a m ɔ a d ]_w
[_w b a r ɔ j a m ]_w
[_w ɔ m a t a d ]_w
[_w b u l i s ]_w
[_w k i z m i ]_w
[_w d e χ ]_w
[_w f a r ɔ χ a m ]_w
[_w ʃ a j d ɔ ]_w
[_w s ɔ d a ]_w
[_w t a q s i m ]_w
[_w e ʃ ɔ n i ]_w
[_w u v d ɔ d ]_w
[_w χ ɔ s i l ]_w
[_w ɔ z ɔ r ]_w
[_w ɔ n r ɔ ]_w
[_w b ɔ k u ]_w
[_w h a m a i ]_w
[_w ɡ u ʃ i ʃ i ]_w
[_w χ u l ɔ s a ]_w
[_w a d i p ]_w
[_w e χ t i r ɔ s i ]_w
[_w v e ʔ l i i ]_w
[_w χ ɔ l a d ]_w
[_w m u d d a r ]_w
[_w z a n ]_w
[_w n a ʃ a v a n d ]_w
[_w χ ɔ d i s i ]_w
[_w d ɔ d a n ]_w
[_w i j u n i ]_w
[_w k ɔ n s e r d i ]_w
[_w a v v a q ]_w
[_w t a v r a s ɔ n ]_w
[_w t a h s i ]_w
[_w r u z χ ɔ ]_w
[_w i n t i ɡ ɔ d ]_w
[_w ɡ u z ɔ r ]_w
[_w χ u k u k ]_w
[_w χ a n ɡ j ]_w
[_w ʃ u m ɔ r ]_w
[_w t a r j ɔ i ]_w
[_w d a χ l ]_w
[_w f i k r u ]_w
[_w t a m i ]_w
[_w χ ɔ n t a r ]_w
[_w d e m u r ]_w
[_w d ɔ dʒ i k ]_w
[_w r a ʃ i d ]_w
[_w b u dʒ a i ]_w
[_w χ a r b ]_w
[_w m a ʃ h u r i ]_w
[_w χ a d a r i ʃ ]_w
[_w χ ɔ b ]_w
[_w e χ s ɔ s i r ɔ ]_w
[_w t a r ]_w
[_w d a h i j a ]_w
[_w n ɔ n i ]_w
[_w i k d ɔ r i ]_w
[_w d a ʔ v ɔ ]_w
[_w t a v l a t ]_w
[_w χ u d a ʃ r ɔ ]_w
[_w t a r j ɔ ]_w
[_w k i d ɔ b ]_w
[_w i tʃ ɔ z a ]_w
[_w s a t ɔ ]_w
[_w a s n ɔ d i q i ]_w
[_w k i l u k r ɔ d ]_w
[_w ɔ s ɔ r ]_w
[_w q ɔ n u n i ]_w
[_w m a v l ɔ n ɔ ]_w
[_w k ɔ r b u r d a ]_w
[_w b a j ɔ n i ]_w
[_w d e k a b r i ɡ ]_w
[_w i t i ]_w
[_w r i ʃ v a r i ]_w
[_w s i b a s ]_w
[_w s a n ɔ a d i ]_w
[_w d i h e d ]_w
[_w a ʔ m ɔ l i ]_w
[_w t u s t ɔ d ]_w
[_w s u r a t ]_w
[_w k u l ]_w
[_w b a l e ]_w
[_w b a d a r i ]_w
[_w ʃ a χ s i ]_w
[_w s a v e d ]_w
[_w a χ i r i n i ]_w
[_w m i r s ɔ ]_w
[_w j u h a n n ɔ ]_w
[_w n i k ɔ χ i ]_w
[_w f a r z i ʃ i ]_w
[_w χ ɔ ɡ ]_w
[_w m u s ɔ i t a t ]_w
[_w n a s a d ]_w
[_w n a ʃ u t ]_w
[_w n a v r a s ɔ n ]_w
[_w b ɔ v a r t a n ]_w
[_w m a r d u m ]_w
[_w h a j ɔ t i ]_w
[_w χ u t ɔ r ɔ i ]_w
[_w ɔ m u s i k i i ]_w
[_w b a χ d i ]_w
[_w h u k u m a d i ]_w
[_w d ɔ b ]_w
[_w i f t i d ɔ χ ]_w
[_w d a r z a j ]_w
[_w m i l a n ]_w
[_w a n d a ]_w
[_w i r z ɔ l ]_w
[_w k ɔ r i ]_w
[_w ʃ u r ɔ i ]_w
[_w m u m k i n ]_w
[_w tʃ ɔ j i ]_w
[_w i ʃ ɡ i ]_w
[_w a s a r χ ɔ i ]_w
[_w χ a j ɔ d i ]_w
[_w b ɔ f a r d a ]_w
[_w f i l ɔ j a t ]_w
[_w v u r u ]_w
[_w i s ɔ i ]_w
[_w χ a z ɔ r ɔ d ]_w
[_w m i l ɔ d ]_w
[_w r a ʔ j i n ]_w
[_w n a m u d i ]_w
[_w i r t i b i ]_w
[_w j a k ɔ n ]_w
[_w z e r i n ]_w
[_w n e r u ʁ ɔ i ]_w
[_w χ ɔ d i m a ]_w
[_w z i d a n ]_w
[_w n a m u d ]_w
[_w d i l u ]_w
[_w b ɔ i ]_w
[_w χ ɔ h e m ]_w
[_w ɔ m e χ t a r ]_w
[_w ʃ i ɡ a z d ]_w
[_w j a k tʃ a n d ]_w
[_w m a v z ɵ i ]_w
[_w χ a d d ɔ ]_w
[_w m a r ɔ ]_w
[_w k ɔ n i ]_w
[_w ɔ j a n t ]_w
[_w χ ɔ r i ]_w
[_w d a b i ʔ i ]_w
[_w t a r d i ʃ i ]_w
[_w d a r χ ]_w
[_w b a d i ]_w
[_w m a ʃ ʁ u r i ]_w
[_w z a r a r ]_w
[_w t a ʔ f ɔ ]_w
[_w m e ɔ r a d ]_w
[_w ɡ u l ɔ b ]_w
[_w m e d i χ a n t ]_w
[_w s a v ɔ r i d ]_w
[_w r e χ t ]_w
[_w k a r ɔ n s a ]_w
[_w i t t i ]_w
[_w m a v s e ʔ a i ]_w
[_w d i n i i ]_w
[_w m a ʔ n i ]_w
[_w d i d a a n d ]_w
[_w p u d a ]_w
[_w χ a b a r i ]_w
[_w d a ʃ k i l i ]_w
[_w s a b a b χ ɔ ]_w
[_w k u χ i ]_w
[_w ɔ m a t ]_w
[_w k a ʃ v i ]_w
[_w ɡ a l b i ]_w
[_w m u ʃ ɔ v i ]_w
[_w ʃ e ʔ r h ɔ i ]_w
[_w n a t i tʃ a i ]_w
[_w m a χ z u b ]_w
[_w ɡ a n d a n ]_w
[_w s e r ]_w
[_w d a b i a t i ]_w
[_w t u r u k i ]_w
[_w f a k i l ]_w
[_w ɡ a t ɔ m ]_w
[_w m e ʃ u d ]_w
[_w u r u b ɔ i ]_w
[_w r a χ b a r i ]_w
[_w f a ʔ d a i ]_w
[_w t ɔ tʃ i k χ ɔ ]_w
[_w m u h i m ]_w
[_w χ u tʃ a n d ]_w
[_w t a r h i ]_w
[_w i f t i d ɔ i ]_w
[_w m l r d ]_w
[_w i m s ɔ i ]_w
[_w h a v d a ]_w
[_w m i n d a q a i ]_w
[_w χ a j ɔ l i ]_w
[_w u m a r ]_w
[_w ɡ u s ɔ ʃ t a ]_w
[_w f a ɔ ]_w
[_w s a χ m i n ]_w
[_w k ɔ b u l ]_w
[_w z ɔ f e d i i ]_w
[_w χ ɔ d i ]_w
[_w d ɔ ʃ t ]_w
[_w u n v ɔ n ]_w
[_w s a n χ ɔ ]_w
[_w t ɔ n ɔ ]_w
[_w k ɵ ʃ i ʃ ]_w
[_w i d d i χ ɔ r ]_w
[_w m a n i ]_w
[_w j a k ]_w
[_w χ u ʃ b a χ t i ]_w
[_w χ a f t ]_w
[_w n a d i ]_w
[_w i tʃ t i m ɔ i ]_w
[_w k i m a ]_w
[_w χ a d t ɔ r i ]_w
[_w u v d ɔ r ]_w
[_w s ɔ a t ]_w
[_w ɔ t a t a n i ]_w
[_w r a t i ]_w
[_w i n r ɔ ]_w
[_w r u z e ]_w
[_w i d d i l ɔ i ]_w
[_w i v d i d ɔ r i ]_w
[_w ɡ a r d e m ]_w
[_w b ɔ r l u m ɔ n ]_w
[_w m i l l a t ]_w
[_w a n tʃ ɔ χ ]_w
[_w p ɔ z ɔ r ]_w
[_w u m r i ]_w
[_w i n ɡ ɔ r ]_w
[_w h u k u m a t i ]_w
[_w n i χ ]_w
[_w z a n a t ]_w
[_w u m e d ]_w
[_w h a m a ]_w
[_w t a dʒ t i d i ]_w
[_w s a r v i ]_w
[_w d ɔ tʃ i k i i ]_w
[_w ʃ ɔ χ i ]_w
[_w χ a l q i ]_w
[_w t a s t ]_w
[_w a j j ɔ r ]_w
[_w m a s a l ]_w
[_w p a s ]_w
[_w b a j i ]_w
[_w b a r ɔ m u n i ]_w
[_w e ʔ d i m ɔ ʔ i ]_w
[_w m e χ ɔ χ a t ]_w
[_w k a l ɔ m ]_w
[_w k ɵ j ɔ ]_w
[_w i t t a ʔ ɔ ]_w
[_w ʃ e r d ɔ r i ]_w
[_w b i j ɔ d a ]_w
[_w m a r χ a n ɡ ]_w
[_w b ɔ r a ]_w
[_w v a r a ]_w
[_w v ɔ i t a i ]_w
[_w χ a n k j ]_w
[_w m u l ɔ k ɔ t ]_w
[_w ʃ a h r h ɔ i ]_w
[_w p a r χ e ]_w
[_w m a m ɔ l ]_w
[_w d a ʔ s i r ]_w
[_w n e r u χ ɔ i ]_w
[_w m e χ ɵ r a d ]_w
[_w n a s a r i ]_w
[_w m u v a v v a l ]_w
[_w s i m n i ]_w
[_w r a k s ]_w
[_w p i r ]_w
[_w χ i m ɔ j a t ]_w
[_w l ɔ z i ]_w
[_w f a s ʔ i j a t ]_w
[_w χ a r ɔ b a r ]_w
[_w i r ɔ k ]_w
[_w t a l k ɔ ]_w
[_w tʃ ɔ r i ]_w
[_w v e v r a l i ]_w
[_w a t i b ]_w
[_w s a f ɔ d i i ]_w
[_w p a j ɔ n i ]_w
[_w d a χ k i m i ]_w
[_w v ɔ ɡ e a n ]_w
[_w i d ɔ m a n i ]_w
[_w r ɔ h i m ]_w
[_w χ a v u r ɔ v ]_w
[_w h a n ɵ z ]_w
[_w b a r l u m ɔ n ]_w
[_w h a m m a t i ]_w
[_w r a z i ]_w
[_w d i d a n i ]_w
[_w f a r s i ʃ ]_w
[_w d a χ i j a ]_w
[_w u m u m ]_w
[_w b u b i n e d ]_w
[_w d a s t ]_w
[_w tʃ a n u b i ]_w
[_w a s t ]_w
[_w m ɔ n a ]_w
[_w e ʔ l ɔ m ]_w
[_w s u b ɔ t ]_w
[_w ʃ ɔ b u n ]_w
[_w b a r ɡ a z i ]_w
[_w ɔ h a n t ]_w
[_w dʒ ʃ s ]_w
[_w n ɔ m h ɔ i ]_w
[_w dʒ ɔ j ɡ ɔ χ i ]_w
[_w d i d a i ]_w
[_w z e ʃ a n b e ]_w
[_w h ɔ l a d i ]_w
[_w i n d i s ɔ r ]_w
[_w n i s ɔ m i ]_w
[_w χ a k ]_w
[_w d ɔ m ]_w
[_w ɔ n a ]_w
[_w f e v r a l ]_w
[_w i n d i q ɔ l i ]_w
[_w t a r k i ]_w
[_w m u ʃ ɔ b e χ ]_w
[_w t u ɔ ]_w
[_w ɔ v ɔ s ]_w
[_w k ɔ ʃ ]_w
[_w m u k i m i ]_w
[_w ʃ ɵ r a v i ]_w
[_w a n d e ʃ a ]_w
[_w t a r j ɔ t ]_w
[_w m u s i ʃ ]_w
[_w ʃ a v a t ]_w
[_w f e ʔ l i i ]_w
[_w s ɔ t a i ]_w
[_w p u t a n i ]_w
[_w b u t tʃ a i ]_w
[_w v ɔ s i d a n ]_w
[_w χ u k m i ]_w
[_w ʃ i k ɔ j a t ]_w
[_w ʃ a v ]_w
[_w p ɔ s t ɔ ʃ d a ]_w
[_w tʃ u n i n ]_w
[_w i f a s i f a ]_w
[_w ʃ a r ʃ a r a i ]_w
[_w ʃ e n e r ʃ i i ]_w
[_w χ a m a ]_w
[_w n ɔ i l ]_w
[_w u l u m i ]_w
[_w s ɔ χ a i ]_w
[_w d a r t i d ]_w
[_w a l i ]_w
[_w i b r ɔ z i ]_w
[_w z a v a r ]_w
[_w n a z d i k i i ]_w
[_w s a r d u m r ɔ ]_w
[_w z a r ɔ n ]_w
[_w i r ɔ n ]_w
[_w k a s ]_w
[_w p u r s i d ]_w
[_w ʃ a k l i ]_w
[_w t ɔ ʃ t a n ]_w
[_w m e d ɔ n e d ]_w
[_w n ɔ m a ʃ ]_w
[_w i z d i f ɔ ʔ ]_w
[_w d a k v i j a d ]_w
[_w s a r a v i ]_w
[_w b u ʃ t i ]_w
[_w u l a m ɔ i ʃ ]_w
[_w m u d ɔ f e ʔ i ]_w
[_w m a k a r d i ]_w
[_w k a s t a ]_w
[_w i l i ]_w
[_w b ɔ j i ]_w
[_w b u d a n d ]_w
[_w s i n ]_w
[_w χ i s ɔ b ]_w
[_w f a r ɔ f ɔ n ]_w
[_w χ ɔ l a d i ]_w
[_w a v e z d a ]_w
[_w a m r i ]_w
[_w d a v r a d ]_w
[_w v a h t a d ]_w
[_w χ a m k ɔ r i ]_w
[_w i b n i ]_w
[_w s a b z i ]_w
[_w z a r v i s ]_w
[_w i s t i f ɔ ʔ ]_w
[_w dʒ ɔ l i b ]_w
[_w f a r χ ɔ ]_w
[_w v u r u d i ]_w
[_w f u r u ɡ i ]_w
[_w ɡ a r d a ]_w
[_w i m r u z ]_w
[_w ɡ ɔ d i ]_w
[_w p ɔ j a i ]_w
[_w v i ɡ r u ]_w
[_w ɔ r i j ɔ i ]_w
[_w s a b ɔ n ]_w
[_w d a s t u r i ]_w
[_w z u l t ɔ n ]_w
[_w i n tʃ u n i n ]_w
[_w v a r a d ]_w
[_w b i j ɔ e t ]_w
[_w b a r d a n d ]_w
[_w ʃ u d a n i ]_w
[_w p a r k u ]_w
[_w χ a n k ɔ m i ]_w
[_w χ u d ɔ j ɔ ]_w
[_w b e ʃ n i χ ɔ d ]_w
[_w ʃ a r ɔ f ]_w
[_w r a d i ]_w
[_w χ ɔ r i tʃ ]_w
[_w s i j ɔ z i ]_w
[_w b a r χ u r t i ]_w
[_w d a l e l i ]_w
[_w dʒ i ɡ u n a d ]_w
[_w n a r χ ɔ r ]_w
[_w χ ɔ ɡ i ]_w
[_w d a f ɔ n ]_w
[_w m u t i ]_w
[_w b ɔ b i ]_w
[_w h e dʒ ]_w
[_w tʃ a n d ]_w
[_w d ɔ r a d ]_w
[_w i n h ɔ i ]_w
[_w i l m ]_w
[_w χ a m s u d ]_w
[_w s a d i ]_w
[_w m e ʃ a ]_w
[_w a d i b ]_w
[_w d u z d ɔ n i ]_w
[_w r a ʃ t ]_w
[_w k i m m a t ]_w
[_w ɡ u f t a i ]_w
[_w p a d ɔ n i ʃ u ]_w
[_w t a r k ]_w
[_w dʒ i z e ]_w
[_w k a n a d ]_w
[_w k a r d e m ]_w
[_w h a r f ]_w
[_w a s a r ]_w
[_w t a z d r a z ]_w
[_w m u χ i d i ]_w
[_w k a s t i ]_w
[_w b a χ ʃ i ]_w
[_w k ɵ ʃ ]_w
[_w h ɔ dʒ i ]_w
[_w f a q t ]_w
[_w b e ʃ a ]_w
[_w s a ʔ j ]_w
[_w tʃ ɔ n ]_w
[_w m e k i r i ]_w
[_w m e χ ɔ n a i ]_w
[_w a r z a j ]_w
[_w m a s i r ]_w
[_w t ɔ tʃ v a r ]_w
[_w d a χ i d ]_w
[_w b i k u j a m ]_w
[_w d ɔ r i ]_w
[_w p a r ɔ f ɔ n ]_w
[_w t a s t ɡ i r ]_w
[_w t a z v i r ]_w
[_w m a f s ɵ i ]_w
[_w k ɔ r χ ɔ n a i ]_w
[_w j a n v a r i ]_w
[_w m i n t a k i i ]_w
[_w a v r ɔ n i ]_w
[_w ʁ i s s i ]_w
[_w a m a l ]_w
[_w b ɔ l ɔ ]_w
[_w ɔ l i m ɔ n ]_w
[_w f i ʃ ɔ r a ]_w
[_w k a t ɔ m e ]_w
[_w ɔ χ a n d a r ]_w
[_w tʃ ɔ m i ]_w
[_w i s l ɔ m ]_w
[_w t a ʔ l i m i ]_w
[_w χ a m e ʃ a ]_w
[_w q u d r a t i ]_w
[_w a χ t i ]_w
[_w d a v l a t ]_w
[_w s i j ɔ z a d i ]_w
[_w d i l a ʃ ]_w
[_w b ɔ b ɔ i ]_w
[_w ʃ i s n i ]_w
[_w tʃ a n k i ]_w
[_w b ɔ j t a χ t i ]_w
[_w r i ʃ t a m ]_w
[_w m e z a n a d ]_w
[_w d u ʃ a n b e ]_w
[_w i n ɡ i l ɔ b i ]_w
[_w v a ɡ t ]_w
[_w f a r χ a n k ]_w
[_w χ ɔ l a t i ]_w
[_w s e χ n i ]_w
[_w tʃ ɔ b ]_w
[_w m a n ɔ d i r ]_w
[_w χ u s u r i ]_w
[_w k u tʃ a k i i ]_w
[_w ɔ v a r a d ]_w
[_w χ a t a r u n i ]_w
[_w n i h ɔ d i ]_w
[_w n i s ]_w
[_w ɔ n χ ɔ r ɔ ]_w
[_w a r d i ]_w
[_w n a k ʃ i ]_w
[_w b a ʔ d d a r ]_w
[_w t u ʃ a n b e ]_w
[_w tʃ u n ɔ n tʃ i ]_w
[_w χ ɔ z d a n d ]_w
[_w s ɔ l i m ɔ n ]_w
[_w ʃ ɔ i r ɔ v ]_w
[_w z ɔ s m ɔ n i ]_w
[_w s ɔ l h ɔ i ]_w
[_w ɔ n χ ɔ i ]_w
[_w n i ʃ a s t i ]_w
[_w s u χ d ]_w
[_w p i k s ɔ r ]_w
[_w ɔ m r i k ɔ i ]_w
[_w f u d ]_w
[_w tʃ ɔ l i b ]_w
[_w χ ɔ χ a m ]_w
[_w k i t ɔ b ]_w
[_w m a r χ a l a i ]_w
[_w j a k e ]_w
[_w b a r d a d ]_w
[_w tʃ u n ɔ n ]_w
[_w a ʃ ɡ i l ]_w
[_w m a d a n t ]_w
[_w χ u d ɔ ]_w
[_w m a z ɡ u n i ]_w
[_w χ i n d i ʃ ɔ r ]_w
[_w z a t ɔ ]_w
[_w χ a s t a m ]_w
[_w χ ɔ s i ]_w
[_w m a k s a r ]_w
[_w n e s t e m ]_w
[_w z a l ɔ m i ]_w
[_w m e d r ]_w
[_w t u l l ɔ r ]_w
[_w n a m u n a ]_w
[_w m u z i ]_w
[_w k u ʃ t ]_w
[_w f a k i l i ]_w
[_w χ u d a m ]_w
[_w m a ʔ n ɔ ]_w
[_w χ a d d i ]_w
[_w v i l ɔ j a t i ]_w
[_w d a r ɡ ]_w
[_w b i s j ɔ r e ]_w
[_w m a r d i ]_w
[_w i m k ɔ n i i ]_w
[_w b i n χ ɔ n ]_w
[_w d ɔ tʃ i k i ]_w
[_w m a n ɔ b e ʔ i ]_w
[_w χ u s u s ]_w
[_w ɵ h t a ]_w
[_w ɡ u z ɔ r i ʃ i ]_w
[_w n a m ɔ ]_w
[_w m u f a v v a l ]_w
[_w r a j ɔ n i ]_w
[_w z i j ɔ d d a r ]_w
[_w d i m i ]_w
[_w k ɔ n u n ]_w
[_w b a ʃ a r i f ]_w
[_w t a z d a i ]_w
[_w b a s ]_w
[_w b a h ɔ i ]_w
[_w n e z d a ]_w
[_w r a s ɔ n e ]_w
[_w m e h n a d ]_w
[_w i tʃ d i m ɔ d ]_w
[_w m i ɡ d ɔ r ]_w
[_w ɔ b i ]_w
[_w i k t i s ɔ r i ]_w
[_w m a χ s u p ]_w
[_w χ u d a ʃ ]_w
[_w ɡ a m i n ]_w
[_w f a l a k ]_w
[_w a r a p i ]_w
[_w tʃ a n u b u ]_w
[_w t a f r e χ i i ]_w
[_w a t ɔ i tʃ i ]_w
[_w b i n ɔ i ]_w
[_w b a t t a s ]_w
[_w b ɔ s i ]_w
[_w m a n s i m ]_w
[_w m ɔ χ i ]_w
[_w n ɔ m a i ]_w
[_w χ ɔ s t a ]_w
[_w m a s ɔ i ]_w
[_w n a v ]_w
[_w r u z i r ]_w
[_w d a s t r a z ]_w
[_w t a l ɔ ʒ i ]_w
[_w s a b t ]_w
[_w t ɔ l ɔ r i ]_w
[_w t a b i i ]_w
[_w v u tʃ u d i ]_w
[_w ɔ z i j ɔ t a ]_w
[_w tʃ a χ ɔ n i i ]_w
[_w m i l l i a r d ]_w
[_w d i n i ]_w
[_w k u r u χ e ]_w
[_w b ɔ ʃ e m ]_w
[_w m e ɡ a ʃ a n t ]_w
[_w s a r m ɔ n i ]_w
[_w t a χ ɔ i ]_w
[_w l i b ɔ z ]_w
[_w m a r d ]_w
[_w i t t a ʔ ɔ i ]_w
[_w tʃ i h a t ]_w
[_w ʃ a f h a r ]_w
[_w k u z ɔ r i ʃ i ]_w
[_w χ ɔ χ a n k i ]_w
[_w s ɔ l a ]_w
[_w h a dʒ m i ]_w
[_w i ɡ d ɔ m i ]_w
[_w m e χ ɔ s t ]_w
[_w k u tʃ ɔ ]_w
[_w tʃ u m ʔ a ]_w
[_w j a k ɔ n i ]_w
[_w f a j z ɔ b ɔ d ]_w
[_w dʒ a n d ]_w
[_w χ a d d e ]_w
[_w m a ʔ l u m ]_w
[_w j u n ɔ n ]_w
[_w tʃ a f ɔ n ]_w
[_w dʒ a f ɔ n i ]_w
[_w k u j ɔ ]_w
[_w m u l ɔ k ɔ t i ]_w
[_w k ɵ ʃ i ʃ i ]_w
[_w k a t r h ɔ i ]_w
[_w k i d ɔ b χ ɔ i ]_w
[_w z i n t ɔ n ]_w
[_w ɔ m ɵ z i ʃ i ]_w
[_w d a m ɔ m a l j ]_w
[_w m a ɡ t a b i ]_w
[_w k i r i f t a m ]_w
[_w d a v r e χ i i ]_w
[_w b ɔ b ɔ e f ]_w
[_w t a k r ɔ r ]_w
[_w b a r ɔ i d ]_w
[_w a n t a k a ]_w
[_w p a χ r i ]_w
[_w z a m i n a ]_w
[_w v r ɔ n ]_w
[_w z a r ]_w
[_w ʃ a χ s e ]_w
[_w i n k i l ɔ d i ]_w
[_w s a n e ]_w
[_w n ɔ m z a t i ]_w
[_w s i z d e ʔ v ɔ ]_w
[_w s e r i n ]_w
[_w j ɔ d ]_w
[_w n ɔ m a ]_w
[_w t a ʔ z i r ]_w
[_w ɔ j ɔ ]_w
[_w m e d ɔ n e m ]_w
[_w i t ɔ m a n t a ]_w
[_w ɡ a t l i j a ]_w
[_w k u tʃ a k ]_w
[_w k u ʃ ]_w
[_w s u i ]_w
[_w m a z m u n ]_w
[_w k u n ɔ h ]_w
[_w tʃ u n ɡ i ]_w
[_w χ ɔ v a r ]_w
[_w dʒ a d i t i ]_w
[_w t u r t a n i ]_w
[_w t a n h ɔ ]_w
[_w i r ɔ n i ]_w
[_w ɡ a ʃ v i ]_w
[_w f a l s a v a i ]_w
[_w b ɔ v a r a t ]_w
[_w r u d i ]_w
[_w r u s e ]_w
[_w ʃ ɔ i r ɔ n ]_w
[_w q a d i ]_w
[_w b u d e d ]_w
[_w m a n s i l i ]_w
[_w q a v l i d i ]_w
[_w k a s e ]_w
[_w ɔ j a d ]_w
[_w s a m ɔ n r ɔ ]_w
[_w p a l e ]_w
[_w dʒ a ʃ n i ]_w
[_w s i ɡ r i ]_w
[_w s a r a r i ]_w
[_w b ɔ l e e ]_w
[_w f a r d a n d ]_w
[_w m u ʃ ɔ f i r i ]_w
[_w d a r j ɔ d ]_w
[_w s a r u r ]_w
[_w a s l i i ]_w
[_w a v r ɔ ]_w
[_w m a d r a z a i ]_w
[_w a v ɔ i ]_w
[_w i n d i k ɔ b i ]_w
[_w e ʔ l ɔ m i ]_w
[_w ɡ ɔ n i ]_w
[_w ʁ u d a ʃ ]_w
[_w tʃ a n ɡ i ]_w
[_w d a r b ɔ r ]_w
[_w u s p a ɡ i ]_w
[_w ɔ z m u n ]_w
[_w h a r v ]_w
[_w t ɔ χ i l i ]_w
[_w z a b k i ]_w
[_w a ʔ s a m ]_w
[_w t a s f i b ]_w
[_w i m r u s ]_w
[_w t u f ɔ n ]_w
[_w ʃ a t i d i ]_w
[_w a s ɔ s ]_w
[_w k u d ɔ χ ]_w
[_w χ ɔ χ a n ɡ u ]_w
[_w i s χ ɔ r i tʃ i ]_w
[_w h i s ɔ r ]_w
[_w r u s χ ɔ ]_w
[_w dʒ i n ɔ j i ]_w
[_w i n k ɔ r ]_w
[_w m e k ɵ j a m ]_w
[_w ɔ n i ]_w
[_w ɔ χ i r a d ]_w
[_w χ ɔ χ a d ]_w
[_w d a r a k ]_w
[_w ɔ m a d ]_w
[_w ɔ ɡ ɔ s i ]_w
[_w tʃ a n d ɔ z a i ]_w
[_w b i ɡ i ]_w
[_w b e ʃ r a f t a ]_w
[_w d u r d a n r ɔ ]_w
[_w ɔ d d i ]_w
[_w j ɔ b a t ]_w
[_w h i f s i ]_w
[_w j a ɡ ]_w
[_w k a r d e d ]_w
[_w m u a r r i f i ]_w
[_w a χ u r ɔ s ɔ n ]_w
[_w h i m ɔ j a d i ]_w
[_w ɡ ɔ r i ]_w
[_w χ a l k ]_w
[_w s u d j ]_w
[_w χ ɔ dʒ a ]_w
[_w n a m e ʃ a ]_w
[_w m a ɔ r i f i ]_w
[_w d e χ a i ]_w
[_w dʒ a v ɔ n ]_w
[_w u r u b ɔ ]_w
[_w k a r ]_w
[_w ʃ a d i t i ]_w
[_w t a f l a d i ]_w
[_w v i k r u ]_w
[_w d i h e t ]_w
[_w k ɔ r i i ]_w
[_w m a s dʒ i t ]_w
[_w a n tʃ u m a ]_w
[_w χ ɔ z d a ]_w
[_w ɔ b i i ]_w
[_w s i n t a q a i ]_w
[_w b r i ]_w
[_w a n d ɔ r ]_w
[_w m a t l a b e ]_w
[_w tʃ a m ʔ ]_w
[_w z a d h i ]_w
[_w p u χ ɔ r ɔ i ]_w
[_w ʃ ɔ i s t a t ]_w
[_w f e j z b u ɡ ]_w
[_w k a ʃ i d a ]_w
[_w a m r i k ɔ ]_w
[_w tʃ ɔ n u ]_w
[_w d a r k i ]_w
[_w χ ɔ n a d ]_w
[_w r u s n ɔ m a ]_w
[_w m ɔ z d ]_w
[_w k u f t ]_w
[_w a m a l i ]_w
[_w a f e s t a m i ]_w
[_w a m z ɔ j a ]_w
[_w s ɔ χ t a r ]_w
[_w χ a t a v ]_w
[_w n a m ɔ j a t ]_w
[_w χ u k u m a k i ]_w
[_w j u r i j ]_w
[_w t i k a m ]_w
[_w z ɔ a d ]_w
[_w m a s ʔ u t ]_w
[_w h u z n i ]_w
[_w p ɔ d i ]_w
[_w r a ʔ j ]_w
[_w t e k a b r ]_w
[_w d i tʃ ɔ r a ]_w
[_w ʃ a k l ]_w
[_w s a n h ɔ ]_w
[_w k i ʃ v a r r ɔ ]_w
[_w m u χ i m m ]_w
[_w ɡ ɔ χ ]_w
[_w χ a s ɔ r a t ]_w
[_w χ a m ɔ i ʃ ]_w
[_w s a r a m ]_w
[_w k u ʃ ɔ d a ]_w
[_w s i d a m ]_w
[_w a s ɔ b ]_w
[_w χ ɔ m u ʃ ]_w
[_w z a j t ]_w
[_w p i j ɔ b ɔ n ]_w
[_w s e ʃ a n b e ]_w
[_w d ɔ l ɔ r i ]_w
[_w a k n u n ]_w
[_w d i h a t ]_w
[_w ʁ u n a r ]_w
[_w m e r ɔ s ]_w
[_w χ ɔ z t ]_w
[_w ɔ χ i r ]_w
[_w z ɔ i r ɔ n ]_w
[_w ʁ ɔ n t ]_w
[_w χ a b a r i j u ]_w
[_w q ɔ n u n i i ]_w
[_w χ ɔ d i m ɔ n ]_w
[_w a ʔ s ɔ i ]_w
[_w χ ɔ r u k ]_w
[_w z u ɡ u d ]_w
[_w z a χ n a i ]_w
[_w s i d a ]_w
[_w ʃ a r h ]_w
[_w ʃ u d a a n d ]_w
[_w ʁ a s ɔ r a d i ]_w
[_w d a r z ]_w
[_w χ u d ɔ i ]_w
[_w h u k m i ]_w
[_w r a t i ɔ i ]_w
[_w m a n ɔ b i ]_w
[_w s ɔ n s u r ]_w
[_w χ a n u z ]_w
[_w b i b i s i ]_w
[_w m i l ɔ t ]_w
[_w a r z i ʃ ]_w
[_w k ɔ r χ ɔ i ]_w
[_w m ɔ n a n t a r ]_w
[_w ɔ r s u ]_w
[_w tʃ e χ r a χ ɔ i ]_w
[_w k i r j a ]_w
[_w i f t i χ ɔ r ]_w
[_w m e d ɔ r a i ]_w
[_w k i l ]_w
[_w χ ɔ l ɔ ]_w
[_w a r z i ]_w
[_w m u d ɔ l i b ]_w
[_w tʃ u s ]_w
[_w d a h h ɔ ]_w
[_w s u ɔ l ]_w
[_w p a ʃ a r ]_w
[_w q ɔ i t a i ]_w
[_w z ɔ h a i ]_w
[_w u r u p ɔ i ]_w
[_w k ɔ m i l a l i ]_w
[_w χ a m ɔ n ]_w
[_w χ a b a r e ]_w
[_w e χ t i m ɔ i i ]_w
[_w tʃ u m h u r i ]_w
[_w p i d r ɔ ]_w
[_w p ɔ l e e ]_w
[_w k u f t a m ]_w
[_w s u l χ ]_w
[_w k u d a k ɔ n ]_w
[_w ɡ u m a d ]_w
[_w b e χ t a ]_w
[_w a d ɔ i ]_w
[_w r a v a m ]_w
[_w a m m ɔ ]_w
[_w χ u n a r i i ]_w
[_w χ u d r ɔ ]_w
[_w t i r a ]_w
[_w ʃ a χ s a d i ]_w
[_w d a v ɔ n ɔ n ]_w
[_w k ɵ l ɔ b ]_w
[_w ɡ a ʃ i t a n ]_w
[_w d ɔ d k ɔ h ]_w
[_w k i b ɔ l i ]_w
[_w m a s ʔ a l a ]_w
[_w ʃ ɔ χ ]_w
[_w k ɔ n u n i ]_w
[_w m a r d ɔ χ t i ]_w
[_w s ɔ l a k i ]_w
[_w t a v ɔ m ]_w
[_w χ u d i ]_w
[_w a v r ɔ d ]_w
[_w m a b l a n ]_w
[_w ɔ ɡ t j a b r ]_w
[_w z a n a d ]_w
[_w r a v ɔ n i n i ]_w
[_w ʃ a b u ]_w
[_w m i l l i ɔ n ]_w
[_w i m r ɵ z a ]_w
[_w e d ɔ ]_w
[_w dʒ a f ɔ n ]_w
[_w ɵ z d ]_w
[_w m e t r ]_w
[_w m e χ ɔ n a ]_w
[_w s u r a d i ]_w
[_w m a r z i ]_w
[_w n a χ u z d i n ]_w
[_w m ɔ n a t ]_w
[_w s a n ɔ n u ]_w
[_w χ a r f χ ɔ i ]_w
[_w m ɔ s t ]_w
[_w m a r k a s i ]_w
[_w k ɔ m i l ]_w
[_w n a k s i ]_w
[_w m a dʒ l i l ]_w
[_w z a ʔ j ]_w
[_w ʃ ɔ t i ]_w
[_w z i m i ]_w
[_w b a d ]_w
[_w dʒ ɔ n i ]_w
[_w r a h m ɔ n ɔ ]_w
[_w χ a v ɔ i ]_w
[_w k ɔ r b u r d i ]_w
[_w ʃ a d i d ]_w
[_w ʃ ɵ r ɔ i ]_w
[_w r a s ɔ n i j u ]_w
[_w n u k ɔ t i ]_w
[_w a k i t a i ]_w
[_w m i r s ɔ l ]_w
[_w m a n ]_w
[_w v i l ɔ j a t ]_w
[_w b i z t ɔ n i ]_w
[_w i n q i l ɔ b i ]_w
[_w p e m ɔ r ]_w
[_w b i k i ]_w
[_w r u z n ɔ m a i ]_w
[_w m i ɡ d ɔ m i ]_w
[_w v u tʃ u d ]_w
[_w ɡ a l i m a i ]_w
[_w d a ɡ ɔ n ]_w
[_w b e ʃ d a r i ]_w
[_w χ u r d ]_w
[_w t e ʔ d ɔ ]_w
[_w k i ʃ v a r ]_w
[_w ɔ z i j ɔ i ]_w
[_w m ɔ d a ɡ i ]_w
[_w ʃ ɔ i r r ɔ ]_w
[_w a v v a l ]_w
[_w z ɔ h a h ɔ i ]_w
[_w v ɔ k e a n ]_w
[_w p a χ ʃ e ]_w
[_w b ɔ f a r i ]_w
[_w u s t ]_w
[_w χ a s ɔ r a t i ]_w
[_w dʒ ɔ j ]_w
[_w n ɔ m i ]_w
[_w i ʃ ɔ r ]_w
[_w χ ɔ r i tʃ i i ]_w
[_w χ i l ɔ v i ]_w
[_w i s r ɔ ]_w
[_w t a m ɔ m ]_w
[_w z i n a i ]_w
[_w ɔ ʃ n ɔ i ]_w
[_w s a r d u ]_w
[_w m a z ɔ l a ɡ i ]_w
[_w s a r v ]_w
[_w t a s m i ]_w
[_w t ɔ ʃ t i ]_w
[_w i d m i n ɔ n ]_w
[_w p e dʒ ɔ r a t i ]_w
[_w n i j ɔ s i j u ]_w
[_w k u n a ]_w
[_w r a f ɔ n i n i ]_w
[_w t e ɔ d r i ]_w
[_w m a ʔ m u l ]_w
[_w h a n ɡ ]_w
[_w b e d ɔ r a m ]_w
[_w a m v ɔ r a ]_w
[_w q a d ɔ r a ]_w
[_w i f t i χ ɔ b ]_w
[_w z e h n i ]_w
[_w n a f ]_w
[_w ɡ ɔ m i ]_w
[_w ɡ a b u l ]_w
[_w l i b ɔ s ]_w
[_w b ɔ k i ]_w
[_w n i j ɔ n a t ]_w
[_w p a h r i ]_w
[_w ɔ z ɔ d ]_w
[_w i m s ɔ ]_w
[_w dʒ a f ɔ b ]_w
[_w b i t u n i ]_w
[_w ɔ z m ɔ n ɔ ]_w
[_w χ a m k ɔ r i i ]_w
[_w n a v a r ]_w
[_w tʃ ɔ j ɡ ɔ χ i ʃ ]_w
[_w ɔ k ɔ h ]_w
[_w d ɔ n i ʃ u ]_w
[_w m a v dʒ u t ]_w
[_w q a v i ]_w
[_w m a r ɡ i ]_w
[_w q a d ɔ r i k ]_w
[_w a v ɔ m i l ]_w
[_w χ ɔ z i r ɔ ]_w
[_w r a h m ɔ n ɔ f ]_w
[_w tʃ i s r ɔ p ]_w
[_w m u d d a t i ]_w
[_w n u z χ a ]_w
[_w ɔ z m u n i ]_w
[_w b a r k i ]_w
[_w t i l i ]_w
[_w z ɔ χ i r i n ]_w
[_w ʃ a χ s ɔ b i q ]_w
[_w q u f f a i ]_w
[_w b i s a n a t ]_w
[_w k a j h ɔ n i ]_w
[_w i t t i l ɔ v a ]_w
[_w r ɔ s s i i ]_w
[_w d i m i r ]_w
[_w ʃ a χ s i j a ]_w
[_w i m r u z a ]_w
[_w χ a z d a n d ]_w
[_w m i j ɔ n a ]_w
[_w dʒ i z ]_w
[_w ɔ d ɔ b i ]_w
[_w d i d ɔ χ ]_w
[_w m u b ɔ r i ]_w
[_w k i r i f t a ]_w
[_w d a ʔ k i t ]_w
[_w d a χ i j a i ]_w
[_w tʃ a χ ɔ n ]_w
[_w n a v r a d ]_w
[_w χ a z d e m ]_w
[_w m ɔ n d a n ]_w
[_w r ɵ j i ]_w
[_w d a r ɔ n ]_w
[_w m a d d ɔ r i χ ]_w
[_w r a s m i m ]_w
[_w r u s ]_w
[_w ʃ i r i n ]_w
[_w ʃ ɔ n ɡ χ ɔ j ]_w
[_w s ɔ l ]_w
[_w ʃ a h r ]_w
[_w a ʃ u ]_w
[_w χ a r v χ ɔ i ]_w
[_w h a s t ]_w
[_w i l l a t ]_w
[_w χ ɔ r ]_w
[_w tʃ i n ]_w
[_w f i l m χ ɔ i ]_w
[_w k u l u ]_w
[_w ʃ i n ɔ χ d i ]_w
[_w t u f u m ]_w
[_w s u b ɔ d ]_w
[_w n a d i tʃ a ]_w
[_w b e d ɔ r a t ]_w
[_w m e χ ɔ h a d ]_w
[_w χ ɔ l i ]_w
[_w a s ɔ z ]_w
[_w b a z i ]_w
[_w s ɔ χ d a ]_w
[_w d ɔ dʒ i ɡ i i ]_w
[_w ɔ r s u χ ɔ i ]_w
[_w ʃ ɔ m i ]_w
[_w n i m a i ]_w
[_w d a ʔ m i n i ]_w
[_w m i l j ɔ r t ]_w
[_w f ɔ r z j ]_w
[_w t a q r i b a i ]_w
[_w d u dʒ ɔ r i ]_w
[_w i d ɔ a t ]_w
[_w p e m ɔ r i ]_w
[_w a f k ɔ n ]_w
[_w i b r ɔ s ]_w
[_w s u χ b a d ]_w
[_w b u r s i i ]_w
[_w ɔ d a ʃ s u s i ]_w
[_w χ u d ɔ v a r ]_w
[_w n u f u z i ]_w
[_w ʃ ɔ i r ]_w
[_w i j ɔ l a t ]_w
[_w a v v a l i ]_w
[_w d u χ t a r ]_w
[_w i χ t i z ɔ d i ]_w
[_w ʃ ɔ j a t ]_w
[_w b ɔ ʃ a d ]_w
[_w ʒ i r k a d i ]_w
[_w m a v ɔ r a ]_w
[_w a v d ɔ r ]_w
[_w r ɔ s t i ]_w
[_w m a b l a k i ]_w
[_w n i ʃ ɔ n ]_w
[_w m e ɔ r a t i ]_w
[_w n i ɡ a r ]_w
[_w p e ʃ ]_w
[_w b u ʃ ]_w
[_w e r ɔ n i ]_w
[_w k a b i r ]_w
[_w s i j ɔ i i ]_w
[_w d a l a b i ]_w
[_w n a tʃ ɔ d i ]_w
[_w m e ɔ m a t a m ]_w
[_w i f ʃ ɔ ]_w
[_w r u d χ ɔ n a ]_w
[_w k i t ɔ b χ ɔ i ]_w
[_w v a χ t a t i ]_w
[_w z ɔ χ i b i ]_w
[_w s ɔ a d ]_w
[_w p e ʃ b i n i ]_w
[_w d a l a b ]_w
[_w k a r d a n d ]_w
[_w m a d r a h ]_w
[_w i d d i n ]_w
[_w p e ʃ r a f t ]_w
[_w n a s a r ]_w
[_w t e χ k ɔ n i ]_w
[_w s ɵ h b a t ]_w
[_w ɔ k ɔ s ]_w
[_w ʃ a χ z i ]_w
[_w t a s v i b i ]_w
[_w l e ɡ ]_w
[_w b e ʃ i ]_w
[_w χ ɔ χ i ʃ i ]_w
[_w t a r a χ t ɔ n ]_w
[_w dʒ a χ ɔ n i ]_w
[_w m a t n i ]_w
[_w f u tʃ u t i ]_w
[_w n a χ ɔ χ a n t ]_w
[_w t a χ s i l i ]_w
[_w t a r ɡ i ]_w
[_w r u s s i j a t ]_w
[_w b ɔ ɡ ]_w
[_w s u r ʔ a d i ]_w
[_w a t a b ]_w
[_w d ɔ tʃ i ɡ i i ]_w
[_w z a r v a r i ]_w
[_w ɔ s ɔ d ]_w
[_w s ɔ b i r ]_w
[_w h i n d ]_w
[_w k a s ɔ n i d ]_w
[_w b a r χ e ]_w
[_w r ɵ z e ]_w
[_w d e f ɔ n a ]_w
[_w tʃ ɔ m e a ]_w
[_w χ u ɡ u k ]_w
[_w m a ʃ ʁ u r i i ]_w
[_w d a ʔ s i s i ]_w
[_w χ a r a k ]_w
[_w q ɔ i d a h ɔ i ]_w
[_w m a h k u m ]_w
[_w m a t b u ɔ d i ]_w
[_w ʃ i r ɡ a t ]_w
[_w b ɔ n ɡ ]_w
[_w p ɔ n u f ɔ n i ]_w
[_w tʃ a n d e ʃ a ]_w
[_w ɔ n χ ɔ e ]_w
[_w ʃ u m ɔ r a t i ]_w
[_w t u χ t a r ]_w
[_w χ a r v i s ]_w
[_w m u s b a t i ]_w
[_w ɔ f a r i ]_w
[_w m a ɡ a r ]_w
[_w b e ʃ t a r ]_w
[_w k a m b u t i n ]_w
[_w s a r t u ]_w
[_w v ɔ q e a n ]_w
[_w u z m ɔ n i ]_w
[_w b e b ɔ j a t ]_w
[_w d a v r e ]_w
[_w d i dʒ ɔ r a t i ]_w
[_w i r d i b ɔ d i ]_w
[_w z a r i ]_w
[_w i l m i ]_w
[_w m a r d e m ]_w
[_w n e r ɵ h ɔ i ]_w
[_w χ e l e ]_w
[_w m a j i ]_w
[_w u m u m a n ]_w
[_w b a t i ]_w
[_w χ a n d ]_w
[_w i ʃ a ʔ j ɔ ]_w
[_w a s b a s k i ]_w
[_w ʃ ɵ ʔ b a i ]_w
[_w m i n d a k i ]_w
[_w b i j ɔ ]_w
[_w l a s s a r ]_w
[_w i d ɔ a d ]_w
[_w ʁ a r v ]_w
[_w χ e dʒ ]_w
[_w m a v dʒ u d ]_w
[_w m a ɡ ɔ m χ ɔ i ]_w
[_w k t e ]_w
[_w z ɔ s m ɔ n ]_w
[_w r ɔ z z i j a ]_w
[_w b a r r a r ]_w
[_w b a f i ʒ a ]_w
[_w m a k a r ]_w
[_w s u χ a n ɡ u i ]_w
[_w b a r ɔ b ]_w
[_w z ɔ b i t a i ]_w
[_w n ɔ ɡ u n i ]_w
[_w i t t i l ɔ f i ]_w
[_w ɡ ɵ d a k ɔ z ɔ ]_w
[_w k a ʃ t ]_w
[_w v ɔ ʃ a i ]_w
[_w t ɔ χ i l ]_w
[_w z ɔ d i ]_w
[_w r a v a t ]_w
[_w k a z ]_w
[_w v ɔ l ɔ ɡ d a ]_w
[_w f a r ɔ m ɵ ʃ ]_w
[_w z i b ɔ s i i ]_w
[_w tʃ ɔ j ]_w
[_w t a s f i b i ]_w
[_w tʃ i ɡ u n e m ]_w
[_w a r a b j ]_w
[_w χ a r v i ]_w
[_w χ u ʃ ]_w
[_w s a r u r i ]_w
[_w n a k ʒ i ]_w
[_w m a tʃ l i s i ]_w
[_w b e m ɔ r i ]_w
[_w d i l ]_w
[_w d a b i ]_w
[_w s a r d u ʃ t ]_w
[_w m a k t a b i i ]_w
[_w m i j ɔ n i ]_w
[_w j ɔ v d ]_w
[_w b i n ɔ ]_w
[_w s ɔ l ɔ n a i ]_w
[_w k u r ɵ h i ]_w
[_w h i s p i ]_w
[_w χ a j r i ]_w
[_w tʃ ɔ m e ʔ a ]_w
[_w r u z j ]_w
[_w ʃ i n ɔ χ i ]_w
[_w m a ʔ l u m ɔ t ]_w
[_w h a q i q a d ]_w
[_w t a v z e ʔ a i ]_w
[_w i d ɔ r i χ i ]_w
[_w b u t a n i ]_w
[_w χ a m z u d ]_w
[_w k a r t a ]_w
[_w tʃ a v ɔ n i ]_w
[_w k u n u n i i ]_w
[_w i m k ɔ n ɔ d ]_w
[_w ʃ a f a d ]_w
[_w k u n a n d i ]_w
[_w l e k i n ]_w
[_w m a s e h ]_w
[_w e t ɔ ]_w
[_w p a r t a ]_w
[_w r u m i ]_w
[_w b a n tʃ ]_w
[_w b i s i ]_w
[_w b e χ t ɔ ʃ t ]_w
[_w s ɔ χ i r ]_w
[_w χ i t ɔ b ]_w
[_w m a χ t u d ]_w
[_w n a k k ɔ ʃ i ]_w
[_w ʃ i r i ]_w
[_w i j u n ]_w
[_w i ɡ t i s ɔ d i ]_w
[_w n a χ u s t i ]_w
[_w p ɔ j ɔ n ]_w
[_w m u tʃ ɔ s ɔ t i ]_w
[_w b u l ]_w
[_w i dʒ ɔ s a ]_w
[_w m e ɡ ɵ e m ]_w
[_w s a n ɔ a t i ]_w
[_w b ɔ ʔ i ]_w
[_w h u ɡ u m a t ]_w
[_w f r ɔ n i ]_w
[_w d a r χ ɔ i ]_w
[_w i m k ɔ n ]_w
[_w n a m a k ]_w
[_w n a f s ɔ i ʃ i ]_w
[_w k a s r ɔ ]_w
[_w m a s k u r ]_w
[_w tʃ a t i d i ]_w
[_w m ɔ d d a ]_w
[_w v ɔ ʃ a ]_w
[_w q a t a r ]_w
[_w b ɔ r h ɔ ]_w
[_w d u n ]_w
[_w m e ɡ i r a t ]_w
[_w n i s v i ]_w
[_w d a χ m i ]_w
[_w t ɔ r a n d ]_w
[_w m a t n ]_w
[_w b i z j ɔ r ]_w
[_w d a k j i r i ]_w
[_w t u ʃ m a n ]_w
[_w ɡ u f t a n t ]_w
[_w m a s ʔ u d ]_w
[_w s a z ɔ f ɔ r ]_w
[_w v i r d a f u ]_w
[_w h a r a k a m ]_w
[_w m ɔ ʃ i n i ]_w
[_w i n s ɔ f ]_w
[_w r a s ɔ n i ]_w
[_w m u f a f f a l ]_w
[_w ɡ ɔ ʃ ]_w
[_w k ɔ r r ɔ ]_w
[_w d i k a r e r ɔ ]_w
[_w i r ɔ n i i ]_w
[_w χ a m s a m ɔ n ]_w
[_w ʃ u d a s t ]_w
[_w tʃ u m l a ]_w
[_w b u r s i d ]_w
[_w m a t a m ]_w
[_w b a n t ]_w
[_w m a r b u d ]_w
[_w s a m i n a i ]_w
[_w n a v i ʃ t a ]_w
[_w t a b i r i ]_w
[_w m e ɡ u n i ]_w
[_w i z χ ɔ r ]_w
[_w m ɔ n d a ]_w
[_w z ɔ l a k i ]_w
[_w χ a n ɡ u ]_w
[_w t u tʃ ɔ r ]_w
[_w e ʔ t i p ɔ d ]_w
[_w h ɔ d i s a ]_w
[_w a j n a n ]_w
[_w dʒ i k u ]_w
[_w ɔ z d ɔ n ]_w
[_w χ a d a m ]_w
[_w ɡ i z m i ]_w
[_w i m a ]_w
[_w k u m ɔ n ]_w
[_w χ a m a ɡ ]_w
[_w u m u m i i ]_w
[_w d a b i j ɔ ]_w
[_w ʃ a f a t ]_w
[_w a z ɔ z ]_w
[_w a f ɔ i ]_w
[_w n i m i ]_w
[_w ʃ ɔ χ i d χ ɔ i ]_w
[_w b u r d a r ]_w
[_w m u s u l m ɔ n ]_w
[_w d u r ɔ ]_w
[_w z u χ r ɔ b ]_w
[_w d u χ d a ]_w
[_w ɔ k t j a b r ]_w
[_w p a χ ʃ i ]_w
[_w a s l ]_w
[_w t ɔ tʃ i k ]_w
[_w r u s s i j a ]_w
[_w f ɔ r s j ]_w
[_w b u f a d ]_w
[_w χ ɔ s t ]_w
[_w k ɔ d i ]_w
[_w χ i s m a t i ]_w
[_w χ i s m a d i ]_w
[_w k u n ]_w
[_w n a m ɔ n e ]_w
[_w n i ɡ a r ɔ n ]_w
[_w ɡ a r ]_w
[_w a s ɔ z i ]_w
[_w m a n ɔ d i ]_w
[_w z i j ɔ t t a i ]_w
[_w p i s a r a r i ]_w
[_w s a χ t ]_w
[_w h ɔ d i s i ]_w
[_w χ a v ɔ d i ]_w
[_w a s t u ]_w
[_w t ɔ χ i ]_w
[_w a l i v b ɔ i ]_w
[_w m i r i ]_w
[_w dʒ ɔ j i ]_w
[_w h a m tʃ u n ]_w
[_w m u s i ]_w
[_w χ ɔ l a t ]_w
[_w n ɔ r a k ]_w
[_w e tʃ ɔ d i ]_w
[_w χ a m ɔ n r ɔ ]_w
[_w tʃ a l b ]_w
[_w χ u tʃ a z t a m ]_w
[_w n i ɡ ɔ h ]_w
[_w i d i ]_w
[_w a j j ɔ m ]_w
[_w e t ɔ m ]_w
[_w ɔ k ɔ z i m ]_w
[_w r u χ i ]_w
[_w s e r k e j ]_w
[_w u m u m a n i ]_w
[_w m a t l a b i ]_w
[_w r u s i j a ]_w
[_w s a v a r e ]_w
[_w d ɔ b i ]_w
[_w k u f t a n i ]_w
[_w t ɔ r a i ]_w
[_w ʃ i r ɡ a t i ]_w
[_w r ɵ s k ɔ r i ]_w
[_w m a v ɔ t a ]_w
[_w χ a m l a ]_w
[_w ɔ v a r d ]_w
[_w χ ɔ n d a m ]_w
[_w tʃ i n ɔ j i ]_w
[_w dʒ a n d ɔ n ]_w
[_w f a s i l ]_w
[_w p i s t a i i ]_w
[_w ʃ a b n a m ]_w
[_w v i l m ]_w
[_w d a l ɔ ʃ χ ɔ i ]_w
[_w m e r a f a n d ]_w
[_w n e ɡ i ]_w
[_w i v a s ]_w
[_w d u f u m ]_w
[_w v a t a n i ]_w
[_w t i r u s i ]_w
[_w p i s j ɔ r ]_w
[_w χ a d m ]_w
[_w b a r ɔ i ]_w
[_w a s n ɔ t i q i ]_w
[_w i n ʔ i k ɔ s ]_w
[_w m a n ɔ d i d a ]_w
[_w i tʃ ɔ s a ]_w
[_w h a t t ɔ ]_w
[_w b a j d ɔ n i ]_w
[_w t a ʔ v ɔ i ]_w
[_w n u q d a i ]_w
[_w b a r v a n d ]_w
[_w k i d ɔ b h ɔ i ]_w
[_w m u χ ɔ l i f ]_w
[_w m a r d ɔ n ]_w
[_w r ɵ z ɡ ɔ r ]_w
[_w b u r s i ʃ ]_w
[_w z u r ʔ a t i ]_w
[_w m e χ r ]_w
[_w k ɵ m a k i ]_w
[_w p u r d a a s t ]_w
[_w v i r u s ]_w
[_w m e ɡ u v d a m ]_w
[_w χ a s t e m a i ]_w
[_w tʃ a ʃ m a k ɔ m ]_w
[_w i k t ɔ m i ]_w
[_w p ɔ ʃ e d ]_w
[_w v u r u ʒ ]_w
[_w tʃ a v ɔ n a t ]_w
[_w m i r z ɔ l ]_w
[_w d u ʃ a n ]_w
[_w l e ɡ i n ]_w
[_w t a r a m ]_w
[_w b a r k a ʃ t a ]_w
[_w b ɔ s b a s ]_w
[_w i k t ɔ m ]_w
[_w m e d r i ]_w
[_w ʁ ɔ s t a m ]_w
[_w d ɔ n ɔ ]_w
[_w t i n i i ]_w
[_w k ɔ d a ]_w
[_w b a h r i ]_w
[_w v i ʃ a i ]_w
[_w ɔ r a t i ɔ i ]_w
[_w s a d a a s t ]_w
[_w n ɔ r a i ]_w
[_w ɡ e r b i ]_w
[_w ʃ ɔ h i ]_w
[_w v a q t e ]_w
[_w d a ʃ k i ]_w
[_w z a n a d i ]_w
[_w t ɔ tʃ i ɡ ]_w
[_w n a χ u s t i n ]_w
[_w v a ʔ ɔ l ]_w
[_w i χ t i j ɔ r i ]_w
[_w h a m i l t ɔ n ]_w
[_w k a l i m a ]_w
[_w b e χ t ɔ s i ]_w
[_w n a f r a i ]_w
[_w ɔ χ i r i ]_w
[_w m e d ɔ n i ]_w
[_w p ɔ b a d ]_w
[_w d a m ɔ m ]_w
[_w f i ʃ a ]_w
[_w m a k s a r i ]_w
[_w m u z ɔ i t a ]_w
[_w m a q ɔ m i ]_w
[_w tʃ a r ɔ i ]_w
[_w n u r i ]_w
[_w d a v z e ʔ a ]_w
[_w t ɔ r i ]_w
[_w f ɔ l ɔ k d a ]_w
[_w ʃ a χ s i l i ]_w
[_w ɔ ʃ k ɔ r ]_w
[_w s a χ n a i ]_w
[_w t a r tʃ u m a n ]_w
[_w r ɵ ʃ ɔ n ]_w
[_w χ u s r a v ]_w
[_w s u χ r ɔ b ]_w
[_w m i n t a q a ]_w
[_w t u r u d i ]_w
[_w v ɔ r i d ]_w
[_w dʒ u m χ u r ]_w
[_w d ɵ z d ]_w
[_w tʃ ɔ m e ʔ a i ]_w
[_w f ɔ z i l a i ]_w
[_w s ɔ h a h ɔ i ]_w
[_w n i s ɔ m i i ]_w
[_w m a r s ]_w
[_w n i z ɔ m ]_w
[_w m ɔ s k v a ]_w
[_w z a r m ɔ n i ]_w
[_w h a m ɔ n e ]_w
[_w h a j a d i ]_w
[_w i l m u ]_w
[_w ɡ a r t a ]_w
[_w a k a r ]_w
[_w s ɔ n i ]_w
[_w χ ɔ z a ]_w
[_w χ ɔ s t ɔ ʃ t a ]_w
[_w ɔ t a ʃ s u s i ]_w
[_w i m z ɔ l ]_w
[_w ʃ a χ r χ ɔ i ]_w
[_w n a ʃ r i ]_w
[_w r e ʃ a ]_w
[_w b a χ ɔ i r i ]_w
[_w a b b ɔ s ]_w
[_w ʃ a r ɔ i t ]_w
[_w χ u s u r k e ]_w
[_w d a χ t i ]_w
[_w m u b ɔ r a i ]_w
[_w j ɔ r u ]_w
[_w d a k ʒ e ]_w
[_w h u n a r ]_w
[_w p u l ]_w
[_w s a m ɔ n ]_w
[_w n a s t i ]_w
[_w t l j a ]_w
[_w a χ m a d i ]_w
[_w l a s s a l ]_w
[_w ʃ i k ɔ j a d ]_w
[_w a f r ɔ d ]_w
[_w j ɔ b a n t ]_w
[_w t a r b i ]_w
[_w s u l h ]_w
[_w r u i ]_w
[_w i l l a d ]_w
[_w p a ʔ z e ]_w
[_w f a l e ]_w
[_w l a b i ]_w
[_w a t a b i i ]_w
[_w h i s s i ]_w
[_w a r s i ʃ χ ɔ i ]_w
[_w f ɔ l ɔ ɡ d a ]_w
[_w h a d d ɔ r ]_w
[_w p u d tʃ a i ]_w
[_w r i s ɔ l a i ]_w
[_w tʃ e l ɔ v e ɡ ]_w
[_w dʒ u n ]_w
[_w ʃ e ʔ r χ ɔ i ]_w
[_w χ e l ]_w
[_w m i l l i j a i ]_w
[_w t i b q i ]_w
[_w d ɔ t ɡ ɔ ʁ ]_w
[_w h ɔ t i s i ]_w
[_w n ɔ n ]_w
[_w m a r χ i ]_w
[_w v a r ɔ χ a m ]_w
[_w dʒ a m ɔ a d ]_w
[_w ʃ ɔ h i d a ]_w
[_w t a ʔ i n ]_w
[_w r u b ɔ i ]_w
[_w χ ɔ l n a z a r ]_w
[_w z u t ]_w
[_w n ɔ t i ]_w
[_w b a r k u ]_w
[_w h a v ɔ ]_w
[_w s ɵ i ]_w
[_w ʃ u a r ɔ i m i ]_w
[_w k ɔ r χ ɔ ]_w
[_w a n t a ]_w
[_w k i l u v ɔ t ]_w
[_w m e s u z a t ]_w
[_w b a r n ɔ m a i ]_w
[_w i s l ɔ m j ]_w
[_w b u r d ]_w
[_w m a k ɔ n i ]_w
[_w t e m u r ]_w
[_w j a ɡ u m i ]_w
[_w h u n a r i ]_w
[_w m e d a f ɔ n ]_w
[_w n a ʃ u t a a m ]_w
[_w tʃ i s r ɔ i l ]_w
[_w d ɔ ʃ t a m ]_w
[_w d a l a b ɔ d i ]_w
[_w n i j ɔ n i ]_w
[_w i n t i χ ɔ r ]_w
[_w t a b a z s u f ]_w
[_w m a χ m u d i ]_w
[_w a ʃ k ]_w
[_w v a r ɔ d i ]_w
[_w a k e n d i i ]_w
[_w ɔ s ɔ d i ]_w
[_w b ɔ j a t ]_w
[_w t a χ t ]_w
[_w z u l h ]_w
[_w s ɔ χ t m ɔ n ]_w
[_w ʃ ɔ h n ɔ m a ]_w
[_w χ ɔ χ a t ]_w
[_w r ɔ s s i j a d ]_w
[_w m a k ɔ m χ ɔ i ]_w
[_w h a m k ɔ r i i ]_w
[_w m a k ɔ n ]_w
[_w r a s i d a n d ]_w
[_w a χ i r a n d ]_w
[_w p a r ɔ i m i ]_w
[_w χ a s t a ]_w
[_w q a j t ]_w
[_w t u s t ]_w
[_w e h z ɔ z i ]_w
[_w l u ʃ k ɔ f ]_w
[_w m e k u j a t ]_w
[_w p i r i ]_w
[_w t ɔ d a n d ]_w
[_w b ɔ k j ]_w
[_w b u d a n i ]_w
[_w k ɔ s i i ]_w
[_w i r t i f ʔ ɔ i ]_w
[_w q a t r ]_w
[_w ʃ a v h a r ]_w
[_w m e χ v a r i ]_w
[_w χ a l q i i ]_w
[_w n ɔ s i r ]_w
[_w q a d l i j a ]_w
[_w ɔ d a t ]_w
[_w h a z t e m a i ]_w
[_w m e r a s a i ]_w
[_w r a h m ɔ n ɔ v ]_w
[_w t a v z i f ]_w
[_w n a ʃ u d a ]_w
[_w t u ʃ m a n i ]_w
[_w b ɔ r i ]_w
[_w tʃ a ʁ ɔ n ]_w
[_w χ a m d i ]_w
[_w m a k t a b ]_w
[_w u m r ]_w
[_w v a k a r ]_w
[_w z u χ a n i ]_w
[_w m u h i d i ]_w
[_w ʃ u d a a n t ]_w
[_w d a ʃ a k k u r ]_w
[_w q a t l i j a i ]_w
[_w m e ɡ a ʃ a t ]_w
[_w m a b l a χ i ]_w
[_w k u v d a ]_w
[_w s a f χ a i ]_w
[_w b a r χ u r d i ]_w
[_w k a n ɔ r ]_w
[_w a z i l a ]_w
[_w s u b h ]_w
[_w s a v χ a r a k ]_w
[_w χ u d a ʃ ɔ n ]_w
[_w h a m i n χ ɔ ]_w
[_w a v ɡ ɔ r i ]_w
[_w k u t r a d i ]_w
[_w v a k i l ɔ b ]_w
[_w m a m l a ]_w
[_w d e v ɔ n i ]_w
[_w b ɔ z d ɔ n i i ]_w
[_w a v z u d ]_w
[_w s u r ʔ a t i ]_w
[_w ɔ k ɔ χ ɔ n ]_w
[_w t a χ i j a i ]_w
[_w ɔ f ɔ z χ ɔ n ]_w
[_w h a r ]_w
[_w m ɔ h i ]_w
[_w r i s ɔ l a ]_w
[_w u m a r i ]_w
[_w f a r ɔ m u n i ]_w
[_w a l i i ]_w
[_w v a r ɔ d i b i ]_w
[_w z ɔ n ]_w
[_w χ ɔ n d a a z d ]_w
[_w d ɔ d ɔ n i ]_w
[_w i ʃ k ]_w
[_w p a r n ɔ m a i ]_w
[_w z ɔ b i d a ]_w
[_w s u n n a t i ]_w
[_w ʃ ɔ m ]_w
[_w b a n d ]_w
[_w t a r tʃ u m a ]_w
[_w ɔ n χ ɔ ]_w
[_w s i n d ɔ n ]_w
[_w m a s k a v ]_w
[_w m a j ]_w
[_w tʃ a l a s a i ]_w
[_w p ɔ χ ]_w
[_w k ɔ l ɔ ]_w
[_w b ɔ j ɔ n i ]_w
[_w a q i d a i ]_w
[_w m u ɔ z i r ]_w
[_w ʃ ɵ r a f i i ]_w
[_w u s t ɔ n ]_w
[_w tʃ a n ɡ u ]_w
[_w b ɔ d ]_w
[_w d a r ɔ n z a ]_w
[_w z a r u r a t ]_w
[_w s i j ɔ i ]_w
[_w d a m ]_w
[_w b u d a ]_w
[_w ɔ z d ɔ ʃ t ]_w
[_w s a n a n d ]_w
[_w z a s ɔ f ɔ r ]_w
[_w m u n t a s i r ]_w
[_w v u r u k i ]_w
[_w z a r v i ]_w
[_w p a d a r i ]_w
[_w t a ʔ l i m ]_w
[_w m i l ɔ d i ]_w
[_w z i s t ]_w
[_w p a n t u k i ]_w
[_w m e d ɔ n i i ]_w
[_w z e b ɔ ]_w
[_w k u d a k i ]_w
[_w h a r t u n ]_w
[_w a v e s d a m i ]_w
[_w i m ɔ m ]_w
[_w χ a l q h ɔ i ]_w
[_w k i ʃ v a r a t ]_w
[_w m u ʃ ɔ h i t a ]_w
[_w t e v ɔ r i t i ]_w
[_w k a z e r ɔ ]_w
[_w d ɔ d k ɔ χ i i ]_w
[_w χ a l k i ]_w
[_w f ɔ k u n ]_w
[_w p a z ]_w
[_w m i k t ɔ m ]_w
[_w m a χ s u z a n ]_w
[_w i j u l i ]_w
[_w l u d v a n ]_w
[_w d a b ɔ d u l i ]_w
[_w p e r u n ]_w
[_w l a n d ]_w
[_w ɔ m ɵ s i ʃ ]_w
[_w z e r ɔ ]_w
[_w k a r d i ]_w
[_w t a r i n ]_w
[_w s a b ɔ n i ]_w
[_w h a n ɡ u ʃ t a ]_w
[_w r a m z i ]_w
[_w b i r u z i j a ]_w
[_w ʃ i d d a t ]_w
[_w t ɔ tʃ i k r ɔ ]_w
[_w tʃ ɔ n i ]_w
[_w ʃ a r i ]_w
[_w m u s t a m ]_w
[_w u m u r i ]_w
[_w n a v ʔ i ]_w
[_w i tʃ d i m ɔ l i ]_w
[_w b a j v a n t i ]_w
[_w a z d ]_w
[_w z u χ a n ɡ ]_w
[_w a f f a l i n ]_w
[_w m a z ɔ l a ]_w
[_w h a r d u m ]_w
[_w r i ʃ t a i ]_w
[_w l a ʃ k a r i p ]_w
[_w s a b ɔ n r ɔ ]_w
[_w b a ʔ t a i ]_w
[_w χ a t a v i ]_w
[_w k a s i ]_w
[_w v i ʃ a e ]_w
[_w n a d i dʒ a ]_w
[_w n i ɡ a r e d ]_w
[_w k a d ɔ m e ]_w
[_w z ɔ k i n ɔ n ]_w
[_w ʃ i r ]_w
[_w s a b ɔ n m k ]_w
[_w z a f ɔ r i d i ]_w
[_w t a r f e ʃ ]_w
[_w p a r i ]_w
[_w j a n f a r i ]_w
[_w v a n n i i ]_w
[_w z ɔ χ a i ]_w
[_w z e r i ]_w
[_w z a n ɔ a d i ]_w
[_w i r d i ]_w
[_w p a r d a n d ]_w
[_w a f f a k ]_w
[_w b ɔ b ]_w
[_w ɔ χ i r a n ]_w
[_w j a k u m ]_w
[_w s a r ʃ ɔ r ]_w
[_w k a v m i ]_w
[_w v i l ɔ j a d ]_w
[_w r a v d a ]_w
[_w b a r ɔ v a t ]_w
[_w v a r z ɔ n a ]_w
[_w i z d e ʔ v ɔ i ]_w
[_w a m i r ]_w
[_w h a l ]_w
[_w t ɔ tʃ i k i ]_w
[_w m u j a z s a d ]_w
[_w k ɵ m a ɡ ]_w
[_w m a d r a s a d ]_w
[_w s u r a t e ]_w
[_w d u r ]_w
[_w p ɔ ʃ e t ]_w
[_w i n d i s ɔ z ]_w
[_w t a l e l i ]_w
[_w m u l ɡ i ]_w
[_w ɔ n e ]_w
[_w a s l i χ a ]_w
[_w d a m ɔ n ]_w
[_w b a ʔ z a m ]_w
[_w i d d a t ]_w
[_w v a s ɔ r a d i ]_w
[_w l a h z a ]_w
[_w z ɔ l ɔ n a ]_w
[_w χ a m ]_w
[_w n a q ʃ i ]_w
[_w p i j ɔ t a n t ]_w
[_w tʃ i n ɔ i ]_w
[_w b e ʃ i n ]_w
[_w z a d a i ]_w
[_w i d ɔ r a n t ]_w
[_w v ɔ d i ]_w
[_w b u d e m ]_w
[_w d e h a i ]_w
[_w r a s ]_w
[_w m u ɡ a d d a l ]_w
[_w t u l ɔ r i ]_w
[_w tʃ ɔ j ɡ i r ]_w
[_w s i j ɔ d e r ɔ ]_w
[_w dʒ u m ʔ a ]_w
[_w n a ɡ u n a t ]_w
[_w i χ t i l ɔ i ]_w
[_w ɔ χ i r i n ]_w
[_w n a z a r ]_w
[_w m u n d a k a i ]_w
[_w r a v d ]_w
[_w z u j i ]_w
[_w tʃ a n ɔ p i ]_w
[_w χ i r a n ]_w
[_w m u r u r i ]_w
[_w b i k i r ɔ m i ]_w
[_w tʃ a v ɔ b ]_w
[_w h i z ɔ r ]_w
[_w z a f i r i ]_w
[_w s a b z ]_w
[_w t a m ]_w
[_w a r s i ʃ i ]_w
[_w χ e ʃ r ɔ ]_w
[_w m a r k ]_w
[_w tʃ ɔ j k ɔ h i ]_w
[_w a t ɔ ]_w
[_w z a n ɡ a r a ]_w
[_w f a j s a l i ]_w
[_w m u ʔ ɔ d i l i ]_w
[_w b e χ b u d i ]_w
[_w b a r ɔ b a r ]_w
[_w n i j ɔ s i ]_w
[_w m a ʔ m u l a n ]_w
[_w m u l ɔ q ɔ d ]_w
[_w t ɔ dʒ i k i ]_w
[_w v a s i f a d i ]_w
[_w r ɔ b i d ]_w
[_w m a χ k u m ]_w
[_w m a n s u r ]_w
[_w v i k r ]_w
[_w t a r a i ]_w
[_w ɡ u d a k ɔ n ]_w
[_w χ ɔ n t a n ]_w
[_w m u ʃ ɔ χ i d i ]_w
[_w q a b u l ]_w
[_w d a r i k i ]_w
[_w t e a d r i ]_w
[_w m u k a r r ɔ ]_w
[_w m e b u r d a n ]_w
[_w m i s ɔ l ]_w
[_w t u r ɵ χ ]_w
[_w a z ɔ z i r ]_w
[_w m u ʃ t a r i ]_w
[_w k ɔ χ e ]_w
[_w m u d d a h a m ]_w
[_w k a z b i ]_w
[_w k u n ɔ ɡ u n i ]_w
[_w ɔ i d ]_w
[_w q a t l i ]_w
[_w r a ɔ ]_w
[_w t a r a tʃ a i ]_w
[_w m i j ɔ n ]_w
[_w m e k i r a n ]_w
[_w m ɔ ʃ e d ]_w
[_w d u n j ɔ ]_w
[_w χ a z d a ]_w
[_w b i n h ɔ n ]_w
[_w t a b ʔ ]_w
[_w h i m ɔ j a n d ]_w
[_w d a ʔ z i r i ]_w
[_w i n d i ʃ ɔ r ]_w
[_w b ɔ j ]_w
[_w tʃ i χ a d ]_w
[_w m e ʒ a v a n d ]_w
[_w n e s t a ]_w
[_w tʃ a m ɔ a t ]_w
[_w ʃ a ɡ l i ]_w
[_w a s b ɔ b i ]_w
[_w k a r d a ]_w
[_w tʃ a r χ ]_w
[_w a s ɔ s i ]_w
[_w s a n d ]_w
[_w d a v r e χ i ]_w
[_w χ u n i ]_w
[_w t ɔ tʃ i ɡ i i ]_w
[_w d a s t ɡ i r ]_w
[_w m e s ɔ s a d i ]_w
[_w ɔ k ɔ l ɔ ]_w
[_w ʃ u m ɔ r ɔ n ]_w
[_w n a s b ]_w
[_w b a d a r i n ]_w
[_w s e h n i ]_w
[_w k u m ]_w
[_w m i l l i i ]_w
[_w b u t a n ]_w
[_w p u d e d ]_w
[_w t u χ m i ]_w
[_w ɔ z i j ɔ d i ]_w
[_w ɔ m u z i ɡ i ]_w
[_w d a tʃ l i l ]_w
[_w z a d ɔ i ]_w
[_w k u dʒ ]_w
[_w a k s a t i i ]_w
[_w m a ɡ d a b i ]_w
[_w tʃ e l ɔ f e ɡ ]_w
[_w d a n s i m i ]_w
[_w dʒ a r a j ɔ n i ]_w
[_w a v s u d a ]_w
[_w a m r ]_w
[_w b i n χ ɔ i ]_w
[_w v a z ʔ i j a d ]_w
[_w ɔ l m ɔ n ]_w
[_w n ɔ m a ʔ l u m ]_w
[_w m i n t a q a i ]_w
[_w v ɔ r z ]_w
[_w z a b k ]_w
[_w n i j ɔ z ɔ v ]_w
[_w ʁ ɔ r i ]_w
[_w ʃ e ʔ r u ]_w
[_w s u r ]_w
[_w a v e s t ɔ ]_w
[_w b i k u e m ]_w
[_w k a r d ɔ n a d ]_w
[_w b e m ɔ r ]_w
[_w d a v r ]_w
[_w ɔ χ a n d ]_w
[_w ɡ a z ]_w
[_w ʁ a m r ɔ χ ]_w
[_w n u k t a ]_w
[_w s a i t ]_w
[_w χ ɔ k i m a t i ]_w
[_w χ a b a r ]_w
[_w i n ɡ i ʃ t ]_w
[_w χ ɔ h e d ]_w
[_w k ɔ r m a n d i ]_w
[_w f a r h a m ]_w
[_w z ɔ b i d i ]_w
[_w r a k s i ]_w
[_w n i k a r i ]_w
[_w d i tʃ ɔ r a d ]_w
[_w d i t a n ]_w
[_w z ɔ i r i ]_w
[_w k u v d a i ]_w
[_w χ u d a ]_w
[_w z a b ɔ n h ɔ ]_w
[_w ɔ z i j ɔ s i ]_w
[_w e h d i r ɔ v ]_w
[_w d ɔ r e m ]_w
[_w tʃ ɔ s t ]_w
[_w m a v ɔ r i ]_w
[_w ʃ a v e m ]_w
[_w s ɔ χ t m ɔ n i ]_w
[_w n a v a r i ]_w
[_w a ʔ z a n ]_w
[_w ɔ m u χ t ]_w
[_w r u ʃ a n ]_w
[_w z a b t i l ]_w
[_w z a d χ i ]_w
[_w m i l l i j a ]_w
[_w t a b r i ]_w
[_w i d ɔ r i ɡ ]_w
[_w j u r u ]_w
[_w m u χ t a r ]_w
[_w e h s ɔ s ]_w
[_w b u r d a n i ]_w
[_w t a r i ɔ ]_w
[_w z a t i ]_w
[_w r u z i i ]_w
[_w h a z d e m ]_w
[_w dʒ a m ʔ ]_w
[_w b ɔ r e ]_w
[_w u s t ɔ ]_w
[_w ʃ u r a v j ]_w
[_w b a z ]_w
[_w n a s i r i ]_w
[_w p ɔ ɡ i ]_w
[_w t a k r i b a i ]_w
[_w n u q t a i ]_w
[_w r a v ɔ n ]_w
[_w t a m ɔ m i ]_w
[_w k ɔ s i ]_w
[_w t u r ]_w
[_w z u l χ i ]_w
[_w ɡ a r n a ]_w
[_w i n z ɔ n i ]_w
[_w z a n t ]_w
[_w b i j ɔ d a n d ]_w
[_w χ ɔ t i r i ]_w
[_w tʃ a r ɔ ]_w
[_w d a f ɔ n i ]_w
[_w n u f u s i ]_w
[_w t a z v i b i ]_w
[_w v i l m h ɔ i ]_w
[_w k i r d i ]_w
[_w v ɔ r s i i ]_w
[_w ɔ ʃ ɔ n z i ]_w
[_w n a v i ʃ t a i ]_w
[_w ʃ a v a d ]_w
[_w p a r ɔ j a m ]_w
[_w v a ɡ a r ]_w
[_w s ɔ t a k ɔ n ]_w
[_w f a r χ a l a i ]_w
[_w k u f t a ]_w
[_w d u v v u m ]_w
[_w s i j ɔ t a ]_w
[_w χ a m z ɔ l i ]_w
[_w m e χ ɔ z d i ]_w
[_w k a s i i ]_w
[_w u z t ɔ n ]_w
[_w p a r ɔ d a r ]_w
[_w s a d ɔ ]_w
[_w ɡ u m i ]_w
[_w k a r d a n ]_w
[_w χ ɔ b i ]_w
[_w ɡ ɔ r r ɔ ]_w
[_w n i r u χ ɔ i ]_w
[_w χ a v ɔ i l i ]_w
[_w χ ɔ h i ʃ ]_w
[_w k i l u f ɔ d ]_w
[_w m e ɡ u j a n t ]_w
[_w χ a r a k a d ]_w
[_w m u d ɔ l i a ]_w
[_w e ʔ d i m ɔ i i ]_w
[_w s u r i ]_w
[_w ɔ r z u i ]_w
[_w a t t ɔ ]_w
[_w k ɔ m ]_w
[_w ɔ j a t ]_w
[_w d e v ɔ r i d i ]_w
[_w b ɔ χ t a ]_w
[_w a v s ɔ i ʃ ]_w
[_w b e h d a r i ]_w
[_w r ɔ n d i ]_w
[_w b a r d a n i ]_w
[_w i n ɡ l i j a ]_w
[_w r u χ ]_w
[_w b u d tʃ a i ]_w
[_w f i r d a f u ]_w
[_w a l ɔ q a ]_w
[_w m u ʃ t ]_w
[_w t i d ɡ ɔ χ ]_w
[_w d a b a s s u m ]_w
[_w b a s i ]_w
[_w χ a j ʔ a d i ]_w
[_w χ u k u k i ]_w
[_w q a r ɔ r ]_w
[_w t ɔ dʒ i ɡ r ɔ ]_w
[_w m a b n i ]_w
[_w t a v l a d i ]_w
[_w z a d i ]_w
[_w n a s l i ]_w
[_w tʃ a h ɔ n i ]_w
[_w d i f ɔ k ]_w
[_w k a m ]_w
[_w r ɔ h i ]_w
[_w n a k z i ]_w
[_w z i n d a k a ]_w
[_w s a d χ i ]_w
[_w m i n r u b i i ]_w
[_w p i ɡ z ɔ r ]_w
[_w m e b i n e d ]_w
[_w a s l i ]_w
[_w a n dʒ ɔ m i ]_w
[_w a n a ]_w
[_w b i ɡ i r e m ]_w
[_w p ɔ k i ]_w
[_w t ɔ ʃ t a ]_w
[_w k a j r i ]_w
[_w z i n a m ɔ e d ]_w
[_w q a b u l i z i ]_w
[_w b ɔ d ʃ ɔ χ i n ]_w
[_w ʃ i k a z d ]_w
[_w h ɔ l ɔ ]_w
[_w i tʃ r ɔ i j a i ]_w
[_w b u n j ɔ ]_w
[_w q ɔ l a b i ]_w
[_w k a n a t ]_w
[_w χ a d i ]_w
[_w m e t i h a t i ]_w
[_w b u r d a n d ]_w
[_w s i d ɔ r a m ]_w
[_w z a r m ɔ n ]_w
[_w h a s t e m ]_w
[_w l a n d i ]_w
[_w t a ʔ z i z i ]_w
[_w s a b u r ]_w
[_w χ a m i n ]_w
[_w k a j r ]_w
[_w p i ɡ u n e m ]_w
[_w d ɔ r e d ]_w
[_w ɡ a s e ]_w
[_w r i ɔ j a ]_w
[_w ɔ χ ɔ s ]_w
[_w n ɔ χ i j a ]_w
[_w m a v ɔ d i ]_w
[_w b a r k a s i ]_w
[_w m ɔ d a r i n ]_w
[_w m u v a z s a t ]_w
[_w t a r b i j a i ]_w
[_w p u d a n d ]_w
[_w ʃ a r q ]_w
[_w i d ɔ m a ]_w
[_w χ ɔ r u ʁ ]_w
[_w n u z χ a i ]_w
[_w u z u l i ]_w
[_w k a l b i ]_w
[_w r a z m u ]_w
[_w d a r a tʃ a i ]_w
[_w ʃ u r a f i i ]_w
[_w v i r t a v u ]_w
[_w m a ɔ ʒ i ]_w
[_w n u s χ a ]_w
[_w d a s a f f u r ]_w
[_w ʃ e r ɔ z i ]_w
[_w f a k d e ]_w
[_w b ɔ r i z i ]_w
[_w u m e t ]_w
[_w s u l χ i ]_w
[_w χ ɔ ʁ i ʃ i ]_w
[_w b ɔ r z j ]_w
[_w dʒ i n ]_w
[_w j u z u v ]_w
[_w b a ʔ s e ]_w
[_w χ i n d ]_w
[_w m e m ɔ n a n d ]_w
[_w ʃ e ʔ r ]_w
[_w b a h n ]_w
[_w z ɔ l χ ɔ ]_w
[_w b a s t ]_w
[_w b ɔ ʃ a n d ]_w
[_w d a χ k i ɡ i ]_w
[_w ɡ ɔ r e ]_w
[_w n ɔ m u s i ʃ ]_w
[_w n e r u k ɔ χ i ]_w
[_w m i z i ]_w
[_w z i n ɔ ]_w
[_w d a v s e ʔ a i ]_w
[_w χ ɔ n u m i ]_w
[_w ɡ e d i ]_w
[_w k u r ɵ h ]_w
[_w ɡ u m a t i ]_w
[_w m u t t a χ a i ]_w
[_w r a t ]_w
[_w dʒ a v ɔ b ]_w
[_w m u n ɔ s i r ]_w
[_w d ɔ d a a z d ]_w
[_w d u s t i ]_w
[_w q a r i p ]_w
[_w χ ɔ z d ]_w
[_w a n tʃ u m a n i ]_w
[_w r a f ɔ ]_w
[_w h ɔ l a t i ]_w
[_w z u χ t ]_w
[_w d i d a a n t ]_w
[_w h i s b i ]_w
[_w m a t ɔ n ]_w
[_w ɔ m ɔ r i ]_w
[_w m u r a k k a b ]_w
[_w b i ɡ z ɔ r ]_w
[_w d ɵ z d i ]_w
[_w b i t r ɔ ]_w
[_w r ɔ s t j ]_w
[_w p a j t i ]_w
[_w t a χ s i ]_w
[_w z ɔ l a i ]_w
[_w m u ɔ z i r ɔ ]_w
[_w f u r u k ]_w
[_w ɔ t a t a n ]_w
[_w χ a v z a i ]_w
[_w n a b u d a n d ]_w
[_w d ɔ s a ]_w
[_w v a j s ɔ b ɔ d ]_w
[_w ʃ ɔ j a t i ]_w
[_w d ɔ r ɔ i ]_w
[_w χ a t a r a k ]_w
[_w v a q t ]_w
[_w m a f ɔ r i d ]_w
[_w a v v a l i n ]_w
[_w z a b ɔ n m k ]_w
[_w q a r i b ]_w
[_w h a m l a ]_w
[_w z a χ m i ]_w
[_w k u n u n ]_w
[_w n e z t e m ]_w
[_w n e ɡ ]_w
[_w l i p ɔ s ]_w
[_w n a ʃ r ]_w
[_w d a v z e i ]_w
[_w d a k r i b a i ]_w
[_w d a r b ɔ r i ]_w
[_w h a j z i ]_w
[_w dʒ u n ɔ n ]_w
[_w m u d t a d ]_w
[_w a v ɡ ɔ n ]_w
[_w z i b a z ]_w
[_w v r ɔ n i ]_w
[_w k a d l i j a ]_w
[_w h a m i n ]_w
[_w i n d i χ ɔ m i ]_w
[_w z a χ n a ]_w
[_w b ɔ χ i ]_w
[_w m u r t a a m ]_w
[_w f a r ɔ n i ]_w
[_w f a z n i ]_w
[_w m e ɡ u n a d ]_w
[_w ɔ v a r i ]_w
[_w ɔ n tʃ ɔ ]_w
[_w χ ɔ h e t ]_w
[_w ʃ ɔ j a d ]_w
[_w d ɔ tʃ i ɡ ɔ n ]_w
[_w i s t ɔ n ]_w
[_w d a r χ ɔ r ]_w
[_w f ɔ r s ]_w
[_w v a s ]_w
[_w f a ʔ ɔ l ɔ n a ]_w
[_w s ɔ i r i ]_w
[_w t e h a i ]_w
[_w ʃ u r a v i ]_w
[_w h u s n i ]_w
[_w z u r a d ]_w
[_w t a f z i ]_w
[_w f a z ʔ i ]_w
[_w χ u d ]_w
[_w t a n d ]_w
[_w ɡ a t l ]_w
[_w ɔ z ɔ d i ]_w
[_w r a f t i ]_w
[_w m u z i ʃ i ]_w
[_w a h m a t i ]_w
[_w s i j ɔ z e ]_w
[_w r u j i ]_w
[_w m u χ t a r ɔ n ]_w
[_w a n t a k i ]_w
[_w m e b a r a n ]_w
[_w f ɔ r z i i ]_w
[_w χ u n a r χ ɔ i ]_w
[_w p ɔ n u ]_w
[_w k u z ɔ r i ]_w
[_w k ɔ χ i ]_w
[_w z a m i n χ ɔ n ]_w
[_w p ɔ r i ]_w
[_w ɔ r ɔ m ]_w
[_w t a j j ɔ r ]_w
[_w v a v ɔ d i ]_w
[_w a s n ɔ d i k i ]_w
[_w m a z n u n ]_w
[_w dʒ ɔ r i ]_w
[_w a ʔ s ɔ ]_w
[_w tʃ a n t ɔ n ]_w
[_w b a r q ]_w
[_w d a ʔ j i d i ]_w
[_w ɔ m ɵ z i ʃ ]_w
[_w m u v ɔ v i q i ]_w
[_w s i j ɔ d i ]_w
[_w a r s j ɔ b i ]_w
[_w ɔ s m u n i ]_w
[_w r a s ɔ n ]_w
[_w d a n i ]_w
[_w χ a n ɡ ɔ m i ]_w
[_w d ɔ d a n d ]_w
[_w a b t u l l ɔ ]_w
[_w n i z ]_w
[_w b a ʔ t a n ]_w
[_w z ɔ l e ]_w
[_w χ i z ɔ r ]_w
[_w b i t i ]_w
[_w a χ i r a n ]_w
[_w ɡ u j ɔ ]_w
[_w m ɔ t a r ]_w
[_w z a b s ]_w
[_w ɡ u v d a ]_w
[_w s a r d ]_w
[_w i d d a ʔ ɔ i ]_w
[_w l a χ s a d i ]_w
[_w r a k a t ]_w
[_w e ʔ d i m ɔ l i ]_w
[_w q a f l i d ]_w
[_w n a v i ]_w
[_w tʃ u m l a i ]_w
[_w p i ɡ u n a ]_w
[_w i ʃ ɔ n a i ]_w
[_w q a b i l i ]_w
[_w χ u t t ɔ r i ]_w
[_w s ɔ b i ɡ ]_w
[_w k a s i d a k i ]_w
[_w j ɔ b a n d u ]_w
[_w k a r d a n i ]_w
[_w k ɔ r h ɔ i ]_w
[_w χ a s t i ]_w
[_w s a t a a n t ]_w
[_w s a χ ɔ i ]_w
[_w d i f ɔ d a ]_w
[_w m e n a m u t ]_w
[_w n a z i r i ]_w
[_w n a v r u b ɔ i ]_w
[_w s a v a r r u m ]_w
[_w t a n z i l i ]_w
[_w j ɔ v ɔ n ]_w
[_w s i j ɔ s i ]_w
[_w m a ʃ χ u r i i ]_w
[_w n i ʃ ɔ b u n ]_w
[_w r a χ i ]_w
[_w v a r d ]_w
[_w b a χ u s t i n ]_w
[_w s a r ɔ s ]_w
[_w d a s t ɡ ɔ χ i ]_w
[_w a n ɡ u ]_w
[_w d a k j ]_w
[_w ɔ m i l i ]_w
[_w p e ɡ i n ]_w
[_w z a t χ ɔ ]_w
[_w ɔ z ɔ t ɔ n a t ]_w
[_w b ɔ z i χ ɔ i ]_w
[_w m e b i n e m ]_w
[_w ʃ i r ɡ a d ]_w
[_w m i l l i ɡ ]_w
[_w ɡ u f t a n ]_w
[_w s a m i n ]_w
[_w ʃ u r ɵ ʔ ]_w
[_w n ɔ d u r u k ]_w
[_w m e χ ɔ n a d ]_w
[_w ɔ m e χ t a r i ]_w
[_w m u χ ɔ tʃ i r i ]_w
[_w r a n ɡ ]_w
[_w q a b u l i s i ]_w
[_w ʃ u d a n d ]_w
[_w t ɔ z d ɔ r i ]_w
[_w k ɔ r ]_w
[_w s a f ɔ r i ]_w
[_w p e ʃ i n i ]_w
[_w tʃ e m ]_w
[_w k i t ɔ p i ]_w
[_w χ i r a t ]_w
[_w m a r d a ]_w
[_w h a r tʃ a n d ]_w
[_w b ɔ i s ]_w
[_w f u ɡ u ʔ i ]_w
[_w s u χ a n i ]_w
[_w f a n n i i ]_w
[_w m e χ u r a t e ]_w
[_w m a dʒ l i z i ]_w
[_w χ a m v ɔ l i ]_w
[_w m a b l a k i i ]_w
[_w s ɔ χ t a i ]_w
[_w s ɔ s i ]_w
[_w z a n k t u d a ]_w
[_w d i d ɔ r a m ]_w
[_w m u χ ɔ k i m ]_w
[_w f a q a d ]_w
[_w i ɡ d ɔ r i ]_w
[_w ʃ a n b e ]_w
[_w ɡ ɔ d i b i ]_w
[_w ʃ e ʔ r h ɔ ]_w
[_w χ ɔ r i tʃ a ]_w
[_w q u t r a t ]_w
[_w m a r t ]_w
[_w m u n d a ʃ i ]_w
[_w dʒ a n ɔ b i ]_w
[_w t i d a a z d ]_w
[_w n i j ɔ n ]_w
[_w t i d ɔ i ʃ ]_w
[_w s i j ɔ z a t ]_w
[_w d ɔ s a e ]_w
[_w ʃ a v a n d a ]_w
[_w d a r a f i ]_w
[_w tʃ a n d ɔ z a ]_w
[_w i d d i f ɔ ʔ ]_w
[_w a r s a j ]_w
[_w b ɔ r z i ]_w
[_w t u l ɔ r ]_w
[_w m u a l l i f i ]_w
[_w v a r h a n ɡ i ]_w
[_w z ɔ l i m ɔ f ]_w
[_w u s b a d a r i ]_w
[_w n a v a z d ]_w
[_w m e k u n e d ]_w
[_w m a j t ɔ n ]_w
[_w d ɵ s t i ]_w
[_w f a q t e ]_w
[_w tʃ ɔ j k i r ]_w
[_w m u j a s s a d ]_w
[_w χ i j ɔ b ɔ n i ]_w
[_w i f a s ]_w
[_w d i b q i ]_w
[_w ʃ a v a m ]_w
[_w χ ɔ h a t ]_w
[_w s a v i ]_w
[_w m i n ]_w
[_w h a z d e m a i ]_w
[_w t a f r e ]_w
[_w n a q ʃ h ɔ i ]_w
[_w v z e ]_w
[_w z u χ b a d i n ]_w
[_w r u z z i j a ]_w
[_w h a m tʃ u n i n ]_w
[_w ɡ u s a ʃ t a i ]_w
[_w t ɔ d ɔ n i ʃ ]_w
[_w v i ʃ t ɔ s b ]_w
[_w tʃ ɔ j ɡ ɔ h i ]_w
[_w s a n a i ]_w
[_w a k s a r ]_w
[_w z i n d a ]_w
[_w k a r ɔ n i ]_w
[_w b i s a r i ]_w
[_w m a m ɔ l i ]_w
[_w q ɔ n u n h ɔ i ]_w
[_w s a f a ]_w
[_w l a b ]_w
[_w a r a b i ]_w
[_w s a n ʔ a d i ]_w
[_w ʃ u χ r a t i ]_w
[_w f a s l ]_w
[_w ɡ u n u n ]_w
[_w a h m a t ]_w
[_w χ u n a r ]_w
[_w f a v ɔ d d i ]_w
[_w i t m i n ɔ n ]_w
[_w n ɔ t i d a n i ]_w
[_w a v ɔ χ i r i ]_w
[_w a n d ɔ n ]_w
[_w t a r i ]_w
[_w m a f z u d a ]_w
[_w k a t a r a m ]_w
[_w d i d ɔ r ]_w
[_w f l a t i ]_w
[_w t ɔ ʃ t ]_w
[_w i n s ɔ n ]_w
[_w χ u k u m a d i ]_w
[_w k u r u ʃ ]_w
[_w r ɔ n a n t ]_w
[_w tʃ a ʃ n i ]_w
[_w t a s t r a s ]_w
[_w d a r f ɔ z ]_w
[_w f a r z i i ]_w
[_w t a m ɔ t i ]_w
[_w k u r u χ i ]_w
[_w k a n t ]_w
[_w ɡ u n e m ]_w
[_w ɔ χ a n d a n ]_w
[_w χ i t ɔ j ]_w
[_w ʁ u d u d i ]_w
[_w χ a r ɡ i ]_w
[_w d ɔ d ɡ ɔ χ i ]_w
[_w s a f ɔ r ]_w
[_w tʃ ɔ i s a i ]_w
[_w a n d a k a ]_w
[_w ɔ r d ]_w
[_w t a m ɔ ʃ ɔ i ]_w
[_w t i ɡ a r ]_w
[_w χ ɔ h a n d ]_w
[_w p a r ɔ j a ʃ ]_w
[_w ɔ l i m ɔ n i ]_w
[_w d a f r i d a ]_w
[_w t a r dʒ u m a n ]_w
[_w s ɵ j i ]_w
[_w t a q r i b a n ]_w
[_w χ u z u z i ]_w
[_w b a χ ɔ r ]_w
[_w z ɔ l i ]_w
[_w ʃ ɔ k i r d ]_w
[_w j u z u f ]_w
[_w p ɔ z ɔ r i ʃ i ]_w
[_w χ ɔ t i ]_w
[_w n a f a s ]_w
[_w b ɔ d i ]_w
[_w a l ɔ q a i ]_w
[_w ɔ m r i ɡ ɔ ]_w
[_w a k s a t ]_w
[_w k a r d ]_w
[_w b e d ɔ r a i ]_w
[_w u z d ɔ i ]_w
[_w m a t r a χ ]_w
[_w χ a d t ɔ ]_w
[_w m u z d i ]_w
[_w i n ʃ ɔ ]_w
[_w χ a r p ]_w
[_w p a s t a ]_w
[_w m u s t a ]_w
[_w e m ɔ m a l i ]_w
[_w s i j ɔ t ]_w
[_w l a d i f i ]_w
[_w t i d i ]_w
[_w p a j r a f i ]_w
[_w m e n ɔ m a ʃ ]_w
[_w h a v ɔ i ]_w
[_w s ɔ χ d ɔ r i ]_w
[_w k a r i ]_w
[_w d a ʔ z i s i ]_w
[_w a k a t ]_w
[_w a v r ɔ n i i ]_w
[_w χ ɔ d i z a i ]_w
[_w d a k ]_w
[_w d u f f u m ]_w
[_w d ɔ i r a i ]_w
[_w r u s i r ]_w
[_w s a t a n i ]_w
[_w d ɔ d ]_w
[_w tʃ a t i d ]_w
[_w v a ʔ ɔ l ɔ n i ]_w
[_w m ɔ n d a r ]_w
[_w t a n i ]_w
[_w k i ʃ v a r e ]_w
[_w p a r a n ]_w
[_w f i ʃ ɔ r i ]_w
[_w t ɔ d ɡ ɔ χ i ʃ ]_w
[_w k a r d ɔ ]_w
[_w χ a d a r ]_w
[_w ɡ a j r a ]_w
[_w m u χ t ]_w
[_w p u d a n i ]_w
[_w k u ʃ i ]_w
[_w d u χ d a r ]_w
[_w p e m ɔ r i i ]_w
[_w h i z ]_w
[_w t e r ]_w
[_w m a r d a n ]_w
[_w z i b a s ]_w
[_w s ɔ l a i ]_w
[_w b ɔ p i ]_w
[_w d a r ɔ n i ]_w
[_w i s l ɔ h ɔ d i ]_w
[_w d u χ t a ]_w
[_w v a s ɔ d ]_w
[_w b ɔ z ɡ a r ]_w
[_w a z ɔ s a t i ]_w
[_w d a r ɔ s i ]_w
[_w t a ʔ m i n ]_w
[_w h a r k i s ]_w
[_w d ɔ ʃ t a n ]_w
[_w a d r ɔ ]_w
[_w z i n d a k a i ]_w
[_w r u z i ]_w
[_w k a s ɔ n ]_w
[_w k ɔ r ɔ d i ]_w
[_w m e b a r a t ]_w
[_w e tʃ ɔ t ]_w
[_w r a f t a r i ]_w
[_w b e ʃ t a r i ]_w
[_w a z b a s k i ]_w
[_w s i n d a q a ]_w
[_w f a r ɔ m a t ]_w
[_w t ɔ s t ɔ ʃ t i ]_w
[_w ɡ ɔ tʃ ɔ k i ]_w
[_w k ɔ n s e r t i ]_w
[_w n ɔ d i ]_w
[_w q a l ʔ a i ]_w
[_w ɡ a r ɔ n i ]_w
[_w t a f a l l u d ]_w
[_w dʒ i h a t ]_w
[_w m ɔ ʃ i n ]_w
[_w ɡ u f t ]_w
[_w ɔ m ɔ d a r ]_w
[_w m u ʃ k i l ]_w
[_w a m n i j a d i ]_w
[_w p ɔ s ]_w
[_w f z e ]_w
[_w v ɔ r s i ]_w
[_w t ɔ t a n i ]_w
[_w v a v ɔ t i ]_w
[_w k a b i r a i ]_w
[_w v a l s a v a r ]_w
[_w p u r z i ʃ ]_w
[_w χ a m l a i ]_w
[_w f a k t e ]_w
[_w k ɵ t ɔ h ]_w
[_w m a r ɔ d a ]_w
[_w d i k a r ]_w
[_w m a r ɔ z i i ]_w
[_w a v z ɔ i ʃ i ]_w
[_w f a n dʒ ]_w
[_w m a s k u n i ]_w
[_w d ɔ r a n d ]_w
[_w s u χ a n r ɔ ]_w
[_w b e χ t a r i ]_w
[_w m a ʃ ʁ u r ]_w
[_w m ɔ d a r ɔ n ]_w
[_w n ɔ s i b ]_w
[_w i m z ɔ ]_w
[_w b a r ɔ m a d a ]_w
[_w t a h z i l ]_w
[_w m a s ʔ a l a i ]_w
[_w s a r a ʃ ]_w
[_w b a r d a n ]_w
[_w d i d a a s t ]_w
[_w k u s a ʃ t ]_w
[_w p a ʔ t i ]_w
[_w t ɵ z t i ]_w
[_w z a r u ]_w
[_w p a r q a r ɔ r ]_w
[_w d e v ɔ r ]_w
[_w i f a s i r i ]_w
[_w d a χ a m ]_w
[_w r ɵ h i ]_w
[_w ʃ a j d ɔ i ʃ i ]_w
[_w d a v r a χ ɔ i ]_w
[_w z a i d ɔ f ]_w
[_w b ɔ r s i i ]_w
[_w n a v i i ]_w
[_w h a s ]_w
[_w n a tʃ ɔ t i ]_w
[_w χ u l ɔ z a ]_w
[_w v i l ɔ j a d i ]_w
[_w s ɔ z a d i ]_w
[_w v i ʃ t a ]_w
[_w f a s ʔ i ]_w
[_w d i d ɔ i ʃ i ]_w
[_w t a z d i q ]_w
[_w m a ʔ l u m ɔ n ]_w
[_w b a r n ɔ m a ]_w
[_w b a r tʃ a n d i ]_w
[_w f a s ɔ r ɔ n ]_w
[_w z ɔ l a ]_w
[_w h a q ]_w
[_w n i ʃ ɔ b u r ]_w
[_w s a l ɔ m i ]_w
[_w p ɔ v a r i ]_w
[_w b a j m ɔ n i ]_w
[_w m a r ɡ a s ]_w
[_w tʃ a v ɔ b i t ]_w
[_w ɡ u s ɔ r i ]_w
[_w d u r ɵ χ ]_w
[_w k a r t u ]_w
[_w m u s i k i i ]_w
[_w b u r u z d a m ]_w
[_w m a n ʔ ]_w
[_w ɔ s ɔ d i r ɔ f ]_w
[_w a q i t a ]_w
[_w χ a s i n a i ]_w
[_w k u z a ʃ t ]_w
[_w ʃ a k l h ɔ i ]_w
[_w r u s i i ]_w
[_w i r ɔ a ]_w
[_w ɡ a r t ]_w
[_w t ɔ r i z i ]_w
[_w n i ʃ a s t i k ]_w
[_w ʃ u a r ɔ i d i ]_w
[_w d u r u z t a m ]_w
[_w s i j ɔ χ ]_w
[_w ɔ v a r a ʃ ]_w
[_w k a m i ]_w
[_w z a n ɡ ]_w
[_w χ u dʒ a n d ɔ n ]_w
[_w f a s e ʔ ]_w
[_w χ a m tʃ u n i n ]_w
[_w t a l a b i ]_w
[_w r a f ɔ n i ]_w
[_w k a j d ]_w
[_w m e r a s a t ]_w
[_w m e r a z i d ]_w
[_w h a q i q i ]_w
[_w ɔ s ɔ d i r a ]_w
[_w χ ɔ r i dʒ a i ]_w
[_w e d ɔ k ɔ ]_w
[_w d a dʒ l i s i ]_w
[_w k a ʃ i d ]_w
[_w ɔ f t ɔ b ]_w
[_w ɔ k t j a b r i ]_w
[_w z a s ɔ v ɔ r ]_w
[_w z ɔ h i l i ]_w
[_w d i χ a t ]_w
[_w t a r a dʒ a i ]_w
[_w ʃ u d a a z d ]_w
[_w k u z ɔ r ]_w
[_w dʒ i χ a t i ]_w
[_w tʃ a m ʔ i j a t ]_w
[_w s u r χ ]_w
[_w m a t ɔ r i ]_w
[_w i t t i n ]_w
[_w i s χ ɔ r i tʃ ]_w
[_w z a r v a r i ʃ ]_w
[_w m e b ɔ i s t ]_w
[_w l ɔ n d ɔ n ]_w
[_w t ɔ r n a m ɔ z ]_w
[_w h u k u m a t ]_w
[_w d a r k ]_w
[_w ɔ v d ɔ p i ]_w
[_w i s t e m ]_w
[_w m a dʒ b u r ]_w
[_w d a a s t ]_w
[_w d a r χ i l a i ]_w
[_w k a t r ]_w
[_w i n z ɔ n i j a ]_w
[_w b ɔ n u v ɔ n ]_w
[_w s i j ɔ s i i ]_w
[_w k ɔ r ɔ t i b a ]_w
[_w a d l i ]_w
[_w i ʃ ɔ r i ]_w
[_w f a r m ɔ n i ]_w
[_w n a s a r h ɔ i ]_w
[_w j a h u v a ]_w
[_w d a r d a a m ]_w
[_w n a χ ɔ h a d ]_w
[_w m a χ s u z ]_w
[_w t u z d ɔ d ]_w
[_w h n i d ]_w
[_w b a d ɔ n ]_w
[_w χ a d d ɔ r i ]_w
[_w m a r d u m i ]_w
[_w a f ɔ m i ]_w
[_w n a m ɔ e m ]_w
[_w k u d a k ɔ n i ]_w
[_w m a χ s u s ]_w
[_w m e j ɔ v d a ]_w
[_w b a d i d ]_w
[_w p a r ɡ a s i ]_w
[_w p u n j ɔ d i ]_w
[_w z a d a m ]_w
[_w i b r ɔ h i ]_w
[_w χ e ʃ u ]_w
[_w r a χ ]_w
[_w d a k v i j a t ]_w
[_w χ ɔ z t a m ]_w
[_w j ɔ r i i ]_w
[_w a r d i b i ]_w
[_w z a v i r i ]_w
[_w χ ɔ r i dʒ a ]_w
[_w m a q ɔ l a ]_w
[_w h a m r ɔ h ]_w
[_w p a n t a i ]_w
[_w p ɔ b ɔ tʃ ɔ n ]_w
[_w χ u dʒ a n d ]_w
[_w s u r a i ]_w
[_w m u a l l i i ]_w
[_w a k s a t i ]_w
[_w p ɔ z b a s k i ]_w
[_w i m r ɵ s ]_w
[_w dʒ ɔ j i s a i ]_w
[_w n j u ]_w
[_w ɔ v ɔ z ]_w
[_w m a h t u d ]_w
[_w n a t ɔ r a t i ]_w
[_w a r d i ʃ i ]_w
[_w f ɔ s i ]_w
[_w n a χ u z d i ]_w
[_w d u n b ɔ l i ]_w
[_w b a h ɔ r ]_w
[_w k i r ]_w
[_w t ɔ i m ɔ ]_w
[_w v a q d i ]_w
[_w n u s χ a i ]_w
[_w s a d χ ɔ ]_w
[_w ɔ s e b ]_w
[_w s i j ɔ s ]_w
[_w n i h ɔ d h ɔ i ]_w
[_w χ u b e ]_w
[_w m a r d u ʃ d i ]_w
[_w ɔ v ɔ z i t a i ]_w
[_w m ɔ n t a r i ]_w
[_w ɡ i l ]_w
[_w n u r ]_w
[_w ɔ s ɔ n ]_w
[_w f i l m ]_w
[_w z u k t ]_w
[_w t a r m ɔ n ]_w
[_w z a r ʃ ɔ r ]_w
[_w t a ʔ v a t i ]_w
[_w v a s ɔ d i ]_w
[_w s i n t a k e ]_w
[_w n a s ɔ r ɔ n ]_w
[_w d a f l a d i ]_w
[_w k a j ]_w
[_w m a ɔ r i v ]_w
[_w m u q ɔ b i l i ]_w
[_w n a m u t ]_w
[_w q ɔ b i l i ]_w
[_w χ a s ɔ r ]_w
[_w s ɔ h i b ]_w
[_w ɔ k ɔ i ]_w
[_w d a χ m i n ]_w
[_w z i j ɔ i i ]_w
[_w t a l ɔ i l i ]_w
[_w m e r ɔ s i ]_w
[_w p a i ]_w
[_w ɔ j a t i ]_w
[_w r ɵ i ]_w
[_w n a m ɔ n i ]_w
[_w p a r r a s i t ]_w
[_w f a r ɔ ]_w
[_w p u r d ]_w
[_w u r ɔ ]_w
[_w s i j ɔ d a ]_w
[_w ʃ a χ s a n ]_w
[_w dʒ a n u b i ]_w
[_w v ɔ j a ]_w
[_w k u m a t ]_w
[_w k ɵ m a k ]_w
[_w a f ɡ ɔ n ]_w
[_w b a r ɔ d i b ]_w
[_w b u r s i ʃ i ]_w
[_w a χ m a t i ]_w
[_w ɔ r t ]_w
[_w r ɔ ʁ u n ]_w
[_w k u n u n i ]_w
[_w n i k ɔ r ]_w
[_w z u r ʔ a d i i ]_w
[_w p u d u ]_w
[_w ɔ m a d a a s t ]_w
[_w χ a n u s ]_w
[_w ɡ u t a k i ]_w
[_w t ɔ r i χ i ]_w
[_w b a r i n ]_w
[_w χ a t m ]_w
[_w s a b a b i ]_w
[_w t a ʔ k i d ]_w
[_w i j ɔ l ɔ t a r ]_w
[_w k a r d a a s t ]_w
[_w j a ɡ e ]_w
[_w v ɔ r s u ]_w
[_w f ɔ χ i d χ ɔ i ]_w
[_w b i z a n a t a ]_w
[_w n a v r a ]_w
[_w ʃ u m ɔ r i i ]_w
[_w b a r h a m ]_w
[_w m e b ɔ ʃ a n t ]_w
[_w d a z d ɔ n ]_w
[_w z a b z ]_w
[_w χ i s ]_w
[_w ʃ a v χ a i ]_w
[_w t a j j ɔ f i ]_w
[_w t i d a n d ]_w
[_w tʃ i r ɔ ]_w
[_w s a l ɔ m ]_w
[_w z i n e m ]_w
[_w χ u t ɡ u ʃ i ʃ ]_w
[_w m a h a l l i ]_w
[_w m a f z u n ]_w
[_w m i l l a d i ]_w
[_w b ɔ r a i ]_w
[_w χ i d m a d ]_w
[_w b a χ ʃ ]_w
[_w e d ɔ m ]_w
[_w k ɔ tʃ ɔ ɡ i ]_w
[_w m a r ɔ d i b a ]_w
[_w tʃ a n ɔ b e ʔ ]_w
[_w m e d ɔ n a i ]_w
[_w n ɔ m i d a i ]_w
[_w d a χ k i k i ]_w
[_w r u b a r u ]_w
[_w m a z ʔ a l a i ]_w
[_w χ a r tʃ i ]_w
[_w s u ɡ u d i ]_w
[_w dʒ u z ]_w
[_w a d a b i r i ]_w
[_w i n d i z ɔ d i ]_w
[_w n ɔ m i d a ]_w
[_w tʃ a h ɔ n ]_w
[_w t a h t i ]_w
[_w a m ɔ r a i ]_w
[_w d i d a m ]_w
[_w t a ʃ e ]_w
[_w i b r ɔ s i ]_w
[_w s u χ a n ɡ ]_w
[_w a h m a d i ]_w
[_w χ u k u m a t i ]_w
[_w m a v r i ]_w
[_w m a q ɔ l a i ]_w
[_w k u r u χ χ ɔ i ]_w
[_w ɔ d i n ]_w
[_w i χ t i l ɔ ʔ ]_w
[_w m a n d ]_w
[_w b ɔ t ]_w
[_w χ i f z i ]_w
[_w m ɔ d a ]_w
[_w p ɔ r s i i ]_w
[_w r a i s i ]_w
[_w p ɔ r a i ]_w
[_w i r ɔ q ]_w
[_w b ɔ f a r ]_w
[_w n a m u d h ɔ i ]_w
[_w t a k m i l ]_w
[_w e χ z ɔ z i ]_w
[_w f ɔ q e i ]_w
[_w a ʔ z ɔ i ]_w
[_w f a r q ]_w
[_w t i d a ]_w
[_w s ɔ i r ɔ f ]_w
[_w t u l ɔ r r ɔ ]_w
[_w dʒ u n ɔ n tʃ i ]_w
[_w e ʔ t i k ɔ r i ]_w
[_w p i s a n a t ]_w
[_w m ɔ n a d ]_w
[_w b a r v i ]_w
[_w r ɔ b i d a i ]_w
[_w u s v i ]_w
[_w ɔ n h ɔ i ]_w
[_w v a l e ]_w
[_w q a d l ]_w
[_w v e ʔ l a n ]_w
[_w d i h a d ]_w
[_w ɡ ɔ z ]_w
[_w p u χ ɔ r ɔ ]_w
[_w z i n f i ]_w
[_w u s t u f ɔ n i ]_w
[_w b i s a n d ]_w
[_w b a j v a n d i ]_w
[_w a s i z a m ]_w
[_w v ɔ r s ]_w
[_w d a k m i l ]_w
[_w χ a m i n a i ]_w
[_w tʃ a v ɔ n ]_w
[_w t a ʔ r i χ ]_w
[_w t i tʃ ɔ r a d i ]_w
[_w ʃ i k ɔ j i ]_w
[_w ʃ u d a a s t ]_w
[_w d a b ʔ ]_w
[_w ɡ ɔ n s e r d i ]_w
[_w t a n χ ɔ ]_w
[_w s u l t ɔ n ]_w
[_w u s m ɔ n i ]_w
[_w m a ʔ l u m ɔ d ]_w
[_w s u r u d ]_w
[_w χ a z d i ]_w
[_w n i m ]_w
[_w t a b a s s u v ]_w
[_w m u n d a ʃ i r ]_w
[_w ɡ i s ɔ i ]_w
[_w v a s i r ]_w
[_w r ɔ h b a r i i ]_w
[_w k ɔ h e ]_w
[_w ɔ m ɵ s i ʃ i ]_w
[_w h u k u m a k i ]_w
[_w h ɔ l i i ]_w
[_w t a h i j a i ]_w
[_w i s t i ]_w
[_w m u z a l m ɔ n ]_w
[_w r a f ɔ b ]_w
[_w ʃ a χ s ɔ n i d ]_w
[_w d a b ɔ t u l i ]_w
[_w h i v z ]_w
[_w a r z a i ]_w
[_w n i s p a d i ]_w
[_w v i l m i ]_w
[_w n a k l ]_w
[_w k u s ɔ ʃ t ]_w
[_w k a r n a ]_w
[_w s a n k ]_w
[_w m u z i q i ]_w
[_w χ ɔ l ]_w
[_w p ɔ s i ]_w
[_w p ɔ k j ]_w
[_w ʃ i m ɔ l u ]_w
[_w n a z a r ɔ s ]_w
[_w ʁ a m a i ]_w
[_w t ɔ dʒ i ɡ ]_w
[_w tʃ a χ ɔ n i ]_w
[_w i d ɔ r ]_w
[_w n a b u d a ]_w
[_w f i ɡ r i ]_w
[_w d a r m ɔ n i ]_w
[_w z ɔ χ t i ]_w
[_w ɔ m ɔ r i i ]_w
[_w d ɔ tʃ i ɡ j ]_w
[_w h a j s i ]_w
[_w f ɔ l ɔ k t a ]_w
[_w s a r u r a t ]_w
[_w dʒ i n ɔ χ i ]_w
[_w b a t ɔ n i ʃ ]_w
[_w b ɔ v a r ]_w
[_w i dʒ r ɔ i ]_w
[_w s i n d a ]_w
[_w m e χ ɔ s t a ]_w
[_w n i ɡ ɔ r ]_w
[_w m u z b a k ]_w
[_w f a q t i ]_w
[_w b a h ɔ r a d i ]_w
[_w k a m ɔ l i k i ]_w
[_w i n χ ɔ i ]_w
[_w b i j ɔ d i ]_w
[_w j a k ɔ n a ]_w
[_w χ ɔ r i tʃ a i ]_w
[_w i d d i ]_w
[_w k a b l ]_w
[_w χ a r a ʃ ]_w
[_w d ɔ dʒ i ɡ ]_w
[_w r a v ɔ n a ]_w
[_w k ɔ k t a ]_w
[_w m e r a f a t ]_w
[_w m i s ɔ l a k i ]_w
[_w m u χ t ɔ r i ]_w
[_w n e s t ]_w
[_w d ɔ t ɔ n i ʃ i ]_w
[_w d a r b ɔ ]_w
[_w z e r ]_w
[_w ɡ ɔ χ i ]_w
[_w ɡ ɔ r ]_w
[_w b u d i ]_w
[_w k a r d i t a ]_w
[_w v a ɔ ]_w
[_w χ ɔ z i r i ]_w
[_w t a r ɡ ]_w
[_w ʃ e n e r ɔ l ]_w
[_w l ɔ s i m ɔ i i ]_w
[_w t ɔ n a t ]_w
[_w t a b ɔ b a t ]_w
[_w b a j t i ]_w
[_w s e r ɡ e j ]_w
[_w χ a j ɔ t i ]_w
[_w f i ʃ ɔ r ]_w
[_w v a r ɔ h a m ]_w
[_w ʃ ɔ χ n ɔ m a ]_w
[_w t i χ a d ]_w
[_w b a ʔ d a n ]_w
[_w m u ʃ ɡ i l ]_w
[_w s ɔ ɡ i n i ]_w
[_w i s l ɔ m i ]_w
[_w p ɔ r l u m ɔ t ]_w
[_w f ɔ s e ʔ ]_w
[_w d a ʃ e ]_w
[_w i n d e r n e t ]_w
[_w d a χ t i t ]_w
[_w a l b a t t a l ]_w
[_w s a d a h ɔ i ]_w
[_w u s t ɔ n i ʃ ]_w
[_w d a r χ ɔ s t ]_w
[_w s a m ɔ n ɔ v ]_w
[_w m u s i k i ]_w
[_w d a h s i ]_w
[_w s ɔ m ɔ n a n t ]_w
[_w d ɔ n a d ]_w
[_w p ɔ j a t ]_w
[_w i n ɡ l i j a i ]_w
[_w ʃ a r m ]_w
[_w b a n b ɔ r i ]_w
[_w ɡ ɵ l ɔ b ]_w
[_w l a d i m ]_w
[_w dʒ u m l a ]_w
[_w ɡ u l ]_w
[_w d a r t u m i ]_w
[_w s a r u ]_w
[_w k u n a m ]_w
[_w l u n a ]_w
[_w k u ʒ i ʃ ]_w
[_w b i r u s ]_w
[_w k a d i ]_w
[_w v ɔ z i ]_w
[_w m a q s a d ]_w
[_w m a q s a d i ]_w
[_w χ u z u z ]_w
[_w a d a b i ]_w
[_w i ʃ t i r ɔ v ]_w
[_w f ɔ j a ]_w
[_w e ʔ d i k ɔ t i ]_w
[_w p i j ɔ d i ]_w
[_w u s u l m ɔ n ]_w
[_w z a b ɔ n u ]_w
[_w e ʃ ɔ n ]_w
[_w a t a b i ]_w
[_w m e ɡ u n i ʃ i ]_w
[_w m a b ɔ l i ɡ ]_w
[_w p a r χ u r d u ]_w
[_w e ʔ d i b ɔ n i ]_w
[_w χ i z z i ]_w
[_w e n e r ʒ i ]_w
[_w d u j u m ]_w
[_w s i n d a k i l ]_w
[_w dʒ ɔ i ]_w
[_w k ɔ f i ]_w
[_w m ɔ n t a n i ]_w
[_w i d d a ʔ ɔ ]_w
[_w m a ɔ ʃ ]_w
[_w ʃ a ʃ m a ]_w
[_w s ɔ h a i ]_w
[_w m ɔ d a k i l ]_w
[_w m e s ɔ s a d ]_w
[_w ɡ a s ɔ n t ]_w
[_w tʃ a l b i ]_w
[_w d i r u z ]_w
[_w p a h ɔ i ]_w
[_w r u z k ɔ r ]_w
[_w tʃ ɔ n i b i ]_w
[_w tʃ u m χ u r ]_w
[_w z ɔ l ɔ n i ]_w
[_w m a n s a b ]_w
[_w e ʔ t i r ɔ v ]_w
[_w a b a t ]_w
[_w p a t t a z ]_w
[_w f ɔ χ i r i ]_w
[_w z u χ a n ɡ u ]_w
[_w a n d a r i ]_w
[_w r u z i j a ]_w
[_w i n ɡ i ʃ ɔ f i ]_w
[_w n a k u n a n t ]_w
[_w i k t i z ɔ r ]_w
[_w n a r m ]_w
[_w h ɔ k i m i ]_w
[_w p a d a r u n i ]_w
[_w m u χ a d d ɔ ]_w
[_w s ɔ χ i p i ]_w
[_w a b t u l l ɔ r ]_w
[_w ɡ a r ɔ n ]_w
[_w p a s i ]_w
[_w t i h a n d ]_w
[_w i z p ɔ d ]_w
[_w m e d i χ a t ]_w
[_w t a v l i t ]_w
[_w a k s a r i ]_w
[_w j e s l i ]_w
[_w d ɔ n i ]_w
[_w m i r ]_w
[_w m i l l a t e ]_w
[_w a d l i j a ]_w
[_w m e ʃ a v e t ]_w
[_w h i s ɔ b ]_w
[_w d a f a r i ]_w
[_w z i n a ]_w
[_w dʒ a n t ]_w
[_w f a s i ]_w
[_w n i χ ɔ d i m a ]_w
[_w d a h z i l i ]_w
[_w a v ɔ m ]_w
[_w d a m e ]_w
[_w b ɔ n ɡ i ]_w
[_w d u ʒ i ]_w
[_w b ɔ ɡ u ]_w
[_w e ʔ d i b ɔ r a ]_w
[_w n i ɡ ɔ χ i ]_w
[_w z i b ɔ s i ]_w
[_w b ɔ m i r ]_w
[_w tʃ i n ɔ j a b r ]_w
[_w n a k u n ]_w
[_w r u ʃ a n b e ]_w
[_w f a k a r n a ]_w
[_w m e d ɔ n a t ]_w
[_w i ʃ q ]_w
[_w m a r ɔ t i ]_w
[_w n a b u t ]_w
[_w d a h s i l i ]_w
[_w m u v ɔ f i ɡ ]_w
[_w ʃ ɔ d i ]_w
[_w ʃ e v a i ]_w
[_w t e v ɔ n i ]_w
[_w f i l m i i ]_w
[_w k a j t ]_w
[_w i r t i b ]_w
[_w m i n r ɔ ]_w
[_w s u l ɔ l i ]_w
[_w t a k ]_w
[_w s u χ a n ]_w
[_w p a r i n ]_w
[_w p a r tʃ a n t ]_w
[_w z a n ʔ a t i ]_w
[_w n a χ ɔ χ a t ]_w
[_w t a s t i ]_w
[_w ɔ d a m ɔ ʃ ɔ i ]_w
[_w r ɔ j ɡ ɔ χ i ʒ ]_w
[_w k i ʃ v a r i ʃ ]_w
[_w i ʃ q i ]_w
[_w ɡ a j ]_w
[_w z a t r i ]_w
[_w a b r e l i ]_w
[_w χ ɔ z d a a z d ]_w
[_w m e r a v a n t ]_w
[_w l a h s a t i i ]_w
[_w ʃ a h r a k i ]_w
[_w b ɔ p ɔ e v ]_w
[_w i r d i b i ]_w
[_w s ɔ l χ ɔ ]_w
[_w d ɔ tʃ i k ɔ n ]_w
[_w v a r j ɔ f t i ]_w
[_w m a v ɔ d t ]_w
[_w j ɔ d a ]_w
[_w k a l ɔ n ]_w
[_w n i k ɔ h i ]_w
[_w j u m i ]_w
[_w b a r ɡ i s ]_w
[_w t a v ɔ n a ]_w
[_w m a k s i ]_w
[_w r ɔ z j ]_w
[_w ɔ ʃ i q ]_w
[_w m i l l j ]_w
[_w ɔ s ɔ r i ]_w
[_w m u χ ɔ l i ]_w
[_w h a m ɔ n ]_w
[_w d i n ]_w
[_w s ɔ ʔ a t ]_w
[_w e h t i r ɔ m i ]_w
[_w s a r f ]_w
[_w a s i z i ]_w
[_w tʃ a m ʔ i j a d ]_w
[_w m a v z u t ]_w
[_w ɡ a j r a h ɔ ]_w
[_w n a m u d i r i ]_w
[_w tʃ ɔ z d ]_w
[_w v a d a n i ]_w
[_w tʃ ɔ m e a i ]_w
[_w d ɔ m a ]_w
[_w d i χ a n d ]_w
[_w r a v ɔ b i ]_w
[_w r ɔ j ɡ ɔ χ i ʃ ]_w
[_w n a d ɔ d ]_w
[_w h ɔ l e ]_w
[_w t i l ]_w
[_w f i r d a v z i ]_w
[_w m a ʃ k u l i ]_w
[_w s a t ɔ i dʒ i ]_w
[_w d a k j i r ]_w
[_w tʃ a n ɡ ]_w
[_w p e ʃ ɡ a ʒ ]_w
[_w t a χ i j a ]_w
[_w r a m a s ɔ n i ]_w
[_w n u ɡ d a ]_w
[_w f ɔ r z i r ɔ ]_w
[_w d a b ɔ d i ]_w
[_w t a s t ɔ n ]_w
[_w k a z d i ɡ i ]_w
[_w ɡ a l ɔ m a t ]_w
[_w f i ʃ a i ]_w
[_w m a ɡ ɔ m i l i ]_w
[_w e tʃ ɔ d ]_w
[_w m a h r u m ]_w
[_w χ a z ɔ r ]_w
[_w t u χ d a l i f ]_w
[_w ɡ u r u χ ]_w
[_w ʃ a r i f ɔ v ]_w
[_w e dʒ ɔ d i ]_w
[_w m a ʔ m u r i ]_w
[_w k a b l a χ i ]_w
[_w n a b u d ]_w
[_w n i ʃ ɔ n a i ]_w
[_w t u s t ɔ n ]_w
[_w m a n ɔ b e ʔ ]_w
[_w r ɵ z n ɔ m a e ]_w
[_w m i s ɔ l i ]_w
[_w a k b a r i i ]_w
[_w d a b ʔ i ]_w
[_w r a ʃ i d a ]_w
[_w k u f t a n ]_w
[_w m u t ɔ l i b ]_w
[_w h a q i q a t ]_w
[_w t ɵ z d i ]_w
[_w m e b u d ]_w
[_w s e b j a ]_w
[_w tʃ ɔ i ]_w
[_w ʃ i n ɔ χ t a ]_w
[_w m a v z u ʔ i ]_w
[_w m a ɡ z i ]_w
[_w dʒ a h ɔ n i i ]_w
[_w χ a m e ]_w
[_w b a d a n ]_w
[_w r a s ɔ n a ]_w
[_w m u ɡ i m i ]_w
[_w b i r a i ]_w
[_w n a d ɔ n i z d ]_w
[_w b a h z ]_w
[_w χ a t ]_w
[_w b u s u r i ]_w
[_w h a j ɔ d ]_w
[_w f a r z ɔ b ]_w
[_w f a j r ɔ n ]_w
[_w m a q s a t ]_w
[_w ɡ i d ɔ b i ]_w
[_w j a k u m i t a ]_w
[_w k ɔ r e ]_w
[_w b ɔ b a t ]_w
[_w χ a l ]_w
[_w s i s t e m i k ]_w
[_w t ɔ tʃ i k ɔ n i ]_w
[_w r a z m i m i ]_w
[_w m a n d a ]_w
[_w t ɵ l i ]_w
[_w a n d a k a r d ]_w
[_w m i s ɔ n i ]_w
[_w n a v b a t i n ]_w
[_w n a t ɔ r i s ]_w
[_w v a s ʔ i ]_w
[_w ɔ k d j a b r ]_w
[_w t i n u ]_w
[_w ɔ z i j u ]_w
[_w t i r ]_w
[_w t i b k i ]_w
[_w t u v ɔ r ]_w
[_w k u r ʔ ɔ n ]_w
[_w b a k t ɔ d ]_w
[_w p e d ɔ r a n d ]_w
[_w f ɔ t ɔ r ]_w
[_w ʃ u d a n ]_w
[_w m e m ɔ n a ]_w
[_w z u r u d ]_w
[_w dʒ a l b ]_w
[_w d a n k a r a ʃ ]_w
[_w n a b ɔ j a d ]_w
[_w h ɔ z i r i ]_w
[_w m u ʃ a χ χ a z ]_w
[_w d e s ]_w
[_w p e m ɔ r ɔ ]_w
[_w ɔ z i j ɔ d e ]_w
[_w b a r t a n ]_w
[_w ɔ χ ɔ z i r ɔ ]_w
[_w h u q u q i ]_w
[_w ʃ a r k i ]_w
[_w ɡ ɔ ɡ t a ]_w
[_w d i r u s ]_w
[_w ɔ m a d a ]_w
[_w m e v a ]_w
[_w u m e t i χ a d ]_w
[_w m e h r i ]_w
[_w ɔ r a t i ]_w
[_w s ɔ t t a i ]_w
[_w ɔ k ɔ s i ]_w
[_w n a f ʔ e ]_w
[_w b a r ]_w
[_w i t ɔ r a n t ]_w
[_w s e n t j a b r ]_w
[_w s a n ʔ a t i i ]_w
[_w z u χ a n ɡ i ]_w
[_w k a b l a n ]_w
[_w v a r s i ]_w
[_w m a z ɔ i ]_w
[_w z i n d ɔ n i ]_w
[_w a z ɔ z i r ɔ ]_w
[_w m u d d a χ a m ]_w
[_w i s t i f ɔ tʃ ]_w
[_w χ a s a n ]_w
[_w k ɔ v i ]_w
[_w s a f t ɔ t ]_w
[_w n ɔ j a t i ]_w
[_w h a m ɔ n e ʔ ]_w
[_w t ɔ r a t ]_w
[_w m ɔ ʃ n ɔ ]_w
[_w p ɔ ʒ a n d ]_w
[_w χ a r v ]_w
[_w v u r u k ]_w
[_w a s b a s ]_w
[_w l ɔ s i ]_w
[_w ɔ d t i ]_w
[_w ɔ χ a n ɡ i ]_w
[_w m u s a l ]_w
[_w m a t a n ]_w
[_w t ɔ d ɔ tʃ ɔ n i ]_w
[_w χ a t t i r ]_w
[_w r a s m a n ]_w
[_w i l l a d r ɔ v ]_w
[_w s ɔ j a ]_w
[_w χ ɔ ʁ a m ]_w
[_w b a s t a n d ]_w
[_w p r i ]_w
[_w t a r d ]_w
[_w v a z ʔ i ]_w
[_w a k s ]_w
[_w n ɔ χ i ]_w
[_w χ a r tʃ a n d ]_w
[_w i n d i ʃ ɔ r i ]_w
[_w t a r s ]_w
[_w k i m m a d i ]_w
[_w m e ɡ a r t a r ]_w
[_w p u r u n ]_w
[_w tʃ u m h u r i i ]_w
[_w s u v l ɔ i ]_w
[_w ɡ ɔ d a ]_w
[_w a n tʃ u m a i ]_w
[_w n i s b a t ]_w
[_w t a v r ɔ t e ]_w
[_w t e v ɔ r ]_w
[_w m u s ɔ d i ]_w
[_w n i s ɔ m ]_w
[_w f ɔ z i ]_w
[_w χ a l q ]_w
[_w tʃ i s i ]_w
[_w dʒ a n ɡ i ]_w
[_w f u tʃ u d i ]_w
[_w m e b ɔ ʃ a n d ]_w
[_w n e z d e m ]_w
[_w ɔ n ɔ n ]_w
[_w t u r ɔ ]_w
[_w p ɔ s ɔ r ]_w
[_w a r z j ɔ b i ]_w
[_w a v s a i ]_w
[_w dʒ ɔ n ]_w
[_w t u z d ɔ d a ]_w
[_w χ u r t i ]_w
[_w z ɔ l h ɔ i ]_w
[_w n a b ɔ ʃ a n t ]_w
[_w t a ʔ z i r i ]_w
[_w t a r z a n t ]_w
[_w p u l i ]_w
[_w p i j ɔ d e ]_w
[_w ɔ ɡ ɔ z i ]_w
[_w t a r a f ]_w
[_w z ɔ l ]_w
[_w i tʃ t i m ɔ l i ]_w
[_w b ɔ z b a z ɡ i ]_w
[_w e ʔ l ɔ n ]_w
[_w u k r a i n a ]_w
[_w h a m tʃ u n ɔ n ]_w
[_w tʃ u n ]_w
[_w d u s e ]_w
[_w k ɔ ɡ t a ]_w
[_w t a χ k i ɡ ]_w
[_w a n d ɔ χ t i ]_w
[_w tʃ a l a z a i ]_w
[_w s i t ɔ r a t i ]_w
[_w ɔ b ɔ t ]_w
[_w k u ʒ i ]_w
[_w t ɔ d a ]_w
[_w ɡ ɵ d a k ɔ n ]_w
[_w f a t a n i ]_w
[_w χ ɔ n t ]_w
[_w s a j t i ]_w
[_w m e χ ɔ h a t ]_w
[_w χ a m a r ɔ t i ]_w
[_w m a r ɔ z a r i ]_w
[_w k a r b i j a i ]_w
[_w b i z d a ]_w
[_w m u χ a b b a t ]_w
[_w d a n q i t ]_w
[_w m u χ ɔ k i ]_w
[_w ɔ r z u χ ɔ i ]_w
[_w t a l ɔ ʃ ]_w
[_w d a ʔ l i f ]_w
[_w t a ʔ s i r ]_w
[_w m u v ɔ f i k ]_w
[_w χ a t i ]_w
[_w p ɔ r l u m ɔ n ]_w
[_w d ɔ ɡ d ɔ r i χ ]_w
[_w χ a m a k ]_w
[_w e ʔ d i b ɔ χ ]_w
[_w χ i s s i ]_w
[_w χ a z ɔ r a d ]_w
[_w χ u ʃ u n a t ]_w
[_w n a k s i m ]_w
[_w p a ʔ d ]_w
[_w f a s ]_w
[_w k u s a r ]_w
[_w t a b d i ]_w
[_w m a v z u m ]_w
[_w χ i s ɔ r ɔ n ]_w
[_w z ɔ ʔ a t ]_w
[_w ʃ i k a s t ]_w
[_w n ɔ d u r u s t ]_w
[_w f a s ɔ r a d ]_w
[_w m i l l i r ɔ ]_w
[_w ɔ ɡ ɔ χ ɔ n ]_w
[_w n ɔ m u s i q i ]_w
[_w b a s t a i ]_w
[_w b i ɡ u n a ]_w
[_w t u l l ɔ χ ]_w
[_w n ɔ m a e ]_w
[_w ɔ f ɔ s i d a n ]_w
[_w a n ɡ i ]_w
[_w χ u b u ]_w
[_w b ɔ k ]_w
[_w ʃ u t a n d ]_w
[_w m e t i χ a t ]_w
[_w n i r u ɡ ɔ χ ]_w
[_w p a r r a z i i ]_w
[_w u s b a k ]_w
[_w m ɔ l i j a ]_w
[_w r u j ]_w
[_w m u ʔ ɔ v i n i ]_w
[_w ɡ a r z a n d ]_w
[_w r ɵ z n ɔ m a i ]_w
[_w χ ɔ l e ]_w
[_w e h t i r ɔ z i ]_w
[_w z a v ɔ r i ]_w
[_w ʃ u r u ʔ ]_w
[_w d a tʃ ɔ v u z ]_w
[_w z ɔ m ɔ n a d ]_w
[_w f a r ɔ n ]_w
[_w t a f ɔ n ]_w
[_w m i s l i ]_w
[_w t a f l i ]_w
[_w k ɵ d a k ɔ n i ]_w
[_w p e χ t a r ]_w
[_w m a χ ɔ r ]_w
[_w s i j ɔ s ɔ f ]_w
[_w χ u z u s i ]_w
[_w k a ʃ t i ]_w
[_w ɡ ɔ χ e ]_w
[_w t e v ɔ n ]_w
[_w t a l e r ]_w
[_w s a r d ɔ n a m ]_w
[_w n i h ɔ d i s a ]_w
[_w v ɔ r s u χ ɔ i ]_w
[_w m e b ɔ ʒ a n d ]_w
[_w m e ɡ u n a i ]_w
[_w m i r z ɔ ]_w
[_w s i m ɔ v ]_w
[_w χ a m ɔ i ʃ i ]_w
[_w m e k i r a t ]_w
[_w a d ɔ l a t i ]_w
[_w t e v ɔ n a t ]_w
[_w r a v a d ]_w
[_w b i z a n d ]_w
[_w h a r d u ]_w
[_w r ɔ j ɡ ɔ n ]_w
[_w s a n ɡ ]_w
[_w k ɵ d a k ɔ n ]_w
[_w s a v ɔ l i ]_w
[_w i n t i χ ɔ b i ]_w
[_w m a h s ]_w
[_w m a q ɔ l a b i ]_w
[_w z u i ]_w
[_w χ ɔ k i m i ]_w
[_w s a p ɔ n i ]_w
[_w u z d ɔ n ]_w
[_w m u a z s i r ]_w
[_w ɡ a m i ]_w
[_w m a n u ]_w
[_w r u s t ɔ i ]_w
[_w m e ʃ a f a t ]_w
[_w ɡ ɔ v ]_w
[_w m a ʔ n ɔ i ]_w
[_w m u h ɔ tʃ i r i ]_w
[_w k ɔ r b u r d ]_w
[_w m a d ɔ n i ʃ i ]_w
[_w p e ʃ t a r i n ]_w
[_w k a t i m i r ]_w
[_w l e n i n ]_w
[_w f a z v i b i ]_w
[_w s a r tʃ a n t ]_w
[_w t a l e l ]_w
[_w χ u s u s i ]_w
[_w r a χ m ɔ n ]_w
[_w a χ m a d ]_w
[_w i q t i s ɔ d i ]_w
[_w n a v r u z ]_w
[_w dʒ ɔ e ]_w
[_w b u s u r k ]_w
[_w χ a d l ɔ n ]_w
[_w d a ʔ s i z i ]_w
[_w n a d ɔ r e m ]_w
[_w r e ʃ a i ]_w
[_w χ u s u r i j a ]_w
[_w d a r z i ]_w
[_w t a dʒ ɔ v u z ]_w
[_w i t ɔ r i ]_w
[_w ʃ u χ n ɔ n ]_w
[_w t i d a a s t ]_w
[_w m e b i n a n d ]_w
[_w h a v d a i ]_w
[_w v a r m ɔ n i ]_w
[_w m a n ɔ v e ʔ i ]_w
[_w m a ɡ ɔ m ]_w
[_w s a n k a k ]_w
[_w s a n u ]_w
[_w f i r i s t ɔ n ]_w
[_w t i j ɔ r ]_w
[_w d ɔ r a m ]_w
[_w k ɔ χ ]_w
[_w z i b ɔ z ]_w
[_w h i s b ]_w
[_w χ a m a i ]_w
[_w m ɔ r ɔ ]_w
[_w h a m a t ɔ n i ]_w
[_w v a h d a t ]_w
[_w n a f i ʃ t a m ]_w
[_w k u l l i ]_w
[_w f a s n i ]_w
[_w h a j ɔ d i ]_w
[_w t a z d r a s ]_w
[_w f a r χ ɔ r ]_w
[_w d a r s a d i ]_w
[_w χ ɔ r i dʒ i i ]_w
[_w t a a s t ]_w
[_w ʃ u d e m ]_w
[_w t a s t u ]_w
[_w d e h r ɔ n ]_w
[_w r ɔ s ]_w
[_w ɡ a r d e ]_w
[_w k a ʃ t a i ]_w
[_w t a s m i m ]_w
[_w ʃ i z n i ]_w
[_w s ɔ χ t a a s t ]_w
[_w ʃ ɔ i s t a ]_w
[_w m a s n u n ]_w
[_w m e b i n a t ]_w
[_w f i t j a ]_w
[_w ɔ ɡ ɔ i ]_w
[_w s ɔ l a k i i ]_w
[_w ɡ i r i f t a m ]_w
[_w n i s f i ]_w
[_w ʃ a r k i b i ]_w
[_w e ʔ d i r ɔ k ]_w
[_w k u d u b i ]_w
[_w t a l ɡ ɔ ]_w
[_w p u ʃ a j m ɔ n ]_w
[_w d ɔ r i χ ]_w
[_w χ ɔ s t a a s t ]_w
[_w tʃ e h r a i ]_w
[_w z i j ɔ z a t i ]_w
[_w i s l ɔ m i i ]_w
[_w m a d ɔ l a t ]_w
[_w u d ɔ k i ]_w
[_w t ɔ l l a r i ]_w
[_w d i f ɔ ɡ ]_w
[_w s a r z a j ]_w
[_w ʃ a v a n t ]_w
[_w b a l a ]_w
[_w t a b i ]_w
[_w s u b χ ]_w
[_w s a r u r a d ]_w
[_w t a χ s i i ]_w
[_w b ɔ r ɔ n ]_w
[_w z a b a b ]_w
[_w d a r a χ t i ]_w
[_w m i s r a i ]_w
[_w χ ɔ f a r ]_w
[_w r a s i t a ]_w
[_w s a n ɡ a k ]_w
[_w t ɔ ʃ t a n d ]_w
[_w t u ʒ a n b e ]_w
[_w m ɔ t a r i q i ]_w
[_w i n d i ɡ ɔ r ]_w
[_w k u r u ʁ i ]_w
[_w m e t ɔ t ]_w
[_w χ u b t a r ]_w
[_w h a l l i ]_w
[_w m u h ɔ ɡ i m i ]_w
[_w m e d ɔ d a n d ]_w
[_w ɡ a m ]_w
[_w r ɔ h b a r i n ]_w
[_w ɔ k ɔ χ i ]_w
[_w s a t r i ]_w
[_w v ɔ k e ʔ a n ]_w
[_w p a d ɔ n ]_w
[_w r a f t a n i ]_w
[_w r ɔ i tʃ ]_w
[_w χ ɔ z d a m ]_w
[_w ʃ ɔ i s t a r i ]_w
[_w χ u d ɡ u ʃ i ʃ ]_w
[_w m a r ɔ z i ]_w
[_w a χ t ɔ f i ]_w
[_w d u r ɡ i ]_w
[_w d i d a n d ]_w
[_w m a z m u n i ]_w
[_w ɔ s m ɔ n ɔ v ]_w
[_w v a s l i ]_w
[_w a z ɔ s ]_w
[_w a s i z ]_w
[_w m a ɔ r i f ]_w
[_w j a n f a r ]_w
[_w r a s i i ]_w
[_w s i k r i ]_w
[_w χ ɔ χ e d ]_w
[_w f i r i ]_w
[_w tʃ i k u ]_w
[_w p u d i ]_w
[_w b r e s l i ]_w
[_w v u r u ʃ i ]_w
[_w t a ɡ j ]_w
[_w dʒ ɔ r ]_w
[_w b e d ɔ r ]_w
[_w n a z d i q ]_w
[_w n u k d a i ]_w
[_w s a j d i ]_w
[_w k a d l ]_w
[_w tʃ ɔ j ɡ ɔ χ i ]_w
[_w p a ʔ t a n ]_w
[_w m u r ɔ tʃ i a d ]_w
[_w t a r b i j a ]_w
[_w χ ɔ t i s i ]_w
[_w m a r d u ]_w
[_w ʃ u m ɔ r i ]_w
[_w ʃ ɔ m i l ]_w
[_w ɡ a t r i ]_w
[_w v a r m ɔ ]_w
[_w t a r ɔ s i i ]_w
[_w z a m ɔ n ]_w
[_w m u b i n i ]_w
[_w r a s ɔ n a t ]_w
[_w s a b t i ]_w
[_w s a r a r ]_w
[_w s a n ɔ n i ]_w
[_w i χ t i j ɔ r ]_w
[_w p i s a n a t a ]_w
[_w p ɔ r s i ]_w
[_w i b t i t ɔ r ]_w
[_w v a r h a m ]_w
[_w b ɔ z ɔ r i ]_w
[_w ɔ z i j ɔ ]_w
[_w ʁ ɔ k i m i ]_w
[_w d u r s ɔ n ]_w
[_w m a k d a b i ]_w
[_w b a χ u s t ]_w
[_w r u s t ]_w
[_w ɔ m a d a t ]_w
[_w z ɔ h i r ]_w
[_w i χ t i s ɔ m ]_w
[_w m a r z ]_w
[_w f a n n i ]_w
[_w ɡ a z b i ]_w
[_w χ a m z ɔ j a i ]_w
[_w z i n d ɔ n ]_w
[_w b u s u r k e ]_w
[_w d ɔ k ɔ ]_w
[_w h a m r ɔ χ ]_w
[_w i d d i l ɔ v a ]_w
[_w dʒ ɔ m e a i ]_w
[_w ɔ m e χ t a ]_w
[_w d e ɡ a b r i ]_w
[_w i n ɡ i ʃ ɔ v ]_w
[_w k e d i ]_w
[_w a v z a i ]_w
[_w m a b ɔ l i k i ]_w
[_w i n d i ʒ ɔ r ]_w
[_w f a r ɔ f a t ]_w
[_w r a s i d a n i ]_w
[_w ʃ u n i d a ]_w
[_w a v ɡ u z d ]_w
[_w d ɔ dʒ i k j ]_w
[_w a r d i t a i ]_w
[_w s a n ɡ d u d a ]_w
[_w χ u ʃ u n a d ]_w
[_w m u ʃ ɔ h i ]_w
[_w f ɔ b a z d ]_w
[_w k u m i ]_w
[_w ɔ i d i ]_w
[_w r a d ]_w
[_w i j u l j a ]_w
[_w z e n d j a b r ]_w
[_w v a χ t a ]_w
[_w i s f a r a ʃ ]_w
[_w i r d i ɡ ɔ d ]_w
[_w χ i d m a t ]_w
[_w m e ɔ j a d ]_w
[_w tʃ u t ɔ ]_w
[_w p ɔ l i ɡ ]_w
[_w b u d a a m ]_w
[_w χ i z m a d i ]_w
[_w m a t l a b ]_w
[_w f ɔ χ i i ]_w
[_w j ɔ f t a n i ]_w
[_w b i z a r i ]_w
[_w d i t a a n t ]_w
[_w a f e s t a m ]_w
[_w d ɔ n a m ]_w
[_w n a s a r ɔ n ]_w
[_w z ɔ d a ]_w
[_w m a r s χ ɔ i ]_w
[_w m a r k a ʃ t ]_w
[_w t a χ l ]_w
[_w ʃ u m ɔ r a i ]_w
[_w b i r u s i ]_w
[_w χ e tʃ ]_w
[_w k u r u ʃ i ]_w
[_w χ ɔ n u m ]_w
[_w ɔ f ɔ s χ ɔ n ]_w
[_w ɡ ɵ ʃ i ʃ ]_w
[_w χ u s u r ]_w
[_w n a v b a d i ]_w
[_w n a ɡ z i ]_w
[_w b ɔ s ɔ r χ ɔ ]_w
[_w m a r t ɔ ]_w
[_w ʃ u r a f i ]_w
[_w ɔ s i j ɔ d ]_w
[_w m a r ɔ s a r i ]_w
[_w m a ʔ n a v i ]_w
[_w n a f ɔ d i ]_w
[_w s u r u d a k i ]_w
[_w χ ɔ t i s a ]_w
[_w p u t a a m ]_w
[_w j a ɡ ɔ n ]_w
[_w d ɔ χ i l i ]_w
[_w ɔ f a r a ʃ ]_w
[_w ʃ u d a m ]_w
[_w d ɔ ʃ d e m ]_w
[_w χ a r k i ]_w
[_w t e v ɔ r i ]_w
[_w p a j t ]_w
[_w m a ɔ ʃ i ]_w
[_w ɡ a v l i ]_w
[_w ʃ a χ s ]_w
[_w z a χ t ]_w
[_w i n z ɔ n r ɔ ]_w
[_w r ɵ d a ɡ ɔ n ]_w
[_w d ɔ s a i ]_w
[_w ɡ a s i j a ]_w
[_w k u n e m ]_w
[_w e ʔ t i b ɔ n i ]_w
[_w i n z ɔ n i d ]_w
[_w ɔ i n a ]_w
[_w ɔ m u s i ʃ i ]_w
[_w m a m l a i ]_w
[_w b ɔ z ɔ r i ʒ ]_w
[_w m e k u n e m ]_w
[_w ɡ u z t ]_w
[_w m a ʔ n i i ]_w
[_w dʒ a v ɔ n i ]_w
[_w dʒ a ʃ n ]_w
[_w i q t i s ɔ r i ]_w
[_w s a t a i ]_w
[_w χ a d m a n ]_w
[_w v a r ɔ d a ]_w
[_w k a l i m a i ]_w
[_w t i tʃ ɔ r i ]_w
[_w b i s j ɔ r ]_w
[_w m a n ɔ t i q i ]_w
[_w b i n ɔ b a r ]_w
[_w i f t i χ ɔ m i ]_w
[_w b u n j ɔ d i ]_w
[_w m e b ɔ ʒ a m ]_w
[_w ɡ i d ɔ b ]_w
[_w χ ɔ l i f ]_w
[_w s a l ɔ m a d i ]_w
[_w n a f b a t ]_w
[_w f u r u ʃ i ]_w
[_w ɔ i t ]_w
[_w ʃ i k a s t i ]_w
[_w n ɔ d u r u z d ]_w
[_w ʃ a m s i ]_w
[_w p a n t ]_w
[_w s u r a t i ɔ i ]_w
[_w m u a l l i v i ]_w
[_w ɡ a r s a t ]_w
[_w t e m u k r ɔ d ]_w
[_w k u n ɔ k u n ]_w
[_w i k t ɔ r i χ ]_w
[_w ɡ a t a r ]_w
[_w n i k a r e d ]_w
[_w t a k j a ]_w
[_w χ ɔ f i s ]_w
[_w k ɵ d ɔ h ]_w
[_w ɡ a ʃ t ]_w
[_w d ɔ d a m ]_w
[_w b ɔ z u χ ]_w
[_w ɡ u ʃ ɔ d ]_w
[_w b a r ɔ b a r i ]_w
[_w m a v h u m i ]_w
[_w d ɔ d ɡ ɔ h ]_w
[_w ʃ u m ɔ r a d i ]_w
[_w p a r ɡ i ]_w
[_w p ɔ b ɔ e v ]_w
[_w z ɔ ʁ d a a n d ]_w
[_w t a v z e i ]_w
[_w j a n v a r ]_w
[_w t ɔ n i ʃ i ]_w
[_w s a v ɔ l ]_w
[_w m e k u f t ]_w
[_w r ɔ χ χ ɔ i ]_w
[_w k ɵ ʃ a i ]_w
[_w v a r k ]_w
[_w ɡ ɔ n s e r t ]_w
[_w t i r a m ]_w
[_w t e k a b r i ɡ ]_w
[_w i s t e ʔ f ɔ ]_w
[_w s u j i ]_w
[_w ɡ u v d u k u ]_w
[_w ɔ s k a ʃ t a ]_w
[_w a ʔ s a n ]_w
[_w ɡ i l u k r ɔ m ]_w
[_w χ a b a r i i ]_w
[_w z p i d ]_w
[_w m e k a r d ]_w
[_w m u χ ɔ k i m i ]_w
[_w n a k u n e d ]_w
[_w p ɔ l ɔ ]_w
[_w z a v e t ]_w
[_w i d t i χ ɔ r ]_w
[_w s a r ɔ f ]_w
[_w i q d i s ɔ m i ]_w
[_w t a k r i b a n ]_w
[_w b ɔ ʒ a m ]_w
[_w k a m t a r ]_w
[_w ɔ ɡ ɔ l ɔ ]_w
[_w i n k l i j a i ]_w
[_w e h s ɔ s i ]_w
[_w χ ɔ n a t ]_w
[_w n ɔ h i j a ]_w
[_w k u z a ʃ t a ]_w
[_w b i k s ɔ r ]_w
[_w t e h r ɔ n ]_w
[_w s i m i ]_w
[_w t a k s i ]_w
[_w r u s χ ɔ i ]_w
[_w i z d i ]_w
[_w k u n a d ]_w
[_w h a z d i q ]_w
[_w dʒ a n u p ]_w
[_w s i m ɔ f ]_w
[_w n a v b a t ]_w
[_w b i j ɔ t ]_w
[_w m a s χ a b i ]_w
[_w tʃ e l ɔ v e k ]_w
[_w p a r r a s i i ]_w
[_w i d d i f ɔ ʔ i ]_w
[_w m e p ɔ i z ]_w
[_w ɡ u v d a χ ɔ i ]_w
[_w m a d a ]_w
[_w d a r tʃ u m a n ]_w
[_w n e r ɵ ɡ ɔ h i ]_w
[_w m a ʃ χ u r ]_w
[_w p ɔ z s ɔ z i r ]_w
[_w k u n s e r d ]_w
[_w ɔ m u χ t a r ]_w
[_w s u r a d e ]_w
[_w h a r b i ]_w
[_w k u n s e r d i ]_w
[_w l u ʃ k ɔ v ]_w
[_w h a d d i ]_w
[_w s a n i ]_w
[_w ɡ u v d a n i ]_w
[_w b a n d i ]_w
[_w r ɔ s s i j a ]_w
[_w n ɔ m z a d i ]_w
[_w a z i s i ]_w
[_w χ ɔ r i dʒ ]_w
[_w b e h t a r ]_w
[_w ɡ a j r ]_w
[_w m e j ɔ v d a n ]_w
[_w m a n ɔ t i ]_w
[_w j a ɡ u m ]_w
[_w h i m ɔ j a i ]_w
[_w χ ɔ v i s ]_w
[_w a k a d i ]_w
[_w f a s i l a i ]_w
[_w r ɵ z h ɔ i ]_w
[_w ɡ u f t ɔ r i ]_w
[_w t a ʔ j i d ]_w
[_w d i d ɔ i ʃ ]_w
[_w d ɔ ʒ k a n t ]_w
[_w z i k r ]_w
[_w d ɔ i r ]_w
[_w s u d ]_w
[_w j ɔ v d a n i ]_w
[_w ɔ s ɔ d ɔ n a t ]_w
[_w χ u d a m ɔ d i ]_w
[_w f e j s p u k ]_w
[_w χ a b a r i n ]_w
[_w k u f t a a s t ]_w
[_w d i r ]_w
[_w e ʔ t i b ɔ χ ]_w
[_w d a r a i ]_w
[_w m u χ i m ]_w
[_w i n t i ]_w
[_w ɔ b ɔ d ]_w
[_w b a r ɔ d i ]_w
[_w m a h ɔ r ]_w
[_w tʃ a v ɔ b i ]_w
[_w b ɔ i n ]_w
[_w χ a l l i ]_w
[_w ɔ h a n d ]_w
[_w r u s a i ]_w
[_w p e ʃ i ]_w
[_w d ɔ tʃ i k ɔ n i ]_w
[_w p a r v i ]_w
