[_w d a b ʔ ]_w
[_w r u z ]_w
[_w i n d i ]_w
[_w ɔ d i n ]_w
[_w n a m u d a n i ]_w
[_w e ʃ ɔ n ]_w
[_w tʃ ɔ b ]_w
[_w k u tʃ a k i i ]_w
[_w ɔ z m u n ]_w
[_w n i k a r ɔ r ]_w
[_w s i n ɔ ]_w
[_w d ɔ d ɡ ɔ χ i i ]_w
[_w k a z i ]_w
[_w n a m u t ]_w
[_w b a l k i ]_w
[_w q a d ɔ r i ]_w
[_w n a ʃ r i j a i ]_w
[_w n i h ɔ j a d ]_w
[_w m a v r i d a ]_w
[_w j a k ɔ n i ]_w
[_w m e d v e t e v ]_w
[_w r u z i ]_w
[_w s a b k i ]_w
[_w m a n s u b ]_w
[_w m u r ɡ i ]_w
[_w a v v a ɡ ]_w
[_w k ɔ m i ]_w
[_w m a f z u ʔ ]_w
[_w r a χ ɔ i ]_w
[_w i n r ɔ ]_w
[_w s a n a t i ]_w
[_w m u q a d t a ]_w
[_w ɔ b ɔ d i ]_w
[_w ʃ a r h i ]_w
[_w m a r t ]_w
[_w e r ɔ n r ɔ ]_w
[_w d ɔ tʃ i ɡ ]_w
[_w i s t e ʔ f ɔ ]_w
[_w d ɔ tʃ i k ]_w
[_w ɡ a j r i ]_w
[_w a r a b i ]_w
[_w p a r t ɔ χ t ]_w
[_w h a n k ɔ m i ]_w
[_w t ɔ d a n i ]_w
[_w z i m ɔ i ]_w
[_w f a ʔ t a i ]_w
[_w a ɡ a r ]_w
[_w χ u t a m ]_w
[_w d u b ɔ r i s a ]_w
[_w k u v d ]_w
[_w n a s m ]_w
[_w ʁ a r v ]_w
[_w f i r ɔ r ]_w
[_w z i n n i ]_w
[_w k a t ɔ m e ]_w
[_w m a ɔ ʃ i ]_w
[_w t a r v ɔ s ]_w
[_w s a v a r r ɔ ]_w
[_w s a r u r a t i ]_w
[_w b a t a r a v ]_w
[_w n a f a r r u m ]_w
[_w r a s i i ]_w
[_w t i k a r e d ]_w
[_w ɔ f t ɔ b ]_w
[_w d ɔ n i ʃ k ɔ χ ]_w
[_w z a t a n i ]_w
[_w ɔ f a r i ]_w
[_w ʃ e r ɔ z i ]_w
[_w s i r i ]_w
[_w f a t a n ]_w
[_w ɵ s t ]_w
[_w tʃ a m ʔ i j a t ]_w
[_w n e k i ]_w
[_w k i ʃ v a r a d ]_w
[_w b a χ r i m a n ]_w
[_w p r i ]_w
[_w k u f t ɔ r ]_w
[_w s ɔ s m ɔ n ]_w
[_w χ a l ]_w
[_w n i k a χ ]_w
[_w e χ t i m ɔ ʔ i ]_w
[_w j a k t i ]_w
[_w r u d χ ɔ n a ]_w
[_w m i l l i ]_w
[_w ʃ u m ɔ r ]_w
[_w f i r u s ]_w
[_w m ɔ d a r a m ]_w
[_w t ɔ s a e ]_w
[_w s ɔ χ i b ]_w
[_w d u l i ]_w
[_w m l n ]_w
[_w n a j ]_w
[_w m a v ɔ d d ]_w
[_w d a m ɔ n ]_w
[_w d ɔ d u ]_w
[_w m e d ɔ t ]_w
[_w s a d ɔ ]_w
[_w χ a d a r ]_w
[_w k ɔ n u n i ]_w
[_w m u ʃ k i l i ]_w
[_w z u r a t ]_w
[_w b ɔ s ɔ r i ]_w
[_w t u r u k ]_w
[_w p ɔ ʔ i s i ]_w
[_w r ɔ i tʃ ]_w
[_w d a r m ɔ n ]_w
[_w m a k d a b ]_w
[_w k u f t u k u ]_w
[_w t a ʔ z i r i ]_w
[_w ɔ j ɔ ]_w
[_w χ ɔ n ]_w
[_w d e k a b r i ]_w
[_w ɔ r e ]_w
[_w s i j ɔ d ]_w
[_w ʁ a b a r i ]_w
[_w j a h u f a ]_w
[_w a χ l ɔ k i ]_w
[_w z b i t ɔ m a i ]_w
[_w s a d a a n d ]_w
[_w p a t a n d ]_w
[_w m u n t a ʃ i r ]_w
[_w k u l ]_w
[_w n i ʃ a z d a ]_w
[_w r ɔ h i ]_w
[_w f a j z ɔ b ɔ t ]_w
[_w s u χ t ]_w
[_w a d a b i i ]_w
[_w s ɔ χ t ]_w
[_w i m z ɔ l i ]_w
[_w t ɔ χ i l i ]_w
[_w n a m ɔ i ]_w
[_w n a f b a t i ]_w
[_w s a r d ɔ χ t i ]_w
[_w ɡ ɔ n u n i ]_w
[_w f ɔ r i ]_w
[_w m e d r ]_w
[_w b e z ]_w
[_w χ a z d i k i i ]_w
[_w ʁ u t ]_w
[_w n a v ʔ ]_w
[_w χ a l q i i ]_w
[_w s a b ɔ n χ ɔ ]_w
[_w v i t e ɔ ]_w
[_w χ a f ɔ d a ]_w
[_w h a m l a k a j ]_w
[_w tʃ ɔ i s a ]_w
[_w i ʃ t i r ɔ s ]_w
[_w m i s r a i ]_w
[_w i s t e ʔ v ɔ i ]_w
[_w χ ɔ h i ʃ i ]_w
[_w t ɔ m a i ]_w
[_w m e d a v ɔ n i ]_w
[_w f ɔ r s i ]_w
[_w n ɔ m a n t a i ]_w
[_w b i j ɔ d i ]_w
[_w m u d ɔ l i b ]_w
[_w d a v l a d r ɔ ]_w
[_w k u m ]_w
[_w a n dʒ u m a n ]_w
[_w n i ʃ ɔ n i ]_w
[_w a d i b ɔ χ ]_w
[_w ɡ ɔ r i ]_w
[_w v ɔ k e ʔ a n ]_w
[_w χ a j ɔ l i ]_w
[_w χ ɔ s t a ]_w
[_w ɡ i l u v ɔ d ]_w
[_w a v a s t a ]_w
[_w v a k i d i ]_w
[_w ɡ ɵ ʃ a i ]_w
[_w ʃ ɔ i r ]_w
[_w dʒ ɔ j ɡ i r ]_w
[_w s a t ɔ ]_w
[_w z a r m ɔ n i ]_w
[_w f ɔ q e a n ]_w
[_w ʃ ɔ χ n ɔ m a i ]_w
[_w χ i l ɔ f i ]_w
[_w m e l ɔ t i ]_w
[_w χ ɔ r i dʒ i ]_w
[_w i s l ɔ m ]_w
[_w s a v ɔ d ]_w
[_w b a n t ]_w
[_w ɔ f ɔ s i l a i ]_w
[_w m i l l i j a ]_w
[_w a k s i ]_w
[_w k a r d i ]_w
[_w u s m ɔ n i ]_w
[_w tʃ i s t ]_w
[_w k u r ʔ ɔ n ]_w
[_w f ɔ l ɔ k t a ]_w
[_w m a tʃ m u ʔ ]_w
[_w d a s t u ]_w
[_w m a n ɔ b i ]_w
[_w ɔ k d j a b r i ]_w
[_w s a n ɔ n i ]_w
[_w χ u k u m a k i ]_w
[_w b ɔ n ɡ ]_w
[_w n a d ɔ n ]_w
[_w χ a l q i ]_w
[_w ʃ ɔ χ i ]_w
[_w d a r a tʃ a i ]_w
[_w ɡ ɵ j ɔ ]_w
[_w n u q t a i ]_w
[_w t a ʔ z i s i ]_w
[_w tʃ u m l a ]_w
[_w χ ɔ n a i ]_w
[_w s a r t u m i ]_w
[_w a l ɔ q a i ]_w
[_w χ u s u z i ]_w
[_w ɡ a s b i ]_w
[_w dʒ a ʃ n i ]_w
[_w χ a l k ]_w
[_w r u ʃ a n b e ]_w
[_w ɔ n h ɔ ]_w
[_w χ i s b i ]_w
[_w χ ɔ n d a n d ]_w
[_w m i n d a ɡ e ]_w
[_w ɔ χ i r i ]_w
[_w dʒ ɔ r i ]_w
[_w t u ʃ i ]_w
[_w ɡ u v d a ]_w
[_w j e m u ]_w
[_w m u χ a b b a d ]_w
[_w e χ t i m ɔ l ]_w
[_w r a t i ]_w
[_w k u f t a n ]_w
[_w ɔ n χ ɔ e ]_w
[_w ʃ a r ɔ f a d ]_w
[_w k u n z e r d ]_w
[_w m a s ʔ u d ]_w
[_w b a s i ]_w
[_w p ɔ b ɔ e v ]_w
[_w b ɔ ɡ u ]_w
[_w k a r d a n ]_w
[_w u z d u v ɔ r ]_w
[_w k i r ]_w
[_w p i z i ]_w
[_w χ ɔ l ɔ ]_w
[_w j a k e ]_w
[_w p a r n ɔ m a ]_w
[_w t a s v i r i ]_w
[_w v a r ɔ f a d ]_w
[_w m e r a v a n d ]_w
[_w b ɔ i s i ]_w
[_w b a z d ]_w
[_w d a χ k i k ]_w
[_w n i r u χ ɔ i ]_w
[_w t ɔ tʃ i ɡ i i ]_w
[_w ʃ u d e m ]_w
[_w χ a b a r ]_w
[_w p ɔ s l e ]_w
[_w χ a t a f i ]_w
[_w s u r ʔ a t i ]_w
[_w f a s i f a ]_w
[_w ɔ n tʃ ɔ ]_w
[_w n a m u t h ɔ i ]_w
[_w ɡ u f t ]_w
[_w ʃ i r k a d i ]_w
[_w d i n ]_w
[_w k u v d a χ ɔ i ]_w
[_w ɔ z ɔ d i ]_w
[_w k u ʃ i ]_w
[_w d u r k i ]_w
[_w i l m i j u ]_w
[_w r a d i ]_w
[_w tʃ u n ]_w
[_w b a j m ɔ n i ]_w
[_w e d ɔ ]_w
[_w p u tʃ a i ]_w
[_w m a ʃ h u r i i ]_w
[_w k ɔ l ɔ ]_w
[_w s u l h ]_w
[_w k ɔ r χ ɔ ]_w
[_w tʃ ɔ m e ʔ a i ]_w
[_w m i j ɔ n a i ]_w
[_w k u tʃ ]_w
[_w d ɔ r a i ]_w
[_w t a dʒ ɔ v u s ]_w
[_w z ɔ χ i r ]_w
[_w ɡ ɔ h i ]_w
[_w b u d i ]_w
[_w l a s s a l ]_w
[_w j ɔ f t a n i ]_w
[_w h u q u q ]_w
[_w ʃ a ʃ ]_w
[_w m a r t u m ]_w
[_w k u l u ]_w
[_w f ɔ i t a ]_w
[_w q i s m i ]_w
[_w ɔ m a t a ]_w
[_w n i χ ɔ j a t ]_w
[_w p a r v ]_w
[_w s ɔ χ t ɔ r i ]_w
[_w r u b a r u ]_w
[_w f ɔ s e ʔ ]_w
[_w k u f t ]_w
[_w s a b z ]_w
[_w t a f l a t j ]_w
[_w i ʃ q ]_w
[_w s u l ɔ l ]_w
[_w v ɔ q e a n ]_w
[_w d a tʃ ɔ f u z ]_w
[_w m a s ɔ i l i ]_w
[_w a m a l i ]_w
[_w b e ʃ t a r i n ]_w
[_w p ɔ d ʃ ɔ χ i n ]_w
[_w k u n a n d ]_w
[_w χ a r a k a t ]_w
[_w m ɔ ʃ e d ]_w
[_w ɡ u dʒ ]_w
[_w s a n ɡ a k ]_w
[_w b i r a i ]_w
[_w m u d d a r ]_w
[_w f a j z ɔ b ɔ d ]_w
[_w m ɔ n e ]_w
[_w b a r ɡ u ]_w
[_w b a r χ e ]_w
[_w a v ɡ ɔ n ]_w
[_w f a r χ a n ɡ ]_w
[_w b a r k i ]_w
[_w d a ʔ r i χ i i ]_w
[_w m e k u j a m ]_w
[_w m i l l a d ]_w
[_w r u s χ ɔ ]_w
[_w v a j r ɔ ]_w
[_w χ ɔ d i s a ]_w
[_w b a j v a n t ]_w
[_w b i r a v a d ]_w
[_w ɔ b ɔ t i ]_w
[_w a k s a r i ]_w
[_w χ i f s ]_w
[_w i n d i ʃ ɔ r a ]_w
[_w k u n a t ]_w
[_w ɔ l i m ɔ n i ]_w
[_w h a l ]_w
[_w d a f ɔ n ɔ d i ]_w
[_w r a v d a ]_w
[_w n ɔ m i ]_w
[_w t u l i ]_w
[_w a v d ɔ t ]_w
[_w i ʃ ɡ ]_w
[_w d a n ]_w
[_w a s n ɔ d i k i ]_w
[_w χ u b ]_w
[_w m i j ɔ n a ]_w
[_w χ u d ɔ j ɔ ]_w
[_w h ɔ z i l ]_w
[_w m u a l l i m i ]_w
[_w r ɔ h b a r i i ]_w
[_w m a b l a k ]_w
[_w i n d i z ɔ r ]_w
[_w k u f t a ]_w
[_w d a k s i ]_w
[_w m a z i r i ]_w
[_w m u a r r i v i ]_w
[_w b ɔ r a ]_w
[_w r a z ɔ n d ]_w
[_w i p ɔ r ]_w
[_w m a r k a z i ]_w
[_w m i s ɔ l ]_w
[_w r i z ɔ l a t i ]_w
[_w tʃ a v ɔ b ]_w
[_w tʃ a n u b i ]_w
[_w m a r d u ]_w
[_w r a v d a r i ]_w
[_w m a r t ɔ n a t ]_w
[_w i s t i ]_w
[_w s a i t ɔ v ]_w
[_w dʒ i s e r ɔ ]_w
[_w i s ɔ ]_w
[_w m a s t ɔ n ]_w
[_w d u l ɔ n i ]_w
[_w j ɔ d ]_w
[_w k u dʒ ɔ ]_w
[_w b ɔ ʃ i ]_w
[_w d a k r i b a n ]_w
[_w f i ɡ r ]_w
[_w p ɔ s i ]_w
[_w χ u d ɔ i ]_w
[_w e r ɔ n j ]_w
[_w n a s m i j a t ]_w
[_w i l m u ]_w
[_w ʃ a v a n t ]_w
[_w b a d i d ]_w
[_w i l l a d e ]_w
[_w b a ʔ t a n ]_w
[_w d a v z i ]_w
[_w a v s ɔ i ʃ i ]_w
[_w n a b ɔ ʃ a n t ]_w
[_w k u d a k ɔ n a ]_w
[_w χ ɔ f a r i ]_w
[_w m a k ɔ l a ]_w
[_w s a d h i ]_w
[_w χ a m ]_w
[_w χ ɔ s i ]_w
[_w χ a r i d a ]_w
[_w m i r z ɔ e v ]_w
[_w p a r k i s ]_w
[_w ʃ ɵ r ɔ i ]_w
[_w s a r i ]_w
[_w a f r ɔ d i b i ]_w
[_w m a ʔ m u l a n ]_w
[_w b a d d a ]_w
[_w χ a f u r ɔ f ]_w
[_w i n d i s ɔ r i ]_w
[_w b e t ɔ r a i ]_w
[_w b a r e ]_w
[_w χ a m a ɡ i ]_w
[_w h a m z a m ɔ n ]_w
[_w p i r ]_w
[_w b a r n ɔ m a e ]_w
[_w ɡ u f t u k ɵ ]_w
[_w r a s ɔ n i ]_w
[_w b ɔ b ɔ i ]_w
[_w s a l ɔ m a t a ]_w
[_w r ɵ z ]_w
[_w t a r v e ʃ ]_w
[_w ɡ a m i n h ɔ i ]_w
[_w s ɔ b i k ]_w
[_w p a d i ]_w
[_w χ a m a k ]_w
[_w χ ɔ n d a a n d ]_w
[_w p a r ɡ i ]_w
[_w n e ɡ i ]_w
[_w s a n a d ]_w
[_w i m ɔ n ]_w
[_w r u z d a m ]_w
[_w ʃ e ʔ r h ɔ i ]_w
[_w ɔ s t ɔ n i ]_w
[_w n a d i tʃ a i ]_w
[_w m u m k i n ]_w
[_w s ɔ h i b ]_w
[_w ʃ a d i d ]_w
[_w χ a m z a m ɔ n ]_w
[_w k a t l i j a i ]_w
[_w b a j v a z d a ]_w
[_w m a b n i ]_w
[_w i dʒ t i m ɔ i ]_w
[_w ɔ s m ɔ n ]_w
[_w s a r u r ]_w
[_w m e k a ʃ a d ]_w
[_w p a r ɔ b ]_w
[_w k u n u n ]_w
[_w s a v ɔ r ]_w
[_w h a z t e m i ]_w
[_w b u ʃ t ]_w
[_w i t i ]_w
[_w b a r ɔ i d i ]_w
[_w d a v l a d i ]_w
[_w i j u l i ]_w
[_w p a ɡ d ɔ d ]_w
[_w h a r tʃ a n d ]_w
[_w n ɔ j a t ]_w
[_w k i d ɔ b e i ]_w
[_w ɡ a ʃ t a ]_w
[_w r a k a t ]_w
[_w a h ɔ l i i ]_w
[_w v a r m ɔ n i ]_w
[_w t a r s ]_w
[_w h i n d ]_w
[_w χ ɔ r i tʃ i ]_w
[_w b a r ɔ i d ]_w
[_w ʃ e n e r ʃ i ]_w
[_w a ʃ u ]_w
[_w m u χ d ]_w
[_w a n ɡ l i z i ]_w
[_w m a f l ɔ n ɔ ]_w
[_w ɡ ɔ r h ɔ i ]_w
[_w b e m ɔ r ɔ ]_w
[_w m e b ɔ ʃ a t ]_w
[_w k u n a m ]_w
[_w b i j ɔ ]_w
[_w b i n ɔ ]_w
[_w d a a s t ]_w
[_w e h s ɔ l ]_w
[_w v ɔ l ɔ ɡ d a ]_w
[_w ʃ a v e d ]_w
[_w b a h n ]_w
[_w dʒ a f ɔ n ɔ n i ]_w
[_w m a k ɔ m χ ɔ i ]_w
[_w i r ɔ a i ]_w
[_w tʃ a l b i ]_w
[_w b ɔ ʁ i ]_w
[_w ɔ r i j u ]_w
[_w χ ɔ h a n t ]_w
[_w t ɔ n ɔ ]_w
[_w h a r b i ]_w
[_w b i m ɔ n ]_w
[_w s a m i n i ]_w
[_w i f t i χ ɔ b i ]_w
[_w d ɵ z d ]_w
[_w t ɔ d a n d ]_w
[_w t ɔ ʃ t ]_w
[_w ɵ h t a ]_w
[_w n ɔ h i j a ]_w
[_w m a f z e i ]_w
[_w χ i j ɔ b ɔ n ]_w
[_w χ a b a r i i ]_w
[_w t a h d i ]_w
[_w r ɔ n a n d ]_w
[_w k u d u b i ]_w
[_w χ ɔ r i ]_w
[_w m u s i ʃ i ]_w
[_w χ a s t a ]_w
[_w m a v z u ʔ ]_w
[_w m e χ v a r i ]_w
[_w n a s ]_w
[_w k a m ɔ l i ]_w
[_w a z ɔ s i i ]_w
[_w a j n i ]_w
[_w s a n a d a ]_w
[_w d a r ɔ z i ]_w
[_w m e χ r ]_w
[_w χ a t t ɔ ]_w
[_w m e b ɔ i z t a ]_w
[_w ʃ a χ s i ]_w
[_w χ ɔ r i dʒ i i ]_w
[_w d ɔ l ɔ r i ]_w
[_w p i k i r ɔ m ]_w
[_w n a v b a d i n ]_w
[_w p ɔ q i ]_w
[_w dʒ ɔ l i b ]_w
[_w b u d ]_w
[_w l a b i ]_w
[_w z ɔ h i r ]_w
[_w z i m n i ]_w
[_w n a v b a d ]_w
[_w k ɔ r r ɔ ]_w
[_w m a t n ]_w
[_w p ɔ j d a χ t i ]_w
[_w z a ʔ u d i ]_w
[_w t e χ k ɔ n i ]_w
[_w ɔ d a m ɔ m i ]_w
[_w s u i z ]_w
[_w s a χ d ]_w
[_w tʃ u m ʔ a ]_w
[_w b a r f a r i ]_w
[_w t ɔ b ]_w
[_w h a r ]_w
[_w z u r a i ]_w
[_w z a v a r ]_w
[_w t a v a tʃ tʃ u χ ]_w
[_w f u r s a d i ]_w
[_w d e a t r ]_w
[_w u m r ]_w
[_w s a r v ]_w
[_w u f t ɔ d a ]_w
[_w p u t a n i ]_w
[_w r e χ t ]_w
[_w d e χ ]_w
[_w ʃ a r ɔ i d i ]_w
[_w k a r n a ]_w
[_w v a r ɔ n i j u ]_w
[_w ɔ t a m i ]_w
[_w j ɔ v d a ]_w
[_w s a m i n a ]_w
[_w a k e n d i i ]_w
[_w tʃ a r ɔ i m i ]_w
[_w ʃ a v ]_w
[_w d a r k ɔ r ]_w
[_w s a r u r a d ]_w
[_w z i j ɔ d ]_w
[_w l a χ s a n ]_w
[_w k u r u ʃ ]_w
[_w r ɔ s s i i ]_w
[_w b ɔ χ i ]_w
[_w ɔ n r ɔ ]_w
[_w m a z n u n ]_w
[_w n a d ɔ d ]_w
[_w s a n ʔ a t ]_w
[_w k a m i n a ]_w
[_w i j u n i ]_w
[_w t a ʔ z i z i ]_w
[_w s ɔ z i ]_w
[_w b a n d ]_w
[_w m i l j u n ]_w
[_w b a ʔ z e ]_w
[_w j ɔ r ]_w
[_w d u tʃ ɔ r ]_w
[_w s a r a n d ]_w
[_w r a i z ɔ n i ]_w
[_w p a χ ʃ i ]_w
[_w t ɔ t a n i ]_w
[_w χ e r u i ]_w
[_w χ a j ɔ d ]_w
[_w p i z a n t ]_w
[_w d a f t a ]_w
[_w i b n i ]_w
[_w tʃ ɔ n ]_w
[_w u k r a i n a ]_w
[_w t i b ]_w
[_w d u χ t a r ]_w
[_w k ɔ ʒ ]_w
[_w k a ʃ t ]_w
[_w r a ɔ ]_w
[_w a v ɡ u s t a m ]_w
[_w m a n ɔ z i r i ]_w
[_w r ɔ z ]_w
[_w b ɔ s k a ʃ t ]_w
[_w a s a r a r i ]_w
[_w n a d i d ]_w
[_w s u χ a n ]_w
[_w b u d a ]_w
[_w v ɔ z i d a n ]_w
[_w b i s i ]_w
[_w v ɔ s i l ]_w
[_w tʃ u n ɔ n tʃ i ]_w
[_w n a m u d ]_w
[_w h ɔ s i r i ]_w
[_w e χ t ɔ ʃ t a ]_w
[_w i n d i s ɔ d i ]_w
[_w e m ɔ m a l j ]_w
[_w f a t a n d ]_w
[_w b a r k a s i ]_w
[_w f ɔ ʃ a ]_w
[_w p a j t i ]_w
[_w h a r tʃ a ʃ m i ]_w
[_w ʃ ɔ χ i d i ]_w
[_w b ɔ z i ]_w
[_w m a t n i ]_w
[_w t ɔ dʒ i k χ ɔ ]_w
[_w ʃ a v χ a i ]_w
[_w k ɔ r u ]_w
[_w ʃ u d a s t a i ]_w
[_w ʃ ɔ χ i t i ]_w
[_w m u s ɔ i d a i ]_w
[_w z i j ɔ z e ]_w
[_w u n f ɔ n ]_w
[_w h a r dʒ a n d ]_w
[_w ʃ u n i d a n i ]_w
[_w tʃ ɔ j ]_w
[_w i s t i f ɔ tʃ ]_w
[_w q a l ʔ a i ]_w
[_w m a ʔ m u l ]_w
[_w n ɔ m s a t i ]_w
[_w k ɔ d ]_w
[_w ɔ s i j ɔ s i ]_w
[_w ʃ a h r u m ]_w
[_w m i t r ɔ ]_w
[_w s a χ m i ]_w
[_w b u d u ]_w
[_w n a v ɔ χ i r ]_w
[_w b ɔ r i ]_w
[_w ʃ ɔ i r r ɔ ]_w
[_w z i j ɔ d a n d ]_w
[_w ɡ ɔ r e ]_w
[_w f i r i ]_w
[_w b i m ɔ n a ]_w
[_w tʃ a h ɔ r ]_w
[_w χ u ʃ k ]_w
[_w s ɔ h i l i ]_w
[_w s i n d a k a ]_w
[_w p ɔ z d ɔ n ]_w
[_w t a v ɔ n i ]_w
[_w m ɔ l i j a ]_w
[_w b i k i r a d ]_w
[_w m a ʃ h u r ]_w
[_w k ɔ r ɔ d i ]_w
[_w b i ɡ i r ɔ m j ]_w
[_w j ɔ f t ]_w
[_w m a k t a b ]_w
[_w b i k s ɔ r ]_w
[_w n a f a r ]_w
[_w b ɔ s ]_w
[_w ɡ ɔ r χ ɔ i ]_w
[_w h ɔ z i r i ]_w
[_w b e s ]_w
[_w m ɔ n t a ]_w
[_w i b d i ɡ ɔ l ]_w
[_w k a r t a n ]_w
[_w n ɔ m u ]_w
[_w d i tʃ ɔ r i ]_w
[_w i d d a ʔ ɔ i ]_w
[_w v ɔ r z u i ]_w
[_w p a j ɔ n i ]_w
[_w i z χ ɔ r i tʃ ]_w
[_w i m r u s ]_w
[_w p a s t a ]_w
[_w m e d r i ]_w
[_w ɔ r ɔ ]_w
[_w p e ʃ t a r e ]_w
[_w ɡ a r d a a m ]_w
[_w b i s i ʃ k i ]_w
[_w a k s a r a ʃ ]_w
[_w χ i s b ]_w
[_w m a t r a χ ]_w
[_w s a p a b ]_w
[_w d a r d i d ]_w
[_w m a v s u m ]_w
[_w p a n t ]_w
[_w k a t r h ɔ i ]_w
[_w p i k s ɔ r ]_w
[_w m a d ɔ n i s t ]_w
[_w e r ɔ n i ]_w
[_w s u v l ɔ i ]_w
[_w χ a j r a v i ]_w
[_w m a d a ]_w
[_w ʃ i m ɔ l i ]_w
[_w k a b u l i z i ]_w
[_w n i j ɔ n a ]_w
[_w a χ s ɔ n e ]_w
[_w d e f ɔ n i ]_w
[_w r a v ʃ ɔ n ]_w
[_w m e ɔ r a d i ]_w
[_w p i s i ]_w
[_w d ɔ d ɡ ɔ χ ]_w
[_w p ɔ l e e ]_w
[_w b u r d i ]_w
[_w v a d a n ]_w
[_w z ɔ χ d m ɔ n ]_w
[_w t a ʔ z i s ]_w
[_w v a s ʔ ]_w
[_w χ u k u m a t i ]_w
[_w ɔ ʃ n ɔ i ]_w
[_w dʒ a n t ]_w
[_w n a b u d ]_w
[_w ʃ a k l ]_w
[_w m u χ ɔ k i m i ]_w
[_w χ ɔ t i r ɔ k ]_w
[_w dʒ u m l a i ]_w
[_w s a d a h ɔ i ]_w
[_w h a f ɔ i l i ]_w
[_w m e χ ɔ χ a t ]_w
[_w b a χ ɔ r ]_w
[_w χ e l ɔ ]_w
[_w z u i z ]_w
[_w a n tʃ u m a n ]_w
[_w k ɵ d a k ɔ n i ]_w
[_w k a b i r i ]_w
[_w m a k ɔ n a ]_w
[_w t a b t i ]_w
[_w t u n j ɔ ]_w
[_w n a ʃ u d a n i ]_w
[_w m a ʃ χ u l ]_w
[_w r ɔ h h ɔ i ]_w
[_w ʃ a r ɔ i ]_w
[_w j ɔ b a t ]_w
[_w d a f l i ]_w
[_w b a t a χ ʃ ɔ n ]_w
[_w b e ɡ ɔ n a ]_w
[_w i n z ɔ n r ɔ ]_w
[_w dʒ i n ɔ j a b r ]_w
[_w m e s a d ]_w
[_w ʃ a h r h ɔ i ]_w
[_w n ɔ n ]_w
[_w χ u n a r χ ɔ i ]_w
[_w m i l l i i ]_w
[_w a b a t ]_w
[_w m u l k i ]_w
[_w m i l ɔ d ]_w
[_w b a r n ɔ m a n ]_w
[_w n a h s a d i ]_w
[_w e ʔ d i r ɔ z ]_w
[_w v a r ɔ χ a m ]_w
[_w q u d r a t i ]_w
[_w a r a b χ ɔ i ]_w
[_w j u r i j a i ]_w
[_w n a m u n a i ]_w
[_w s a t i ]_w
[_w b u f a t ]_w
[_w v u tʃ u d ]_w
[_w χ a l q ]_w
[_w tʃ i z ]_w
[_w u l a m ɔ i ]_w
[_w m a f z u i ]_w
[_w s i d ɔ r a ]_w
[_w b e m ɔ r i ]_w
[_w s ɔ l a k i ]_w
[_w ɔ l i m ]_w
[_w m a s k a f ]_w
[_w k a m ]_w
[_w r u m i ]_w
[_w z a r ]_w
[_w k u ʃ ]_w
[_w k i r a t ]_w
[_w t i χ a t ]_w
[_w i m r ɵ z ]_w
[_w χ a m tʃ u n i n ]_w
[_w d i d k ɔ ʁ i ]_w
[_w ɡ ɵ h h ɔ i ]_w
[_w d a r χ i ]_w
[_w d l j a ]_w
[_w p i k i r a d ]_w
[_w b a χ ʃ i ]_w
[_w m a q ɔ m ɔ d i ]_w
[_w dʒ a n d ]_w
[_w m e r e z a d ]_w
[_w ʃ u m ɔ r ɔ ]_w
[_w m e ʃ u d ]_w
[_w t a v l a d ]_w
[_w p a j i ]_w
[_w χ ɔ n d ]_w
[_w i z χ ɔ r ]_w
[_w v a r s a t i ]_w
[_w ɔ v d ɔ b ]_w
[_w k a l ɔ m ]_w
[_w d a k z i ]_w
[_w b ɔ s ɔ r ]_w
[_w f i l m i ]_w
[_w d ɔ n ɔ ]_w
[_w i d ɔ m a n ]_w
[_w b ɔ j t a χ t i ]_w
[_w b a r ɔ v a t ]_w
[_w v a z i r i ]_w
[_w m a ʔ n ɔ ]_w
[_w m u s t i n ]_w
[_w χ u r ʃ e d ]_w
[_w h a n k ]_w
[_w f ɔ r z j ]_w
[_w k ɔ dʒ ɔ k i ]_w
[_w d a r z i ʃ ]_w
[_w p a r k u ]_w
[_w m e b u d ]_w
[_w k a l b i ]_w
[_w t a r d ]_w
[_w i d t i n ]_w
[_w r ɔ j ɡ ɔ n ]_w
[_w k u v d a i ]_w
[_w ɡ u n e m ]_w
[_w i tʃ t i m ɔ i i ]_w
[_w m i l i ]_w
[_w f a r ɔ h a m ]_w
[_w m a s m u n i ]_w
[_w a r s j ɔ b i ]_w
[_w r ɵ z i ]_w
[_w d e a d r ]_w
[_w a z b ɔ b i ]_w
[_w n a s a r χ ɔ i ]_w
[_w dʒ ɔ i ]_w
[_w k ɔ m i l i ]_w
[_w m a r χ i l a i ]_w
[_w s i j ɔ t a n d ]_w
[_w χ u r s a d ]_w
[_w v a n n i ]_w
[_w n i m i ]_w
[_w m i r i ]_w
[_w r u b l i ]_w
[_w k a r b i j a i ]_w
[_w n a d i ]_w
[_w d ɔ χ i ]_w
[_w z a r m ɔ n ]_w
[_w n a t ɔ i dʒ i ]_w
[_w m u q a t t a s ]_w
[_w p ɔ s t ɔ r i ]_w
[_w ɔ m u s i ʃ ]_w
[_w p a d a n ]_w
[_w m u χ i m m ]_w
[_w v a k i d a i ]_w
[_w d u f ɔ r ]_w
[_w b a j a m b a r ]_w
[_w r ɔ d ]_w
[_w d a r z ]_w
[_w z a v ɔ d ]_w
[_w ɵ z d ]_w
[_w k u ʃ a i ]_w
[_w v r e m j a ]_w
[_w ɔ l i ]_w
[_w ɡ i ʃ t i i ]_w
[_w n i ɡ a r e ]_w
[_w t ɔ tʃ i ɡ i ]_w
[_w r u s j ]_w
[_w t a r ɡ i ]_w
[_w i d ɔ m a ]_w
[_w ʃ a v e m ]_w
[_w m a b l a k i i ]_w
[_w i r d i b ɔ r ]_w
[_w s a v a i ]_w
[_w a t ɔ l i b i ]_w
[_w f a v ɔ d i i ]_w
[_w t u s t ]_w
[_w p ɔ ɡ j ]_w
[_w m a h r u ]_w
[_w m a v q e i ]_w
[_w ɡ i ʃ v a r ]_w
[_w ɡ a r m i ]_w
[_w ɔ r ɔ m ]_w
[_w h a t t i ]_w
[_w f a r d a n i ]_w
[_w ʃ a χ r i m a n ]_w
[_w s ɔ b i r ɔ f ]_w
[_w ʃ a b n a m ]_w
[_w r u d a ]_w
[_w k a d l i ]_w
[_w k a r ɔ r ]_w
[_w s a r d u ]_w
[_w b e ʃ k a ʃ ]_w
[_w r a z i d a ]_w
[_w m a k ɔ m ]_w
[_w b u z u r k ]_w
[_w ɔ χ a n ɡ ]_w
[_w m a r d e m ]_w
[_w u z d ɔ t ]_w
[_w m e b i n a d ]_w
[_w h a n ɡ ɔ m i ]_w
[_w m e d i h a d ]_w
[_w m u ɡ a r r ɔ ]_w
[_w a n d ɔ n ]_w
[_w m a d r a s a ]_w
[_w m ɔ f u ]_w
[_w ʃ i r i n i ]_w
[_w χ u ʃ u n a d ]_w
[_w ɔ χ a n d a i ]_w
[_w d a v a dʒ dʒ ɵ h ]_w
[_w b a r t a r ]_w
[_w n a f s i f ]_w
[_w s u ɔ l ]_w
[_w k i r ɔ m ]_w
[_w t a a z d ]_w
[_w e ʔ d ɔ d i ]_w
[_w m e b a χ ʃ i ]_w
[_w d u r ɔ ]_w
[_w i d d a e ]_w
[_w s a n ]_w
[_w f ɔ q e ʔ ]_w
[_w b a r a d ]_w
[_w n a t ɔ r i ]_w
[_w r u z χ ɔ ]_w
[_w d ɔ b i ]_w
[_w n a f ʔ e ]_w
[_w s a h m i ]_w
[_w f a r d ]_w
[_w f a r χ a n ɡ j ]_w
[_w ɔ n ɔ n i ]_w
[_w i p r ɔ s i ]_w
[_w a t i b ]_w
[_w q a r i b ]_w
[_w t a r a m ]_w
[_w k u r ɵ h ]_w
[_w k ɵ m a k ]_w
[_w r u b ɔ i ]_w
[_w b a r i ]_w
[_w s a r d u ʃ t i ]_w
[_w b u d a n a ʃ ]_w
[_w k a t i m i r ]_w
[_w χ a n u z ]_w
[_w h a s ]_w
[_w m a r d u m i ]_w
[_w r u j ]_w
[_w v ɔ l ɔ k d a ]_w
[_w ʃ u r u ʔ ]_w
[_w j ɔ r u ]_w
[_w s a d ]_w
[_w s i b ɔ s ]_w
[_w m a ɔ r i f ]_w
[_w m a d l a b ]_w
[_w k a s e ]_w
[_w ʃ u r ɔ i ]_w
[_w h a m tʃ u n i n ]_w
[_w r a v d ]_w
[_w s a χ m i n ]_w
[_w u z v i j a t ]_w
[_w s e n d j a b r ]_w
[_w ʃ a r q ]_w
[_w t a v l a t i ]_w
[_w h a j v ɔ n ɔ n ]_w
[_w χ ɔ χ e m ]_w
[_w χ ɔ r u ɡ ]_w
[_w s a b ɔ n m k ]_w
[_w t a r ]_w
[_w i k d i s ɔ d i ]_w
[_w ʃ u d a n ]_w
[_w m e b a r a t ]_w
[_w t a ʔ r i χ i i ]_w
[_w k a n a t i tʃ a ]_w
[_w z a b ɔ n i ]_w
[_w i s t i l ɔ ʔ i ]_w
[_w a h m a d i ]_w
[_w p i n ]_w
[_w a t ɔ l a d i ]_w
[_w ɔ i n a i ]_w
[_w k u n z e r d i ]_w
[_w u m a r i ]_w
[_w b a j d ɔ n ]_w
[_w z a n ɔ n i ]_w
[_w tʃ ɔ l i b ]_w
[_w χ ɔ χ a m ]_w
[_w b ɔ ʃ ]_w
[_w r ɔ k u n ]_w
[_w r ɔ z z i j a t ]_w
[_w q a d a r i ]_w
[_w p e ʃ t a r a i ]_w
[_w s a n u ]_w
[_w ɔ χ i r ]_w
[_w b e ʃ b i n i ]_w
[_w n i ɡ a r ɔ n ]_w
[_w ɡ a m ɔ l ]_w
[_w ʃ u d a ]_w
[_w b u d a n ]_w
[_w n ɔ z i r i ]_w
[_w s u l t ɔ n ]_w
[_w χ a r p ]_w
[_w d a f z i ]_w
[_w m a n ]_w
[_w j ɔ b a n b a ]_w
[_w z a m i n ]_w
[_w ʃ i r i ]_w
[_w a r z i ʃ i ]_w
[_w ɔ b i ]_w
[_w a s a r ]_w
[_w i n t i s ɔ m ]_w
[_w s u χ r ɔ b ]_w
[_w tʃ t ɔ ]_w
[_w m e p i n a m ]_w
[_w n a v r u s ]_w
[_w j a k u m ]_w
[_w χ i n d i s ɔ z ]_w
[_w m i s i ]_w
[_w j a n v a r i ]_w
[_w j a k ]_w
[_w s a d i ]_w
[_w ɔ k ɔ s i ]_w
[_w ɔ χ i r i n ]_w
[_w b i s a r i ]_w
[_w z a b z ]_w
[_w m u f a v v a l ]_w
[_w v ɔ r s i ]_w
[_w m a v s e ʔ a i ]_w
[_w s u r u d i ]_w
[_w m a dʒ b u r ]_w
[_w h i s s i ]_w
[_w b ɔ s t ɔ n i ]_w
[_w i n tʃ u n i n ]_w
[_w p ɔ b ɔ i ]_w
[_w χ i v s ]_w
[_w m a n ɔ b e ʔ i ]_w
[_w χ a m ɔ n e ]_w
[_w s a b ɔ n h ɔ i ]_w
[_w ɡ u f t i ]_w
[_w a j j u b ]_w
[_w b a d i d a n i ]_w
[_w n i k a h ]_w
[_w v ɔ b a z d a ]_w
[_w d u n e l i ]_w
[_w dʒ a ʃ m u ]_w
[_w v a k r ]_w
[_w χ a m a i ]_w
[_w i n s ɔ n h ɔ e ]_w
[_w ɔ n h ɔ r ɔ ]_w
[_w χ a r ]_w
[_w a t r ɔ v ]_w
[_w ɔ n i ]_w
[_w t a r b ɔ ]_w
[_w χ ɔ dʒ a ]_w
[_w k a r ]_w
[_w b a r b ɔ r i ]_w
[_w h a m a ]_w
[_w ʃ a χ r χ ɔ i ]_w
[_w d ɔ dʒ i ɡ i i ]_w
[_w b u d a a n d ]_w
[_w b ɔ s i ]_w
[_w m u r d a n i ]_w
[_w h i z ɔ b i r ]_w
[_w h a m a d ɔ r i ]_w
[_w q a t r ]_w
[_w z u r χ ]_w
[_w m a s t tʃ ɔ h ]_w
[_w n a m ɔ j a n t ]_w
[_w m ɔ d a ]_w
[_w u s m ɔ n ]_w
[_w r a i s i ]_w
[_w d ɔ d a n i ]_w
[_w m ɔ d a r ]_w
[_w i d t i l ɔ f i ]_w
[_w b a t ]_w
[_w k u l ɔ b ]_w
[_w e ʔ l ɔ m ]_w
[_w b i k u e m ]_w
[_w f a ʔ ɔ l i ]_w
[_w h a m tʃ u n ]_w
[_w d a n s i m ]_w
[_w m u ʃ t a ]_w
[_w n i j ɔ s ]_w
[_w t ɔ r a t i ]_w
[_w t i k a r e ]_w
[_w ɡ a j ]_w
[_w b i s j ɔ r ]_w
[_w j a ʔ n e ]_w
[_w ʃ a f e m ]_w
[_w χ u ʃ ]_w
[_w ɔ m a d a m i ]_w
[_w n a q ʃ ]_w
[_w k a b l a k i ]_w
[_w tʃ a χ ɔ r a d i ]_w
[_w χ a d m a n ]_w
[_w m e ɡ u n a e ]_w
[_w b ɔ r s j ]_w
[_w m u a l l i ]_w
[_w k ɔ n u n ]_w
[_w ɡ u ʃ ]_w
[_w r ɵ h i ]_w
[_w z u b χ ]_w
[_w s ɔ m ɔ n a t ]_w
[_w z ɔ l ɔ n a ]_w
[_w m u z d i ]_w
[_w n a s t i ]_w
[_w h ɔ l i ]_w
[_w i tʃ d i m ɔ l i ]_w
[_w d a k j a ]_w
[_w p e h t a r ]_w
[_w p a j v a s t a ]_w
[_w n i ɡ a h ]_w
[_w dʒ ɔ j i ]_w
[_w z u χ a n ]_w
[_w a v e z d a m ]_w
[_w d ɔ ʃ t a a z d ]_w
[_w b e χ b u t i ]_w
[_w tʃ e χ r a i ]_w
[_w ʃ ɔ n ɡ χ ɔ j ]_w
[_w m e ʃ a ]_w
[_w s a r v a r i ]_w
[_w b ɔ r h ɔ ]_w
[_w χ u d r ɔ ]_w
[_w m a ɔ ʃ ]_w
[_w z u χ b a t ]_w
[_w ɡ u ʃ a i ]_w
[_w ʁ ɔ h e m ]_w
[_w χ a n u s ]_w
[_w k u v d a m ]_w
[_w t i d ɔ χ ]_w
[_w h a t t ɔ r i ]_w
[_w χ u k u k ]_w
[_w b ɔ j a t ]_w
[_w m a n ɔ z i r ]_w
[_w ʃ ɔ ʔ i r i ]_w
[_w u s t ɔ d ]_w
[_w b e χ t a r i ]_w
[_w z a r d ]_w
[_w i b r ɔ χ i m ]_w
[_w k i s m a t ]_w
[_w r a k s i ]_w
[_w k ɔ r b u r d ]_w
[_w a f r i ]_w
[_w χ ɔ t i ]_w
[_w t a h i j a i ]_w
[_w ʃ a r ɔ f ]_w
[_w tʃ ɔ j i ]_w
[_w p a r r a r ]_w
[_w ɡ a l ɔ n ]_w
[_w u s l u b i ]_w
[_w j ɔ f t a ]_w
[_w z e r i ]_w
[_w s a r m ɔ ]_w
[_w t i d a ]_w
[_w m a h s ]_w
[_w p ɔ j ɔ n ]_w
[_w s a t a i ]_w
[_w k ɔ n z e r t ]_w
[_w z i j ɔ d a n t ]_w
[_w ʃ a r h ]_w
[_w d a r χ ]_w
[_w b e ʃ t a r i i ]_w
[_w m u b a d d a ]_w
[_w d a χ ɔ n ]_w
[_w χ a t a m i ]_w
[_w n a d ɔ r ]_w
[_w i b r ɔ z i ]_w
[_w a s l i χ a ]_w
[_w m e χ ɔ χ a d ]_w
[_w tʃ a n d ]_w
[_w ɡ a b l a χ i ]_w
[_w m a χ s u b ]_w
[_w l ɔ i q ]_w
[_w tʃ a m ʔ ]_w
[_w d u ɔ ]_w
[_w b ɔ r χ ɔ n a i ]_w
[_w m e t ɔ r a m ]_w
[_w dʒ a n ɡ ]_w
[_w ɡ i ʃ v a r i ]_w
[_w f a n n i i ]_w
[_w ɔ ʁ i r ]_w
[_w k a s b ]_w
[_w m a n v i ]_w
[_w n i k a r e r ɔ ]_w
[_w t u ʃ m a n ]_w
[_w v e v r a l i ]_w
[_w i d d i l ɔ ʔ i ]_w
[_w h i m ɔ j a i ]_w
[_w q ɔ i d a i ]_w
[_w l u d v a n ]_w
[_w l u n a ]_w
[_w i n χ ɔ ]_w
[_w d i f ɔ t a ]_w
[_w m a d l a b i ]_w
[_w i d ɔ m ]_w
[_w ʃ ɔ h ]_w
[_w m e v a i ]_w
[_w ɔ z ɔ r ]_w
[_w b u r r a ]_w
[_w χ u n a r i ]_w
[_w t ɔ n i ʃ ɡ ɔ n ]_w
[_w q a d r ]_w
[_w i f ʃ ɔ ]_w
[_w v u r u k i ]_w
[_w q a v i ]_w
[_w t a ʔ r i χ i ]_w
[_w χ a m a s ɔ l a ]_w
[_w m a n b a ʔ ]_w
[_w p ɔ z u χ ]_w
[_w p a h s ]_w
[_w t a ʔ v a d ]_w
[_w z a r u r i ]_w
[_w a l i i ]_w
[_w a l i ]_w
[_w m a s ʔ u l i ]_w
[_w i b d i k ɔ l i ]_w
[_w i m ʃ a b ]_w
[_w m i s r ]_w
[_w s a b a b ]_w
[_w ʃ ɔ k i r d i ]_w
[_w s a b ɔ n i ]_w
[_w m u r d a n d ]_w
[_w m u a j j a n ]_w
[_w k ɔ s i ]_w
[_w χ ɔ r i dʒ ]_w
[_w s a m i n ]_w
[_w q a t i ]_w
[_w m i ɡ t ɔ r i ]_w
[_w m a j ]_w
[_w b ɔ b i ]_w
[_w n a z b ]_w
[_w ɔ j a t ]_w
[_w s a t h i ]_w
[_w q a b l a χ i ]_w
[_w s a n ɡ a r a ʃ ]_w
[_w ɡ a s e ]_w
[_w ɡ ɔ m i ]_w
[_w m a n z u p ]_w
[_w t a n t ]_w
[_w s a v e t ]_w
[_w m u ɔ z i r ]_w
[_w t i b k i ]_w
[_w ɔ χ ɔ s i ]_w
[_w u r ɔ ]_w
[_w b a r ɔ m a t a ]_w
[_w u m u m i i ]_w
[_w m a n s u r i j ]_w
[_w r u s i i ]_w
[_w i b ɔ r ]_w
[_w ɔ z ɔ d ]_w
[_w s ɔ l a i ]_w
[_w n a ʃ r i j a ]_w
[_w d a z d ɡ i r i ]_w
[_w ɔ d ɔ b i ]_w
[_w d a f r ɔ t ]_w
[_w r a ʃ i d ]_w
[_w f a r χ ɔ i ]_w
[_w m a ʔ m u r i ]_w
[_w d ɔ n i s t ]_w
[_w n a s a r i ]_w
[_w p i n χ ɔ i ]_w
[_w i d ɔ m a i ]_w
[_w m e k i r a t ]_w
[_w d i χ a n d ]_w
[_w m e d ɔ r a i ]_w
[_w ʃ u r a v i ]_w
[_w f a k i l i ]_w
[_w m a k ɔ n ]_w
[_w b a r d a ]_w
[_w t u n j ɔ t i ]_w
[_w u n v ɔ n i ]_w
[_w i z d i k i i ]_w
[_w k a m ɔ l ]_w
[_w s a m ɔ n ]_w
[_w h a m r ɔ χ ]_w
[_w a n d e ʃ a ]_w
[_w a t a b i i ]_w
[_w m a t ɔ l i a ]_w
[_w t i b b i ]_w
[_w k a j ]_w
[_w tʃ a v ɔ n i ]_w
[_w χ a ʃ t ]_w
[_w ɡ ɔ t u ]_w
[_w m ɔ t a ]_w
[_w m a r k a s ]_w
[_w q a j t ]_w
[_w z ɔ χ i b i ]_w
[_w f a r χ a l a i ]_w
[_w d a r χ χ ɔ i ]_w
[_w ɡ u ʃ ɔ d a ]_w
[_w m u f i d ]_w
[_w p a r d ɔ n i ]_w
[_w a f t ɔ r i ]_w
[_w s ɔ l h ɔ ]_w
[_w i s t i f ɔ dʒ ]_w
[_w r u z i i ]_w
[_w i s b ɔ d ]_w
[_w f a r s i ]_w
[_w χ ɔ b ]_w
[_w χ a s i n a i ]_w
[_w n a m e ɔ j a t ]_w
[_w ɡ a d r i ]_w
[_w r i ʃ t a n ]_w
[_w ʃ a k l i ]_w
[_w s ɵ j i ]_w
[_w ɔ m ɵ z i ʃ ]_w
[_w r u χ i ]_w
[_w ɡ a z e ]_w
[_w s a r a ʃ ]_w
[_w r ɵ h ]_w
[_w χ ɔ l a d ]_w
[_w m ɔ n t a n ]_w
[_w h u q u q i ]_w
[_w i ʃ q i ]_w
[_w e ʔ d i r ɔ k ]_w
[_w l e k ]_w
[_w s u r ]_w
[_w χ a k k i ]_w
[_w l ɔ s i ]_w
[_w b e r u n ]_w
[_w u s t ɔ n i ]_w
[_w b u ʃ ]_w
[_w ɔ ʃ ɔ n s i ]_w
[_w χ i r a t ]_w
[_w χ ɔ d i ]_w
[_w b a n dʒ ]_w
[_w v i ɡ r u ]_w
[_w dʒ ɔ j ɡ ɔ χ i ʃ ]_w
[_w b u d e m ]_w
[_w j e s l i ]_w
[_w h a q q i ]_w
[_w f a z ɔ d ]_w
[_w s a n χ ɔ ]_w
[_w b ɔ m i r ]_w
[_w m a s e h ]_w
[_w d a f r a t ]_w
[_w χ u d u d i ]_w
[_w m ɔ n a n d ]_w
[_w ɔ r z u χ ɔ i ]_w
[_w ɡ u l ]_w
[_w d a h s i ]_w
[_w d a z m i ]_w
[_w k a r d a n t ]_w
[_w m a h k u m ]_w
[_w a l ɔ q a ]_w
[_w m u r a k k a b ]_w
[_w dʒ u n ɡ i ]_w
[_w h ɔ l ɔ ]_w
[_w a n t a ]_w
[_w f u ɡ u ʔ i ]_w
[_w tʃ u m χ u r i i ]_w
[_w v ɔ s e ʔ ]_w
[_w u l u m i ]_w
[_w v i l ɔ j a t i ]_w
[_w j ɔ v d ]_w
[_w t u r ]_w
[_w h a q ]_w
[_w h a f ɔ ]_w
[_w i n k l i s i ]_w
[_w m a tʃ b u r ]_w
[_w m a r d i ]_w
[_w m e ɔ j a d ]_w
[_w m e ɔ m a d a n ]_w
[_w n a z a r a n t ]_w
[_w s a n ʔ a d ]_w
[_w h a m i n ]_w
[_w ʃ u t ]_w
[_w r u s ]_w
[_w m a r ɔ d a r ]_w
[_w t a v r i t a ]_w
[_w h a m k ɔ r i ]_w
[_w a v ɡ u s t i ]_w
[_w χ ɔ z d ]_w
[_w t a h t i ]_w
[_w ʃ ɔ i r i ]_w
[_w k u n e d ]_w
[_w ɡ u r u χ i ]_w
[_w ʃ u m ɔ r i ]_w
[_w m e ɡ u n a d ]_w
[_w d ɔ t ]_w
[_w k ɔ r h ɔ ]_w
[_w s a r f a r i ]_w
[_w d a dʒ ɔ v u z ]_w
[_w i n s ɔ n i d a ]_w
[_w t a χ ɔ n i ]_w
[_w t ɔ tʃ i ɡ r ɔ ]_w
[_w j a ɡ u m ]_w
[_w i l m χ ɔ i ]_w
[_w a l b a t t a ]_w
[_w f a r t a n ]_w
[_w n ɔ ɡ u n ]_w
[_w a z d u ]_w
[_w m e r a f a n t ]_w
[_w k u t r a d ]_w
[_w r a n ɡ i ]_w
[_w n i r u i ]_w
[_w v i k r i ]_w
[_w p i s t a t ]_w
[_w i χ t i j ɔ r ]_w
[_w a s ʔ ɔ r i ]_w
[_w b e t ɔ r a n d ]_w
[_w a k b a r i ]_w
[_w b u b i n e m ]_w
[_w a t l i ]_w
[_w χ u n i ]_w
[_w d a ʃ k i ]_w
[_w s ɔ χ t a n i ]_w
[_w d a s t i q ]_w
[_w m e χ ɔ n e m ]_w
[_w m e n ɔ m a ]_w
[_w r a q a m i ]_w
[_w ɡ a z r ɔ ]_w
[_w u s t ɔ i ]_w
[_w t a ʔ r i χ ]_w
[_w n i h ɔ t i ]_w
[_w k a r d a ]_w
[_w m e χ ɔ s t a m ]_w
[_w a r a b χ ɔ ]_w
[_w h a m a i ]_w
[_w h a v d a a s t ]_w
[_w n a ʃ u d a m ]_w
[_w χ u d a ʃ ɔ n ]_w
[_w z a j d i ]_w
[_w j ɔ v d a n ]_w
[_w q ɔ n u n ]_w
[_w b ɔ z i χ ɔ i ]_w
[_w m a z i r ]_w
[_w e χ s ɔ z ]_w
[_w j a k tʃ a n d ]_w
[_w tʃ a n u b u ]_w
[_w n a f r u b ɔ i ]_w
[_w k u n ɔ k u n ]_w
[_w b a χ l u i ]_w
[_w u m i n ]_w
[_w χ u l ɔ s a ]_w
[_w a z b a z ]_w
[_w ɡ a r d a e d ]_w
[_w i χ t i s ɔ r i ]_w
[_w ʁ a m e ʃ a ]_w
[_w a χ i r ]_w
[_w m e v a ]_w
[_w m i j ɔ n i ]_w
[_w k a t ʔ ]_w
[_w d ɔ tʃ i ɡ ɔ n ]_w
[_w s u j i ]_w
[_w tʃ ɔ z d ]_w
[_w n ɔ ʃ i ]_w
[_w ɡ a r d a n d ]_w
[_w t a k ɔ s ɔ ]_w
[_w z a n ʔ a t ]_w
[_w t u ʃ m a n i ]_w
[_w χ a l k i ]_w
[_w m u ʃ ɔ b e χ ]_w
[_w χ ɔ χ e t ]_w
[_w z i l s i l a ]_w
[_w m a χ t u d ]_w
[_w t ɔ dʒ i k j ]_w
[_w f a k t e ]_w
[_w n i m ]_w
[_w r a ʃ i d a n ]_w
[_w k u m ɔ n ]_w
[_w a v a s ]_w
[_w d a r dʒ u m a ]_w
[_w a v d ɔ r ]_w
[_w l ɔ i h a i ]_w
[_w b ɔ d ]_w
[_w ʃ a χ s a n ]_w
[_w b ɔ b a d ]_w
[_w ʃ i r i n ]_w
[_w d ɔ tʃ v a r i ]_w
[_w a m i r ]_w
[_w i q t i z ɔ t i ]_w
[_w ɔ s ɔ d i ]_w
[_w χ a m ɔ n a n d ]_w
[_w v i r ɔ r ]_w
[_w d i l ]_w
[_w m u ʃ ɔ h i ]_w
[_w b ɔ r e ]_w
[_w ʃ a t i t i ]_w
[_w ɵ r ɔ ]_w
[_w f i d j a ]_w
[_w m e j ɔ b a n d ]_w
[_w t a r a v ]_w
[_w m a χ s u s ]_w
[_w m a v z e ʔ a ]_w
[_w r a z ɔ n a d ]_w
[_w χ a d d i ]_w
[_w s u r a t i ɔ i ]_w
[_w ʃ u r a v j ]_w
[_w s a j t ]_w
[_w m u tʃ r i m ]_w
[_w n a v r a d ]_w
[_w χ a m ɔ n i ]_w
[_w n a f i ]_w
[_w f u tʃ u d ]_w
[_w a χ s ɔ n i ]_w
[_w k a ʃ t i ]_w
[_w i r d i v ʔ ɔ i ]_w
[_w k u n u n i ]_w
[_w k a t r ]_w
[_w k a n ɔ r ]_w
[_w d ɔ t a n i ]_w
[_w n a d i dʒ a i ]_w
[_w z ɔ h a ]_w
[_w s a b ɔ n χ ɔ e ]_w
[_w a r t i d ]_w
[_w m a ʔ n i ]_w
[_w k a r d a d ]_w
[_w m i n t a k ]_w
[_w χ a m ɔ n ]_w
[_w t e ʔ t ɔ d i ]_w
[_w d a r b i ]_w
[_w s ɔ χ i r i ]_w
[_w a l i f b ɔ i ]_w
[_w ʃ a f a m ]_w
[_w d i t ɔ r i ]_w
[_w d u j u m ]_w
[_w n i ʃ ɔ b u n ]_w
[_w v a r m ɔ n ]_w
[_w n i k ɔ χ ]_w
[_w d a tʃ l i l ]_w
[_w s a r ɔ n ]_w
[_w i ʃ χ ɔ i ]_w
[_w n a m ɔ z ]_w
[_w t ɔ n i ʒ k ɔ n ]_w
[_w ɔ i l a ]_w
[_w ɡ a χ ]_w
[_w ʃ ɔ j a d ]_w
[_w d ɔ n i ʃ ]_w
[_w m i d r ɔ m ]_w
[_w a r z j ɔ b i ]_w
[_w ɔ s i j u ]_w
[_w dʒ i ɡ u ]_w
[_w m a r d a v u ]_w
[_w u m e d ]_w
[_w m i j ɔ n ]_w
[_w s a r a r i ]_w
[_w v i k r a m ]_w
[_w b e ʃ i n ]_w
[_w d i χ a t ]_w
[_w χ a m l a i ]_w
[_w k ɔ b i l i ]_w
[_w d a ʔ s i r i ]_w
[_w m a r d u m i i ]_w
[_w ʃ i m ɔ l ]_w
[_w n a k u n e m ]_w
[_w a r z i ]_w
[_w t a ɡ ɔ n a i ]_w
[_w χ a r a k ]_w
[_w χ i s m a d i ]_w
[_w b u s u r i ]_w
[_w k a b l a χ ]_w
[_w v e ʔ l a n ]_w
[_w m e ɡ u n e t ]_w
[_w b u r s i d a i ]_w
[_w t a f t a n ]_w
[_w b a j v a n t i ]_w
[_w b a t i n ]_w
[_w f a ɔ ]_w
[_w m ɔ t a r ]_w
[_w χ ɔ r u k ]_w
[_w ʃ a f ]_w
[_w f a r ɔ v ɔ n ]_w
[_w v a χ t a t i ]_w
[_w a s n ɔ d i ]_w
[_w u r u b ɔ i ]_w
[_w ʃ a t i d ]_w
[_w i s t e h s ɔ z ]_w
[_w m u d d a χ a m ]_w
[_w t ɔ i r ]_w
[_w z a n a i ]_w
[_w b e d ɔ r a m ]_w
[_w s ɔ l ɔ n i ]_w
[_w r a χ b a r i ]_w
[_w f a j r ɔ n ]_w
[_w a v ɡ ɔ r i i ]_w
[_w b ɔ i ]_w
[_w z s s r ]_w
[_w f a r t ]_w
[_w ɔ n a ]_w
[_w d a ʔ z i r ]_w
[_w tʃ i d d i f ɔ k ]_w
[_w t ɔ r a m ]_w
[_w s u i s ]_w
[_w f a r q ]_w
[_w s u i ]_w
[_w d u v ɔ n ]_w
[_w ɔ f a r d a r ]_w
[_w j ɔ f t i ]_w
[_w m a q s a d i ]_w
[_w b ɔ z d ɔ b i ]_w
[_w n a t ɔ r a i ]_w
[_w p u χ ɔ r ɔ i ]_w
[_w χ u d i ]_w
[_w m a r z i ʃ i ]_w
[_w b a t a r a f i ]_w
[_w b a r ɔ j a m ]_w
[_w t ɔ tʃ i ɡ ɔ n i ]_w
[_w m e d ɔ r a n d ]_w
[_w ɔ χ ɔ z ]_w
[_w ɵ h d a ]_w
[_w χ a z d i k ]_w
[_w m e r a v a t ]_w
[_w k ɔ m ]_w
[_w m u s t a r i ]_w
[_w m a ɡ ɔ m i ]_w
[_w r u z χ ɔ i ]_w
[_w z u k t ]_w
[_w u m u m i ]_w
[_w m u d d a h a m ]_w
[_w t a s t u r i ]_w
[_w χ a j ɔ d i ]_w
[_w a t a m ]_w
[_w n ɔ b ]_w
[_w ɔ m a d a n ]_w
[_w χ i n d ]_w
[_w m a ʔ l u m ]_w
[_w s a n ɡ a r a ]_w
[_w n a v ]_w
[_w s i j ɔ t e r ɔ ]_w
[_w d ɔ d a ]_w
[_w i t t i n ]_w
[_w t a ʃ k i l i ]_w
[_w z a n a d ]_w
[_w j ɔ f t a n t ]_w
[_w ʃ u d a s t i k ]_w
[_w l u ʃ k ɔ v ]_w
[_w i l m i ]_w
[_w m u b ɔ r i ]_w
[_w ʃ u n i t a ]_w
[_w t e k a b r ]_w
[_w a χ m a d i ]_w
[_w ɡ a m ]_w
[_w n ɔ m z a t i ]_w
[_w ɡ a ʃ v i ]_w
[_w z a b ɔ n m k ]_w
[_w t a m ɔ n a i ]_w
[_w j a k ɔ n ]_w
[_w b a t i ]_w
[_w tʃ a r a j ɔ n i ]_w
[_w χ ɔ χ a t ]_w
[_w m e z ɔ s a n ]_w
[_w s a r a f ]_w
[_w tʃ a r ɔ ]_w
[_w t a n s i m ]_w
[_w χ a z i n a ]_w
[_w r ɵ ʃ ɔ n ]_w
[_w i s χ ɔ r ]_w
[_w d a k ɔ n ]_w
[_w m a n ɔ d i ]_w
[_w k u r u χ e ]_w
[_w m u z ɔ d i ]_w
[_w ʃ a h r a k ]_w
[_w m e t i ]_w
[_w i m s ɔ ]_w
[_w k a r d a n i ]_w
[_w v ɔ ʃ a i ]_w
[_w χ u s u r i ]_w
[_w f a r ɔ ]_w
[_w a t ɔ v u l l ɔ ]_w
[_w ɡ u tʃ a k i i ]_w
[_w k e d i ]_w
[_w m e d ɔ r ]_w
[_w b e tʃ ɔ r a d i ]_w
[_w χ i r ɔ d a r ]_w
[_w f a r ɡ ]_w
[_w v a r ɔ ]_w
[_w b i s a n d u ]_w
[_w m e χ u r a t ]_w
[_w p a j n ]_w
[_w p a ʔ t ]_w
[_w χ ɔ t i s a ]_w
[_w a m r ]_w
[_w r u s e ]_w
[_w l a b ]_w
[_w d a ɡ j a ]_w
[_w s ɔ ʔ a t ]_w
[_w u m i ]_w
[_w n ɔ m a ]_w
[_w s u χ b a d i n ]_w
[_w a v v a l ]_w
[_w χ a r i d ɔ r i ]_w
[_w f a d a n ]_w
[_w z ɔ d i ]_w
[_w ʃ ɵ r a v i i ]_w
[_w d ɔ l l a r ]_w
[_w ɔ k t j a b r ]_w
[_w v a l s a f a i ]_w
[_w t i d a i ]_w
[_w t a ʔ f ɔ i ]_w
[_w h a r v ]_w
[_w t e m u r ]_w
[_w k ɵ ʃ ]_w
[_w p a r t ɔ n ]_w
[_w n a m u n a ]_w
[_w a n ɡ i ]_w
[_w ɡ i s m a t i ]_w
[_w p ɔ d ]_w
[_w b a t a n i ]_w
[_w r a z m i ]_w
[_w s ɔ k i n ɔ n i ]_w
[_w b u r t a a m ]_w
[_w ɔ m u χ t ɔ r i ]_w
[_w ɔ s t ɔ ʃ t a n ]_w
[_w a n t ɔ s a i ]_w
[_w s u χ b a t ]_w
[_w ʁ ɔ n u m i ]_w
[_w p a j t ]_w
[_w tʃ ɔ r i ]_w
[_w t a l χ ]_w
[_w ɔ s i j ɔ ]_w
[_w b a r r a z i i ]_w
[_w p u r d a ]_w
[_w b e d i l ]_w
[_w f a v ɔ t a ]_w
[_w m a h z ]_w
[_w ʃ a χ s ɔ n e ]_w
[_w v a s ɔ i l i ]_w
[_w ɔ n χ ɔ ]_w
[_w t ɔ r n i ɡ ɔ h ]_w
[_w h a m d i ]_w
[_w s a r u r i ]_w
[_w m e ɡ u j a m ]_w
[_w ʒ a t i d ]_w
[_w i ʃ k ]_w
[_w b u t a n ]_w
[_w k u m a d i ]_w
[_w m e z ɔ s a n d ]_w
[_w t a ʃ k i ]_w
[_w tʃ u n ɡ i ]_w
[_w i f a s i f a i ]_w
[_w s u b ɔ t ]_w
[_w m e d ɔ n a ]_w
[_w ʃ ɔ m ]_w
[_w ɔ r a ʃ ]_w
[_w χ a r tʃ ]_w
[_w ɡ i r i v d a ]_w
[_w s ɔ f e d i ]_w
[_w r u z ɡ ɔ r i ]_w
[_w s u r a d i ]_w
[_w q i z m a d i ]_w
[_w n a b ɔ j a d ]_w
[_w q a d i ]_w
[_w r u s i r ]_w
[_w t a r tʃ u m a ]_w
[_w t a r b ɔ r ]_w
[_w n a f r u b ɔ ]_w
[_w tʃ a χ ɔ n ]_w
[_w ɔ ɡ t j a b r ]_w
[_w i d i ]_w
[_w i j u n ]_w
[_w tʃ a n ɡ i ]_w
[_w i n d i z ɔ t i ]_w
[_w d a r d u m ]_w
[_w n i ʃ ɔ p u r ]_w
[_w b a ʔ s a n ]_w
[_w ɔ r d ]_w
[_w s i j ɔ t e ]_w
[_w d a z t ]_w
[_w ɡ u t u b i ]_w
[_w ɔ v ɔ s χ ɔ n i ]_w
[_w q a t l ]_w
[_w tʃ ɔ j i s a i ]_w
[_w d u ʃ m a n ]_w
[_w t a f ɔ n a ]_w
[_w χ a v d a r i n ]_w
[_w t a r d i ]_w
[_w ɡ a r d ]_w
[_w b ɔ ʃ a n d ]_w
[_w ɔ m u s i q i ]_w
[_w h a v d a ]_w
[_w χ a t m ]_w
[_w b i d r ɔ m ]_w
[_w v a s i ]_w
[_w z ɵ j i ]_w
[_w k u r z i i ]_w
[_w m a χ s u s a n ]_w
[_w b a n d a i ]_w
[_w f i k r ]_w
[_w m ɔ n d a n ]_w
[_w ʃ ɔ t ]_w
[_w ɡ u ʃ t ]_w
[_w s i t ɔ r i χ i ]_w
[_w dʒ u n ɔ n ]_w
[_w n u r i ]_w
[_w b u n j ɔ d ]_w
[_w b a j r a ]_w
[_w tʃ ɔ j ɡ ɔ χ i ]_w
[_w ʁ ɔ z d ]_w
[_w χ e ʃ u ]_w
[_w d ɔ ʃ ɡ a n d ]_w
[_w ʃ a v a t ]_w
[_w t a j j ɔ f i ]_w
[_w t ɔ i m ɔ ]_w
[_w d a r i n ]_w
[_w r ɵ d a k ɔ n ]_w
[_w ɔ m e χ t a ]_w
[_w dʒ ɔ m e a ]_w
[_w tʃ a l b ]_w
[_w m e χ ɔ χ e d ]_w
[_w e h z ɔ s ]_w
[_w ɡ i r ɔ ]_w
[_w d ɔ tʃ i k i r ɔ ]_w
[_w b u d a n d ]_w
[_w m e χ ɔ n d ]_w
[_w m ɔ χ i ]_w
[_w t u r i ]_w
[_w l a ʃ k a r i ]_w
[_w m u n ɔ z i r ɔ ]_w
[_w ɡ a r d a i ]_w
[_w d ɔ ʃ t a ]_w
[_w χ i tʃ ]_w
[_w n ɔ m z a d i ]_w
[_w s ɔ χ t m ɔ n ]_w
[_w z u l f i ]_w
[_w i j u l ]_w
[_w k ɔ n s e r d i ]_w
[_w ɔ k u ʃ i ]_w
[_w i r d i b ɔ n i ]_w
[_w a h m a t ]_w
[_w t a m ɔ m a l i ]_w
[_w tʃ a h ɔ n i i ]_w
[_w ɡ u s t ]_w
[_w r ɔ z d j ]_w
[_w i n t e r n e d ]_w
[_w k u z ɔ r ]_w
[_w r ɵ i ]_w
[_w t a b i ]_w
[_w m a ɡ u n ]_w
[_w χ a m s a m ɔ n ]_w
[_w p u r s i d ]_w
[_w s i k r ]_w
[_w χ a m k ɔ r i ]_w
[_w t a f r ]_w
[_w dʒ ɔ n i ]_w
[_w f a s ʔ ]_w
[_w s i n e m ]_w
[_w n ɔ m s a d ]_w
[_w m a h a l l i f ]_w
[_w b a s ]_w
[_w ɔ r i j u ʃ ]_w
[_w m e ɔ r a n d ]_w
[_w b i d r ɔ ]_w
[_w z i b a s ]_w
[_w i n k ɔ r ]_w
[_w m a r d ]_w
[_w tʃ i s e ]_w
[_w d ɔ ʃ t ]_w
[_w q a t ʔ ]_w
[_w v u dʒ u t ]_w
[_w ʃ a χ s ]_w
[_w s a r b i ]_w
[_w n a ʃ a v a t ]_w
[_w i dʒ t i m ɔ l i ]_w
[_w s i b a s ]_w
[_w d a r s i ]_w
[_w a s i s i ]_w
[_w t a ʃ a k k u r ]_w
[_w d a s v i b ]_w
[_w s ɔ l i ]_w
[_w d a l ɔ ʃ χ ɔ i ]_w
[_w b u r d a ]_w
[_w a d l i ]_w
[_w b ɔ j i n i ]_w
[_w χ ɔ n a ]_w
[_w e tʃ ɔ t i ]_w
[_w k a r b i ]_w
[_w ʃ ɔ d r a f ɔ ]_w
[_w d a ʔ l i m i ]_w
[_w b ɔ r z j ]_w
[_w b u d a n t ]_w
[_w t ɔ tʃ i k i ]_w
[_w m u j a s s a l ]_w
[_w v i ɡ r ]_w
[_w d u r u k ]_w
[_w χ ɔ s i l a i ]_w
[_w d ɔ n a n d i ]_w
[_w n i k ɔ χ i ]_w
[_w χ ɔ d i r ]_w
[_w n a v i ʃ t ]_w
[_w χ u t ɔ j ɔ ]_w
[_w f i ɡ r u ]_w
[_w m u r ɔ tʃ i a t ]_w
[_w n ɔ m s a t ]_w
[_w u t ɔ k ɔ ]_w
[_w m a v s u d a ]_w
[_w m a q ɔ l a ]_w
[_w l ɔ z i ]_w
[_w m u l ɡ i ]_w
[_w f i l m χ ɔ i ]_w
[_w m e d ɔ n a t ]_w
[_w s ɔ l χ ɔ i ]_w
[_w a b d u l l ɔ r ]_w
[_w tʃ i r ɔ ]_w
[_w s a n k ]_w
[_w s u d j ]_w
[_w r a v ʃ a n ]_w
[_w m u s t a k i i ]_w
[_w m u f ɔ v i ɡ ]_w
[_w m i k t ɔ m i ]_w
[_w i tʃ r ɔ i ]_w
[_w χ a v d ]_w
[_w ʃ e ʔ r u ]_w
[_w a z r h ɔ i ]_w
[_w tʃ u n ɔ n ]_w
[_w r a ʃ t ]_w
[_w p a ʔ t i ]_w
[_w n a r m ]_w
[_w ʃ a χ z ɔ n e ]_w
[_w p a j ɔ n ]_w
[_w u b u r i ]_w
[_w ʃ ɵ r a f i i ]_w
[_w n ɔ m z a t ]_w
[_w χ ɔ χ a n t ]_w
[_w s ɔ m ɔ n i ]_w
[_w i ʃ ɔ r ]_w
[_w i d ɔ r ]_w
[_w p u r d a n d ]_w
[_w b a r d a d ]_w
[_w χ ɔ h i ʃ ]_w
[_w v a ʔ t a ]_w
[_w k a m e ]_w
[_w i d m i n ɔ n ]_w
[_w n i k a r ]_w
[_w i n ɡ i ʒ ɔ f i ]_w
[_w n a f s ɔ i ʃ ]_w
[_w a ʃ j ɔ i ]_w
[_w m a χ m u d i ]_w
[_w j ɔ b a n t ]_w
[_w d ɔ dʒ i ɡ ]_w
[_w r a j ɔ n ]_w
[_w k u d r a d i ]_w
[_w t a r i ]_w
[_w k a t ɔ m ]_w
[_w i n ɡ u n a d ]_w
[_w d u ʃ a n b e ]_w
[_w ɔ r s u ]_w
[_w s ɔ l h ɔ i ]_w
[_w t ɔ χ i l ]_w
[_w p ɔ b ɔ tʃ ɔ n ]_w
[_w a m n i j a ]_w
[_w n a k s i ]_w
[_w m a t a a n d ]_w
[_w q ɔ l a i ]_w
[_w ʃ ɔ i z d a ]_w
[_w k i l u ɡ r ɔ d ]_w
[_w s a r tʃ a m i ]_w
[_w ʃ u r ɵ ʔ ]_w
[_w k a l i m a ]_w
[_w p u r t i ]_w
[_w m a tʃ l i l ]_w
[_w s u h b a t ]_w
[_w n a k ʃ ]_w
[_w t ɔ ʃ t a n ]_w
[_w m u b a d d a z ]_w
[_w m i l l j ]_w
[_w m ɔ n d a a s t ]_w
[_w z u r i j a i ]_w
[_w t a l a b ]_w
[_w i s t a ]_w
[_w b a t e i ]_w
[_w t a v r ]_w
[_w q a b u l ]_w
[_w s a r d u m i ]_w
[_w u m d a d a n ]_w
[_w d ɔ r e m ]_w
[_w b ɔ ʃ a t ]_w
[_w a f f a ɡ ]_w
[_w n a χ u z u r ]_w
[_w k a m b u t i ]_w
[_w t ɔ l l a r ]_w
[_w m i n r u b i i ]_w
[_w b a χ n ]_w
[_w t a b a s s u m ]_w
[_w m e r ɔ z i ]_w
[_w i b r ɔ z ]_w
[_w ɔ n h ɔ i ]_w
[_w tʃ a v ɔ p ]_w
[_w t a q r i b a n ]_w
[_w a s t ]_w
[_w m i q t ɔ r i ]_w
[_w a n t a r i ]_w
[_w ɔ f a r a ]_w
[_w a f z u ʔ ]_w
[_w h a z d a i i ]_w
[_w b a r ɡ i s ]_w
[_w i n s ɔ f ]_w
[_w ɡ ɔ b u l ]_w
[_w s i r i l l i k ]_w
[_w d e s ]_w
[_w χ ɔ t i s a i ]_w
[_w m e k a r d ]_w
[_w ɔ i n a ]_w
[_w tʃ ɔ n i ]_w
[_w h i z b i ]_w
[_w s a v e d ]_w
[_w b a n d a k i ]_w
[_w h ɔ d i ]_w
[_w h a t t i r ]_w
[_w t ɔ t a a s t ]_w
[_w b a r ɔ m a t ]_w
[_w ʃ a m s ]_w
[_w m u a l l i f i ]_w
[_w χ a m a r ɔ ]_w
[_w r a h m ɔ n ɔ f ]_w
[_w t a ɡ j i r i ]_w
[_w s a n i ]_w
[_w s a r d ]_w
[_w m a k s i ]_w
[_w d ɔ tʃ i k ɔ n i ]_w
[_w d a m ]_w
[_w m a q ɔ l a b i ]_w
[_w s ɔ b i ]_w
[_w k ɔ r e ]_w
[_w j e k ɔ ]_w
[_w m i l l a d i ]_w
[_w n a s m i i ]_w
[_w i r d i b ɔ χ ]_w
[_w s ɔ χ t a a n d ]_w
[_w h ɔ s i l i ]_w
[_w ʃ u m ɔ r a i ]_w
[_w k u v d a n ]_w
[_w i m ɔ m ]_w
[_w χ a m l a ]_w
[_w a χ i r a n ]_w
[_w n i k a r ɔ n ]_w
[_w t a f z e ʔ a i ]_w
[_w m i s l i ]_w
[_w r ɔ h ]_w
[_w r a f t a a s t ]_w
[_w h i s b i ]_w
[_w dʒ a l b ]_w
[_w d a χ s i i ]_w
[_w m ɔ h ]_w
[_w p a χ ɔ r ]_w
[_w z u i s ]_w
[_w d ɔ m a n ]_w
[_w j u s u f ]_w
[_w ɔ f ɔ z χ ɔ n i ]_w
[_w p a χ t i d ]_w
[_w m i k d ɔ r ]_w
[_w m ɔ d t a i ]_w
[_w r a v ɔ n ]_w
[_w k ɔ r i ]_w
[_w ɡ a j h ɔ n i ]_w
[_w t a b i i ]_w
[_w m u ʃ t a r i ]_w
[_w a z i l a i ]_w
[_w h a m s a m ɔ n ]_w
[_w j u r i j ]_w
[_w n i z ]_w
[_w m u a l l i i ]_w
[_w n a χ u s t i ]_w
[_w χ a m k ɔ r i i ]_w
[_w i z t i ]_w
[_w i d ɔ r i ]_w
[_w z u r ]_w
[_w b a n t a r ]_w
[_w ɔ j a n d ]_w
[_w m e χ ɔ n e d ]_w
[_w r u t i ]_w
[_w t a z d i k i ]_w
[_w tʃ ɔ s t ]_w
[_w i s l ɔ m i ]_w
[_w m ɔ l i i ]_w
[_w dʒ a n ɡ i ]_w
[_w i s r ɔ ]_w
[_w k i r a n d ]_w
[_w z ɔ χ t a i ]_w
[_w e ʔ t i b ɔ r ]_w
[_w b e χ u d a m ]_w
[_w χ a j r a h ɔ ]_w
[_w ɔ q ɔ i ]_w
[_w ɔ ʃ k ɔ r ɔ ]_w
[_w d i n i i ]_w
[_w t a v z i f ]_w
[_w s i j ɔ s i ]_w
[_w tʃ u n i n ]_w
[_w m e ɔ r a d i ɔ ]_w
[_w i v ɔ d a ]_w
[_w s e h n i ]_w
[_w s a v a ]_w
[_w f a χ ʃ ]_w
[_w χ a m a r ɔ d i ]_w
[_w m u ɔ s i r ]_w
[_w h ɔ ɡ i m a t i ]_w
[_w m e r a s a d ]_w
[_w s ɔ l a ɡ i ]_w
[_w n a v r u b ɔ i ]_w
[_w n ɔ m h ɔ i ]_w
[_w d u f f u m ]_w
[_w d ɔ m a n d ]_w
[_w r a f ɔ b i d ]_w
[_w k ɵ j ɔ ]_w
[_w m e d ɔ n i ]_w
[_w i n tʃ ɔ ]_w
[_w ɔ s ɔ d i r ]_w
[_w χ a l ɡ ]_w
[_w t i t ɔ r i ]_w
[_w t ɔ ʃ d e m ]_w
[_w b ɔ r l u m ɔ n ]_w
[_w m e r a v a d ]_w
[_w n i s p a t ]_w
[_w v u tʃ u d i ]_w
[_w d a s m i ]_w
[_w m a s n u n ]_w
[_w p u r u n ]_w
[_w ʃ ɔ i r ɔ n ]_w
[_w f a l a k ]_w
[_w i t t a ʔ ɔ i ]_w
[_w k ɔ r χ ɔ n a t ]_w
[_w ɔ d a ʃ s u s i ]_w
[_w ɡ i s m a d ]_w
[_w i m z ɔ ]_w
[_w s a r u r a t e ]_w
[_w d a r b ɔ r ]_w
[_w m a r t i d ]_w
[_w χ a t m i ]_w
[_w a χ t ɔ n ]_w
[_w m ɔ ʃ i n ]_w
[_w n a k a r ]_w
[_w dʒ i s t ]_w
[_w χ ɔ f a r d a m ]_w
[_w u m u r i ]_w
[_w i d t i ]_w
[_w i dʒ r ɔ ]_w
[_w e χ z ɔ z i ]_w
[_w ɔ m a d a t ]_w
[_w a v z u ʔ r ɔ ]_w
[_w d a χ z i ]_w
[_w m e b a r a d ]_w
[_w n a b u t a n t ]_w
[_w d u z d ]_w
[_w dʒ a v ɔ n i n i ]_w
[_w tʃ u m h u r i i ]_w
[_w m a ʔ n i i ]_w
[_w p a t a n ]_w
[_w b a n d a r ]_w
[_w d e z ]_w
[_w n a m u d e m ]_w
[_w s a n e ]_w
[_w f ɔ k e ʔ ]_w
[_w ɔ v a r d ]_w
[_w m a ʃ k u l ]_w
[_w n ɔ h i j a i ]_w
[_w k a l ɔ m i i ]_w
[_w t i k a r r ɔ ]_w
[_w n i ʃ ɔ n ]_w
[_w i dʒ l ɔ z i ]_w
[_w ʃ a v a d ]_w
[_w s ɔ d d a i ]_w
[_w r a ɡ z i ]_w
[_w k u tʃ a ɡ i i ]_w
[_w p e ʃ t a r ]_w
[_w m e z u s a n ]_w
[_w m i z r ]_w
[_w f l a t i ]_w
[_w m a v r i ]_w
[_w h ɔ l a d ]_w
[_w ɡ u m a k i ]_w
[_w t ɔ r i k ]_w
[_w v m k b ]_w
[_w n e r u ɡ ɔ χ ]_w
[_w a m n i j a t ]_w
[_w i z d i ɡ l ɔ l ]_w
[_w m u h i t i ]_w
[_w ɔ χ ɔ z i r i ]_w
[_w ɔ l a m ]_w
[_w χ ɔ n d a a s t ]_w
[_w p ɔ ʃ a n d ]_w
[_w ɡ a n a t ]_w
[_w m i s ɔ n i ]_w
[_w b a h r i ]_w
[_w f i ɡ r a m ]_w
[_w ʃ u n i t a m ]_w
[_w m e r a v d ɔ ]_w
[_w p a ʔ s e ]_w
[_w a s l a n ]_w
[_w a k n u n ]_w
[_w b ɔ b ɔ e v ]_w
[_w d ɔ d ɡ ɔ χ i ]_w
[_w s a b ɔ n e ]_w
[_w h ɔ s i r ]_w
[_w z ɔ d a ]_w
[_w h ɔ dʒ i r i ]_w
[_w χ a t m a n ]_w
[_w ɡ ɔ s i m ]_w
[_w n ɔ n i ]_w
[_w m a r d ɔ ]_w
[_w m a n v i a t i ]_w
[_w m u h i m ]_w
[_w n a s r i ]_w
[_w m u j a s s a r ]_w
[_w f a s i l a i ]_w
[_w a d r ɔ ]_w
[_w n a f b a d i ]_w
[_w i n ʃ ɔ ]_w
[_w i n d e r n e d ]_w
[_w ɡ a n d a ]_w
[_w b u l ]_w
[_w u l a m ɔ i ʃ i ]_w
[_w m e d ɔ r a d ]_w
[_w χ ɔ l e z d ]_w
[_w χ ɔ f i z ]_w
[_w χ u r d i ]_w
[_w b i j ɔ t e r ɔ ]_w
[_w t a b ʔ ]_w
[_w m ɔ ʒ i n i ]_w
[_w t a tʃ r i b a n ]_w
[_w m u a r r i f i ]_w
[_w v a r z ɔ n ]_w
[_w z ɔ s i r i ]_w
[_w n a ʃ r i ]_w
[_w p u ʁ ɔ r ɔ r ɔ ]_w
[_w t a k ʒ e ]_w
[_w k ɔ r e r ɔ ]_w
[_w d a ʔ z i z ]_w
[_w t u s t ɔ t ]_w
[_w b ɔ l ɔ i ]_w
[_w ʃ e r d ɔ r i ]_w
[_w ʃ a b ]_w
[_w v a ɡ i d a i ]_w
[_w a f ɡ ɔ n ]_w
[_w m i n ]_w
[_w d u n j ɔ i ]_w
[_w r ɵ z h ɔ i ]_w
[_w d ɔ z a i ]_w
[_w a j j ɔ m i ]_w
[_w r ɵ d i ]_w
[_w ɡ a l i m a ]_w
[_w m ɔ d a ɡ ɔ z ɔ ]_w
[_w f a r z ɔ p ]_w
[_w ʃ u b h a ]_w
[_w r a z m a n ]_w
[_w m ɔ n d a ]_w
[_w χ e ʃ r ɔ ]_w
[_w b a v i ʃ t a ]_w
[_w t a v l i ]_w
[_w χ ɔ h e m ]_w
[_w b a χ ɔ i r i ]_w
[_w s a r ʃ ɔ r ]_w
[_w ʃ a h r a ɡ i ]_w
[_w ʃ a r ɡ i z ]_w
[_w m a z d tʃ ɔ h ]_w
[_w ɡ u χ i ]_w
[_w u z d ɔ n ]_w
[_w t a l e r ]_w
[_w χ a s t a i i ]_w
[_w i l m h ɔ i ]_w
[_w d ɔ d k ɔ χ ]_w
[_w i ʃ k i ]_w
[_w ʃ a b u ]_w
[_w k u r u χ χ ɔ i ]_w
[_w ɔ r a d ]_w
[_w m u k a r r ɔ ]_w
[_w t a z v i b i ]_w
[_w t e ʔ d ɔ ]_w
[_w s a r t u ʃ t i ]_w
[_w k u d ɔ χ ]_w
[_w b ɔ χ d a i ]_w
[_w r a h m ɔ n ɔ v ]_w
[_w b e χ t ɔ s i ]_w
[_w m a d ɔ r i ]_w
[_w i m k ɔ n ɔ d ]_w
[_w m a r d i t ]_w
[_w b i n ɔ i ]_w
[_w k a d l i j a ]_w
[_w ɔ n d a a s t ]_w
[_w q a r ɔ r ]_w
[_w d e h a i ]_w
[_w j ɔ r i i ]_w
[_w b e ʃ t a r ]_w
[_w k a r d e ]_w
[_w tʃ i n i ]_w
[_w k a r ɔ n ]_w
[_w h a s t i ]_w
[_w d ɔ b e ]_w
[_w b e ʃ t a r i ]_w
[_w k a v l i t ]_w
[_w ʃ a r m ]_w
[_w b ɔ n ɡ i ]_w
[_w v a s ]_w
[_w dʒ ɔ i s a ]_w
[_w a ʔ z ɔ ]_w
[_w i χ d i j ɔ r ]_w
[_w d a l k ɔ ]_w
[_w χ a j ʔ a t i ]_w
[_w b ɔ z ɔ r ]_w
[_w ʁ ɔ n u m ]_w
[_w q a l b i ]_w
[_w ɡ a r d a ]_w
[_w d a f r e χ i ]_w
[_w p u n j ɔ i ]_w
[_w n e s t a ]_w
[_w d a l e l ]_w
[_w m u s i k i i ]_w
[_w dʒ a v ɔ n i ]_w
[_w ɡ u l ɔ b ]_w
[_w dʒ a m ʔ ]_w
[_w r e ʃ a ]_w
[_w tʃ a ʃ n i ]_w
[_w χ ɔ n u m i ]_w
[_w m u a s s i r ]_w
[_w ʃ u d a z d u ]_w
[_w n a ʃ r ]_w
[_w χ i j ɔ n a ]_w
[_w p a j v a n d a ]_w
[_w t a r a χ t i ]_w
[_w d ɔ dʒ i ɡ ɔ n i ]_w
[_w m a n s u r ]_w
[_w ɡ a z i ]_w
[_w ɡ ɔ χ i ]_w
[_w a χ l i ]_w
[_w b a r b ɔ r ]_w
[_w l a χ z a n ]_w
[_w u m e t ]_w
[_w z a j i d ]_w
[_w p a n tʃ ɔ m ]_w
[_w d a s m i i ]_w
[_w k u m a k i ]_w
[_w q a b i l i ]_w
[_w v u tʃ u t ]_w
[_w ɔ m u χ d a r ]_w
[_w f ɔ l ɔ k d a ]_w
[_w ʃ u n i t a n i ]_w
[_w n a f ʔ ]_w
[_w r ɔ h i m ]_w
[_w h ɔ z i l i ]_w
[_w χ ɔ tʃ a k i i ]_w
[_w s e r i ]_w
[_w a m ɔ r a i ]_w
[_w i s k a n d a r ]_w
[_w m u n ɔ z i l ]_w
[_w n a χ s a d i ]_w
[_w h a v d ]_w
[_w m a χ k u m ]_w
[_w r u s n ɔ m a n ]_w
[_w ɡ u f t a i ]_w
[_w m a z m u n i ]_w
[_w q ɔ n u n i ]_w
[_w ɡ i l u k r ɔ t ]_w
[_w d a k ʃ e ]_w
[_w χ ɔ z d i ]_w
[_w ɡ ɔ n i ]_w
[_w m a ʔ r u v i ]_w
[_w r a s m i i ]_w
[_w i v a s ]_w
[_w m a ʃ k u l i ]_w
[_w d a f a dʒ dʒ ɵ h ]_w
[_w b a t ɔ n i ]_w
[_w s a n ɔ n u ]_w
[_w l a n d i n ]_w
[_w b ɔ s t ɔ n ]_w
[_w v a s e ʔ ]_w
[_w z ɔ l h ɔ i ]_w
[_w v ɔ r s u i ]_w
[_w d a b d i l ]_w
[_w t ɔ m a ]_w
[_w ʃ a χ s e ]_w
[_w s a b s ]_w
[_w i f t i t ɔ r ]_w
[_w m i l a n ]_w
[_w b a d a r ]_w
[_w t a v r e ]_w
[_w m i z r a i ]_w
[_w r a ʔ j ]_w
[_w e h j ɔ ]_w
[_w p i m ɔ n i ]_w
[_w d a χ ]_w
[_w dʒ a χ ɔ n i ]_w
[_w m e b ɔ j a d ]_w
[_w a ʃ k i l i ]_w
[_w χ i j ɔ b ɔ n i ]_w
[_w b e h t a r i ]_w
[_w b u r d ]_w
[_w u s m ɔ n ɔ ]_w
[_w b a r i i ]_w
[_w tʃ i h a d ]_w
[_w s i j ɔ h ]_w
[_w t a s t ɡ ɔ h i ]_w
[_w t i f ɔ dʒ ]_w
[_w v i r e b ]_w
[_w i tʃ ɔ z a i ]_w
[_w dʒ ɔ i s a i ]_w
[_w k ɔ r m a n d a ]_w
[_w χ a t ]_w
[_w χ a d ]_w
[_w z a v ɔ l ]_w
[_w b a s t a m ]_w
[_w b ɔ j ]_w
[_w i dʒ r ɔ i j a i ]_w
[_w χ i r a n ]_w
[_w e d ɔ ɡ ɔ n a ]_w
[_w tʃ i n ɔ j a t ]_w
[_w p a r r a s i ]_w
[_w m a χ ɔ r ]_w
[_w b a h z i ]_w
[_w s u l f i ]_w
[_w r a v ɔ n i ]_w
[_w d ɔ r i ]_w
[_w r u s i ]_w
[_w v a r ɔ z ]_w
[_w ɡ i r t ɔ n a ]_w
[_w d i l a m ]_w
[_w ɔ m a d ]_w
[_w m e t ɔ n a t ]_w
[_w r ɔ s ]_w
[_w i r ɔ q ]_w
[_w m ɔ j a i ]_w
[_w χ u l ɔ z a ]_w
[_w d a ʔ i n ]_w
[_w ʃ e r ɔ z i m ]_w
[_w m a k z a r i ]_w
[_w m e k u n a t ]_w
[_w t u z d ]_w
[_w m a k ɔ m ɔ d i ]_w
[_w k u ʃ ɔ d a ]_w
[_w χ ɔ l i f ]_w
[_w p a r e ʃ ɔ n i ]_w
[_w r a z ɔ n a t ]_w
[_w χ a m r ɔ χ ]_w
[_w z a χ m i ]_w
[_w d u v v u m i ]_w
[_w b ɔ r ]_w
[_w b i d i χ a n d ]_w
[_w d a b i i ]_w
[_w i k ɔ r ]_w
[_w m e j ɔ b a n t ]_w
[_w v ɔ s i d a k i ]_w
[_w χ ɔ r i tʃ j ]_w
[_w d i m i ]_w
[_w d a ʃ a k k u r ]_w
[_w χ ɔ n t ]_w
[_w t ɔ n i ʃ ]_w
[_w m a ɡ d a b ]_w
[_w tʃ ɔ b i ]_w
[_w s ɔ h a h ɔ i ]_w
[_w b a j v a s t ]_w
[_w f ɔ z e ʔ ]_w
[_w h a j ɔ d i ]_w
[_w i ʃ ɔ n ]_w
[_w n a v i ʃ t a i ]_w
[_w n a v ʔ e ]_w
[_w n a z m i ]_w
[_w i l ɔ v i ]_w
[_w b a ʔ t t a r ]_w
[_w m u ɔ z i r ɔ ]_w
[_w b u r ]_w
[_w f a q d e ]_w
[_w tʃ a ʃ n v ɔ r a ]_w
[_w ɡ u f t a ]_w
[_w r a z i ]_w
[_w b u r s i d ]_w
[_w d u r u d i ]_w
[_w n e d ]_w
[_w k ɵ h h ɔ i ]_w
[_w χ u d ]_w
[_w m e k a ʃ a n t ]_w
[_w b e ʃ r a f t a ]_w
[_w t ɔ t ]_w
[_w r ɔ k u n i ]_w
[_w ɡ u n ɔ k u n i ]_w
[_w b e b ɔ j a d i ]_w
[_w j ɔ v ɔ n ]_w
[_w a d ɔ i ]_w
[_w ɔ d d i ]_w
[_w ʃ a d i d a n i ]_w
[_w j a z d ɔ ]_w
[_w m a v h u m i ]_w
[_w ɡ a s i ]_w
[_w t a s t ]_w
[_w ʃ a h r u ]_w
[_w t a r ɔ z ]_w
[_w r a v a n t ]_w
[_w t a ɡ ɔ n a ]_w
[_w p ɔ χ t a ]_w
[_w a f k ɔ n ]_w
[_w z u t j ]_w
[_w χ ɔ z ]_w
[_w p ɔ k i ]_w
[_w t a ʔ m i n i ]_w
[_w tʃ a ʃ m ]_w
[_w v ɔ z i ]_w
[_w ɔ p a n d ]_w
[_w d a ʔ r i χ i ]_w
[_w dʒ a h ɔ n i ]_w
[_w a r a b j ]_w
[_w i tʃ r ɔ i j a i ]_w
[_w a s b ɔ b i ]_w
[_w t a s t i q ]_w
[_w r a f t a i ]_w
[_w m a q s a d ]_w
[_w b i r a z a t ]_w
[_w m e χ ɔ n a n d ]_w
[_w a n d ɔ z a ]_w
[_w i r d i b i ]_w
[_w m u h i d i ]_w
[_w i s t e ʔ f ɔ i ]_w
[_w z a n χ ɔ ]_w
[_w m u ʃ t ]_w
[_w χ i s s i ]_w
[_w p u r z i ʃ ]_w
[_w r ɵ d a k i ]_w
[_w t ɔ b i ]_w
[_w m a z ɔ i l i ]_w
[_w z a m i n h ɔ ]_w
[_w t a f z e ʔ a ]_w
[_w s a j r i ]_w
[_w d a ʔ j i d ]_w
[_w m e t ɔ n a d ]_w
[_w s ɔ l e ]_w
[_w z ɔ χ t a n i ]_w
[_w a χ u r ɔ z ɔ n ]_w
[_w t u r u t ]_w
[_w h a z d a n d ]_w
[_w i n ɡ u n a n t ]_w
[_w tʃ i ɡ u ]_w
[_w χ a m s u d ]_w
[_w t ɔ dʒ i k ɔ n i ]_w
[_w n e r u χ ɔ i ]_w
[_w i n ɡ ɔ r ]_w
[_w z a b ɔ n h ɔ e ]_w
[_w f a h t a t ]_w
[_w s e r ]_w
[_w χ u b u ]_w
[_w q ɔ b i l i ]_w
[_w s ɔ χ t m ɔ n i ]_w
[_w a f r ɔ d i ]_w
[_w p u ʃ ]_w
[_w ʃ u d a n i ]_w
[_w ɡ a s t a ]_w
[_w χ a s t ]_w
[_w f l a t ]_w
[_w dʒ i s ]_w
[_w z e b ɔ i ]_w
[_w t ɔ ʃ t a ]_w
[_w m a r ɔ z a r i ]_w
[_w d ɔ n a ]_w
[_w ʃ i r k a t ]_w
[_w χ ɔ r i tʃ a i ]_w
[_w s ɔ n i ]_w
[_w p ɔ r z i i ]_w
[_w a ʃ k ]_w
[_w n a k ʃ i ]_w
[_w ɡ a r d a v z i ]_w
[_w r a χ b a r i n ]_w
[_w f i l m r ɔ ]_w
[_w i r z ɔ l ]_w
[_w t a p i j ɔ d e ]_w
[_w p a s ɔ ]_w
[_w f a k d e ]_w
[_w a s ɔ b ]_w
[_w ʃ a h r i ]_w
[_w m u d d a d ]_w
[_w ɡ a r d a r ]_w
[_w s a r a n tʃ ɔ m ]_w
[_w r a f t i ]_w
[_w t ɔ ʃ t a n d ]_w
[_w m e k u n e m ]_w
[_w z ɔ χ i b ]_w
[_w h a v ɔ ]_w
[_w a n ɡ l i s i ]_w
[_w m u χ i m ]_w
[_w χ i z ɔ b i k ]_w
[_w dʒ ɔ m e a i ]_w
[_w ɔ m ɔ r i i ]_w
[_w χ a m s ɔ j a ]_w
[_w n a d ɔ r a m ]_w
[_w d a r d i t ]_w
[_w n a k u n a n d ]_w
[_w v ɔ k e ʔ ]_w
[_w t i n i i ]_w
[_w t ɔ t ɡ ɔ χ ]_w
[_w b a ʔ d a ]_w
[_w n a m e ʃ a ]_w
[_w d a s t ɡ i r ]_w
[_w b u χ ɔ r ɔ i ]_w
[_w ɔ ɡ ɔ i ]_w
[_w f i l m h ɔ i ]_w
[_w ʃ a χ s a ]_w
[_w f r i t i ]_w
[_w d ɵ l i ]_w
[_w ʃ u d ]_w
[_w m e ʃ a v e t ]_w
[_w m a χ a l ]_w
[_w m e d i χ a n d ]_w
[_w b e χ t ɔ ʃ t a ]_w
[_w f ɔ t i ]_w
[_w ɔ m u s i ʃ u ]_w
[_w f a r j ɔ ]_w
[_w z a d a m ]_w
[_w a m r i ]_w
[_w s a b t ]_w
[_w d i r u z i ]_w
[_w m a k a r ]_w
[_w b ɔ r s i ]_w
[_w t u r u z t ]_w
[_w p a h ɔ r a d ]_w
[_w e tʃ ɔ d i ]_w
[_w z i t a n t u ]_w
[_w a χ t i ]_w
[_w u n v ɔ n ]_w
[_w v e ʔ l i i ]_w
[_w k a ʃ t a ]_w
[_w v a z e ʔ ]_w
[_w a t ɔ l a t i ]_w
[_w tʃ a v ɔ b i t a ]_w
[_w z a v χ a r a ɡ ]_w
[_w χ ɔ ɡ i m a t i ]_w
[_w a d r ɔ f i ]_w
[_w tʃ ɔ i ]_w
[_w m a s ʔ a l a i ]_w
[_w z a ʔ j ]_w
[_w z i l ]_w
[_w b a s t a n t ]_w
[_w ɔ m ɔ d a ]_w
[_w h i v z i ]_w
[_w a b r e l i ]_w
[_w χ u d a ]_w
[_w b e ʃ ]_w
[_w l e t ]_w
[_w m ɔ r ɔ n i ]_w
[_w l a h s a d i ]_w
[_w l i b ɔ z ]_w
[_w a f r ɔ t i ]_w
[_w ɔ b u ]_w
[_w a s ɔ z a n d ]_w
[_w χ a s t e m i ɡ ]_w
[_w t ɔ ʃ t a n i ]_w
[_w s a r a m ]_w
[_w m i k t ɔ r ]_w
[_w m e t r i ]_w
[_w r a f ɔ ]_w
[_w b i j ɔ e d ]_w
[_w d u z d i n ]_w
[_w m i l l a t e ]_w
[_w m a n s a b i ]_w
[_w m e d ɔ r a m ]_w
[_w i m r ɵ s ]_w
[_w f a r ɔ f a t ]_w
[_w a l a j h i ]_w
[_w dʒ a ʃ n ]_w
[_w tʃ i z i ]_w
[_w v i l m h ɔ i ]_w
[_w d i t a m ]_w
[_w b ɔ z d ɔ r i ]_w
[_w b a r q ]_w
[_w χ ɔ l ]_w
[_w s a r ɔ f a d ]_w
[_w b a r h a n ɡ i ]_w
[_w ɔ v ɔ s ]_w
[_w tʃ i n ɔ i ]_w
[_w ʃ ɔ m i l i ]_w
[_w ʃ a ɡ l ]_w
[_w z a d a a n d ]_w
[_w i s v a r a ʃ ]_w
[_w m e k u n a e ]_w
[_w m e χ ɔ χ a n d ]_w
[_w t ɔ n i ]_w
[_w ɔ m ɵ z i ʃ i ]_w
[_w χ ɔ dʒ a k i i ]_w
[_w i q d i s ɔ d i ]_w
[_w ɔ ʒ ɔ n z i ]_w
[_w b ɔ v a r d ɔ ]_w
[_w d e v ɔ n a ]_w
[_w d e ɡ a b r ]_w
[_w a t a b i ]_w
[_w t a r χ i ]_w
[_w χ ɔ r i tʃ i i ]_w
[_w s a b a b i ]_w
[_w ɡ ɔ d i ]_w
[_w m u d t a d i ]_w
[_w m ɔ n e ʔ ]_w
[_w dʒ ɔ b ]_w
[_w h a q i q a t ]_w
[_w h ɔ l a t i f i ]_w
[_w b a χ ʃ ]_w
[_w ɔ ʃ i q ]_w
[_w m e ɡ ɵ j a n d ]_w
[_w v ɔ i d a i ]_w
[_w b i r u s i j a ]_w
[_w k ɔ r i i ]_w
[_w h a f t a n t ]_w
[_w χ a t i ]_w
[_w d ɔ r ]_w
[_w s a d ɔ i ]_w
[_w t i l i ]_w
[_w p a j t ɔ n ]_w
[_w ʃ a j χ ]_w
[_w b ɔ k i ]_w
[_w z ɔ i r i ]_w
[_w s ɔ k i n i ]_w
[_w χ u ʃ b a χ t i ]_w
[_w χ a f t ]_w
[_w r a i z i ]_w
[_w ʁ a m ɔ i ]_w
[_w k a r m ]_w
[_w u m r i ]_w
[_w a n a ]_w
[_w k e ʃ i ]_w
[_w m i l l a t r ɔ ]_w
[_w r ɔ s t j ]_w
[_w ɔ v ɔ z i t a ]_w
[_w v z e k ɔ ]_w
[_w p ɔ s s ɔ z i ]_w
[_w a n t ɔ s ]_w
[_w n a z ɔ r ]_w
[_w ʃ a χ s ɔ n i t ]_w
[_w u s t ɔ d i ]_w
[_w a t r ɔ ]_w
[_w i dʒ r ɔ i ]_w
[_w tʃ a b ]_w
[_w z a v ɔ r a d ]_w
[_w b a k t ɔ d ]_w
[_w b u d e d ]_w
[_w i b ɔ d i ]_w
[_w b ɔ r l u m ɔ t ]_w
[_w dʒ ɔ n i b i ]_w
[_w m e ɡ ɵ j a m ]_w
[_w i n d i χ ɔ r ]_w
[_w h e dʒ ]_w
[_w v a s i l a ]_w
[_w s i d ɔ i ]_w
[_w χ u d a m ]_w
[_w χ ɔ r i tʃ a ]_w
[_w m u z ɔ i d a t ]_w
[_w k a j r i ]_w
[_w d ɔ n i ʃ ɡ ɔ χ ]_w
[_w z u l ɔ l i ]_w
[_w d a r tʃ u m a n ]_w
[_w d ɔ n i i ]_w
[_w f a r m ɔ j a i ]_w
[_w n ɔ j a b r ]_w
[_w d a r a i ]_w
[_w k ɔ v i ]_w
[_w t u l l ɔ ]_w
[_w χ u s r a v ]_w
[_w k a b l ]_w
[_w i t ɔ a t ]_w
[_w f u tʃ u t i ]_w
[_w b ɔ k u ]_w
[_w d a r d i ]_w
[_w d e χ k ɔ n i ]_w
[_w n a t i ]_w
[_w m u r t a a m ]_w
[_w ɔ z m u n i ]_w
[_w χ u ʃ b a χ t ]_w
[_w a n d a k i ]_w
[_w m a k ɔ m ɔ t ]_w
[_w p a r a n ]_w
[_w i n q i l ɔ b i ]_w
[_w ɡ ɔ h ]_w
[_w i r ɔ n ]_w
[_w b e ʃ t a r e ]_w
[_w d a n i ]_w
[_w s i n d a q a i ]_w
[_w h ɔ l ]_w
[_w m a n ɔ f e ʔ i ]_w
[_w m u d d a t e ]_w
[_w s ɔ l ɔ n a ]_w
[_w d a k ɔ n a i ]_w
[_w ʃ i r ]_w
[_w m e t ɔ n e m ]_w
[_w ɡ u f t a n t ]_w
[_w χ u k u k i ]_w
[_w h a d t i ]_w
[_w k u f t e m ]_w
[_w s ɔ v e d i ]_w
[_w r ɔ n a n d a r ]_w
[_w p e m ɔ r i i ]_w
[_w ɔ ɡ ɔ s ]_w
[_w a χ r i ]_w
[_w z u χ a n ɔ n ]_w
[_w f a r ɔ χ a m ]_w
[_w r ɔ b i t i ]_w
[_w i ʃ t i r ɔ z i ]_w
[_w p ɔ s ]_w
[_w s i n a ]_w
[_w χ a s i n a m ]_w
[_w k u r u χ ]_w
[_w ɡ a ʃ t a n ]_w
[_w b i j ɔ d e r ɔ ]_w
[_w f a r ɔ m a d i ]_w
[_w b a r ɔ i ]_w
[_w dʒ a l a z a i ]_w
[_w t a r z i ʃ ]_w
[_w m e n ɔ m a n ]_w
[_w s ɔ χ a i ]_w
[_w t u dʒ ɔ r i ]_w
[_w m u k a d d a r ]_w
[_w m a d r a h ]_w
[_w h ɔ l e ]_w
[_w v a r ɔ n ]_w
[_w r ɔ z d ]_w
[_w t a h s i ]_w
[_w p ɔ s k a ʃ t ]_w
[_w ʃ a f a n d ]_w
[_w u z d ɔ d ]_w
[_w t ɵ z d i ]_w
[_w n a z m ]_w
[_w s a b d ]_w
[_w a k b a r ]_w
[_w r u s t a r d i ]_w
[_w ɡ ɵ d ɔ h ]_w
[_w t u s t i n ]_w
[_w r ɔ z i ]_w
[_w tʃ a n ɡ ]_w
[_w χ u t ɡ u ʃ i ]_w
[_w a n tʃ ɔ m ]_w
[_w v ɔ z e ʔ ]_w
[_w p e χ u d a ]_w
[_w r a s ]_w
[_w b a n d u ]_w
[_w d u r u d ]_w
[_w t ɔ χ i ]_w
[_w s ɔ l a d ]_w
[_w p u d a n d ]_w
[_w s i n d a q a ]_w
[_w n i ɡ a r ɔ r ]_w
[_w b ɔ j t a χ d i ]_w
[_w k i r i f t ]_w
[_w f a q t i ]_w
[_w d ɔ t a ]_w
[_w r u d i ]_w
[_w r a χ m ɔ n ]_w
[_w t i d ɔ ʁ ]_w
[_w a l b a t t a s ]_w
[_w s e b j a ]_w
[_w b ɔ l ɔ ]_w
[_w m a r t e m ]_w
[_w t ɔ d a ]_w
[_w a q i t a i ]_w
[_w n ɔ m i d a i ]_w
[_w d a h ]_w
[_w z a d r i ]_w
[_w d u χ d a r ]_w
[_w r ɵ j ]_w
[_w z a f ɔ l ]_w
[_w m u f ɔ f i q ]_w
[_w ɡ a r b i j a ]_w
[_w z u r i j ]_w
[_w z a v i ]_w
[_w m u z d a k a i ]_w
[_w a m s ɔ l i ]_w
[_w i d ɔ a d ]_w
[_w ɔ n χ ɔ i ]_w
[_w i s m ɔ i l i ]_w
[_w l a h s a ]_w
[_w i m r u s a ]_w
[_w n a v a r i ]_w
[_w f e v r a l i ]_w
[_w s i j ɔ z ]_w
[_w χ a s ɔ r ]_w
[_w ɡ u r ɵ h h ɔ i ]_w
[_w r ɔ n t a n ]_w
[_w n a s a d ]_w
[_w t a ʔ l i m ]_w
[_w t a r a tʃ a i ]_w
[_w tʃ a ʃ m i ]_w
[_w m a χ s ]_w
[_w k i l u ɡ r ɔ t ]_w
[_w k a r d i t ]_w
[_w χ a t a r a χ t ]_w
[_w e h s ɔ s i i ]_w
[_w b i r ]_w
[_w χ a n ɡ i ]_w
[_w r a m z i ]_w
[_w k ɔ v ]_w
[_w f ɔ χ i d χ ɔ i ]_w
[_w ɔ χ a n k ]_w
[_w i s l ɔ m i i ]_w
[_w n i ɡ ɔ h ]_w
[_w d u b ɔ r i ]_w
[_w i d d a ʔ ɔ ]_w
[_w m e b ɔ i ]_w
[_w m a v z e i ]_w
[_w χ a m ɔ i ]_w
[_w v i ʃ a i ]_w
[_w n a m ɔ j a d ]_w
[_w k a d r h ɔ i ]_w
[_w z a v e d ]_w
[_w t ɔ n i ʃ ɡ ɔ χ ]_w
[_w χ ɔ h a n ɡ u ]_w
[_w k a r d a a s t ]_w
[_w m a ɔ r i f i ]_w
[_w v ɔ ʃ a ]_w
[_w d i d a ]_w
[_w b i k i r e m ]_w
[_w tʃ ɔ m e a ]_w
[_w ɡ u r ɵ h ]_w
[_w s ɔ χ d ]_w
[_w a r s i ]_w
[_w p i r a i ]_w
[_w ʃ i ɡ a s t ]_w
[_w f u r z a t ]_w
[_w i f a s ]_w
[_w i n s ɔ n ]_w
[_w ɡ i r ɔ m j ]_w
[_w s a n ɔ n ]_w
[_w b i s a n a d ]_w
[_w f a r ɔ v ]_w
[_w b i k i ]_w
[_w b a ʔ d ]_w
[_w r ɔ t j u ]_w
[_w b a r ɔ b ]_w
[_w t ɔ z a ]_w
[_w p ɔ s t ɔ n ]_w
[_w n a tʃ ɔ d ]_w
[_w h a n ɡ i ]_w
[_w r u z ɡ ɔ r ]_w
[_w k u s a ʃ t ]_w
[_w t ɔ dʒ i k ]_w
[_w j ɔ t ]_w
[_w ɔ v a r i ]_w
[_w m ɔ l i ]_w
[_w b ɔ z b a z ]_w
[_w ʃ a j t ɔ n ]_w
[_w t ɔ tʃ i ɡ ɔ n ]_w
[_w d u f f u m i ]_w
[_w ʃ u d a a n d ]_w
[_w p e ʃ t a r i ]_w
[_w a s t u ]_w
[_w m a s k u r ]_w
[_w d i ɡ a r ]_w
[_w m e ɡ a ʃ a n d ]_w
[_w k u v d a h ɔ i ]_w
[_w h i m ɔ j a n t ]_w
[_w t ɔ n a d ]_w
[_w t a h h ɔ ]_w
[_w v a r ɔ n i ]_w
[_w i d d a d ]_w
[_w χ u tʃ a z d a ]_w
[_w a t a b i ʔ i ]_w
[_w n i s ɔ m i ]_w
[_w t a v ɔ n ]_w
[_w m i n d a k i ]_w
[_w χ a d d ɔ ]_w
[_w t a n h ɔ ]_w
[_w u s b a k ]_w
[_w d e h r ɔ n ]_w
[_w r ɔ s j ]_w
[_w l a h z a d i ]_w
[_w t a tʃ r i b a i ]_w
[_w ɡ u m ]_w
[_w χ a r v ]_w
[_w ɔ χ i r a n ]_w
[_w d a ʃ ɡ i ]_w
[_w h a d m a n ]_w
[_w r ɔ χ χ ɔ i ]_w
[_w s ɔ v e t i i ]_w
[_w t a ʔ z i r ]_w
[_w s a r v i ]_w
[_w k i r ɔ ]_w
[_w ʃ a h r a k i ]_w
[_w n ɔ χ i ]_w
[_w b ɔ k ]_w
[_w i r s ɔ l ]_w
[_w h ɔ d i s a i ]_w
[_w m u r d a n ]_w
[_w k u r u ʃ i ]_w
[_w d a ʔ l i m ]_w
[_w χ a j j ɔ m i ]_w
[_w χ a n k ɔ m i l ]_w
[_w n i ɡ ɔ χ i ]_w
[_w k u n a d ]_w
[_w p i r u z i j a ]_w
[_w ɔ d a t ]_w
[_w ɔ v a r ]_w
[_w t ɔ r e d ]_w
[_w ɔ ʃ n ɔ ]_w
[_w s a h ]_w
[_w f a r h ɔ i ]_w
[_w dʒ u m ʔ a ]_w
[_w a h ɔ l i ]_w
[_w ɔ s m u n i ]_w
[_w a d i b ]_w
[_w χ a t a r i ]_w
[_w n a q l ]_w
[_w ʃ ɔ h n ɔ m a i ]_w
[_w m a d r a s i ]_w
[_w e r ɔ n i j a ]_w
[_w r a h b a r i ]_w
[_w v ɔ b a s t ]_w
[_w dʒ a n ɡ i n ]_w
[_w s u l χ ]_w
[_w z a l ɔ m a d a ]_w
[_w χ a m a k n u n ]_w
[_w b a t a r ]_w
[_w ɔ n ɔ n ]_w
[_w ɡ u ʃ i ]_w
[_w p a ʔ s a n ]_w
[_w m a n r ɔ ]_w
[_w b a r ]_w
[_w m i r z ɔ e f ]_w
[_w v a ɡ d e ]_w
[_w a m r i k ɔ ]_w
[_w i z d ɔ n i ʃ ]_w
[_w χ a k ]_w
[_w s a n d i ]_w
[_w b a ʔ t i ]_w
[_w d ɔ z a ]_w
[_w i s k a n t a r ]_w
[_w ʃ u m ɔ r i i ]_w
[_w ʃ ɔ k i r d ɔ n ]_w
[_w t ɔ z d ɔ n ]_w
[_w f a ʔ ɔ l ɔ n i ]_w
[_w d ɔ tʃ i k i ]_w
[_w i s l ɔ h ɔ t i ]_w
[_w ɡ ɔ r ]_w
[_w s e r ɡ e j ]_w
[_w r a z m i j a t ]_w
[_w ɔ z ɔ r i ]_w
[_w ʃ a r i ]_w
[_w d ɔ tʃ i k ɔ n ]_w
[_w d a f ɔ n a ]_w
[_w ʃ a b i ]_w
[_w s a v ɔ l i ]_w
[_w dʒ u z ]_w
[_w v a s ɔ d i ]_w
[_w a v v a l i ]_w
[_w ʃ u t a m ]_w
[_w e ʔ t i b ɔ n i ]_w
[_w ɡ u m i ]_w
[_w χ u b e ]_w
[_w ɡ u n a i ]_w
[_w r u d a k ɔ s ɔ ]_w
[_w ɡ u t a k ɔ n ]_w
[_w j u z u v ]_w
[_w χ i r ɔ d ]_w
[_w z ɔ χ t a ]_w
[_w χ e tʃ ]_w
[_w b i k i r a t ]_w
[_w k a ʃ i t ]_w
[_w m a z e h ]_w
[_w m ɔ n a d ]_w
[_w ʃ i m ɔ l u ]_w
[_w p u d tʃ a i ]_w
[_w b ɔ r a i ]_w
[_w m u χ i t i ]_w
[_w p ɔ s i χ ɔ i ]_w
[_w tʃ u n ɔ n dʒ i ]_w
[_w t a k j i r ]_w
[_w tʃ a v ɔ n a d ]_w
[_w m u j a z s a l ]_w
[_w t ɔ tʃ i k ɔ n ]_w
[_w χ a p a r i ]_w
[_w d a l ɔ i l i ]_w
[_w d u s t i ]_w
[_w ʃ e ʔ r i ]_w
[_w a s l i ]_w
[_w ʃ ɔ i z d ]_w
[_w e χ t ɔ z i ]_w
[_w m e r a v a m ]_w
[_w t a l a b i ]_w
[_w t a ʔ j i n ]_w
[_w tʃ a n u b ]_w
[_w v i l ɔ j a t ]_w
[_w ɔ k ɔ z ]_w
[_w s a f i ]_w
[_w h a z ɔ r u ]_w
[_w v a r s a t ]_w
[_w χ u r z a n d u ]_w
[_w n a ʃ u d a n ]_w
[_w ʃ ɔ h i t a ]_w
[_w s u f l ɔ i ]_w
[_w a s ɔ z ]_w
[_w i n t i χ ɔ d ]_w
[_w s a i d ]_w
[_w e ʔ t i r ɔ z i ]_w
[_w a z a r i ]_w
[_w dʒ ɔ j k i r ]_w
[_w n a v ɔ χ i t a ]_w
[_w h a r a k ]_w
[_w χ a f ɔ i ]_w
[_w z e r ɔ ]_w
[_w z a r v i ]_w
[_w s u χ a n r ɔ ]_w
[_w m e ʃ u d a ]_w
[_w χ u t u d i ]_w
[_w i n d i ɡ ɔ l i ]_w
[_w a ɡ z a d i i ]_w
[_w t a ʔ i n ]_w
[_w m u ɡ i m i ]_w
[_w e h s ɔ s i ]_w
[_w t a z d u ]_w
[_w k u f t ɔ d ]_w
[_w s a r ]_w
[_w tʃ a n ɔ b i ]_w
[_w t i l l ɔ ]_w
[_w u f t ɔ t ]_w
[_w p u i ]_w
[_w v i l ɔ j a d ]_w
[_w ʃ u m ɔ r e ]_w
[_w b e r ɔ m u n i ]_w
[_w h a n ɡ ɔ m i l ]_w
[_w t ɔ n i ʃ i ]_w
[_w p a t a n i ]_w
[_w n a z a r ]_w
[_w e h t i r ɔ m ]_w
[_w s ɔ t i ]_w
[_w χ u t a t ]_w
[_w χ u d a d ]_w
[_w k u v d u ɡ ɵ ]_w
[_w s a r d u ʃ t ]_w
[_w m e d ɔ n e m ]_w
[_w p a r d ɔ ʃ t ]_w
[_w b ɔ n k i ]_w
[_w t a f r i ]_w
[_w χ ɔ χ a d ]_w
[_w d a s t ]_w
[_w k a j h ɔ n i ]_w
[_w t i d a n ]_w
[_w d u ʃ a n ]_w
[_w r u s t ɔ n ]_w
[_w a n d e ]_w
[_w i l i ]_w
[_w i d d i f ɔ dʒ ]_w
[_w χ a r ɔ b a r ]_w
[_w s a r u ]_w
[_w d a r d u ]_w
[_w m ɔ ʃ n ɔ ]_w
[_w m u χ ɔ k i ]_w
[_w l e k i n ]_w
[_w f a r d a n ]_w
[_w m ɔ d a ɡ i ]_w
[_w χ a m a ]_w
[_w j ɔ d a ]_w
[_w dʒ ɔ m e ʔ a ]_w
[_w z a v i r i ]_w
[_w m e k ɵ e m ]_w
[_w d a l ɡ ɔ ]_w
[_w r a j ɔ n i ]_w
[_w p a r k ]_w
[_w z i n t ɔ n ]_w
[_w ɔ h a n t ]_w
[_w ɡ u r u ʃ ]_w
[_w ɔ s t ɔ b i ]_w
[_w f ɔ b a z d a ]_w
[_w s a b d i ]_w
[_w m a t l a b e ]_w
[_w tʃ u s ]_w
[_w i ʃ a ʔ j ɔ ]_w
[_w t a l ɔ i l i ]_w
[_w dʒ i n ]_w
[_w b ɔ j ɔ n i ]_w
[_w q a b l ]_w
[_w ʒ a h r h ɔ i ]_w
[_w χ u z u r ɡ e ]_w
[_w ɔ ʒ n ɔ i ]_w
[_w k u n ]_w
[_w ɡ u m a t ]_w
[_w b ɔ l i k ]_w
[_w ʃ e ʔ r h ɔ ]_w
[_w d a ʃ k i l i ]_w
[_w u m d a i ]_w
[_w b a ʔ t a i ]_w
[_w ʃ i d t a ʔ ɔ i ]_w
[_w χ a d a r i ɔ ]_w
[_w t ɔ d u ]_w
[_w a v ɡ u z d i ]_w
[_w t a z a v v u r ]_w
[_w a d a b ]_w
[_w h i z b ]_w
[_w k a r d a n d u ]_w
[_w p a χ ʃ χ ɔ i ]_w
[_w q a b u l i s ]_w
[_w t a s t u r ]_w
[_w n ɔ t i q i ]_w
[_w m u k a r r a r ]_w
[_w χ i f z i ]_w
[_w v ɔ s i ]_w
[_w t a v a r i ]_w
[_w m e d i d ]_w
[_w f a s f i r i ]_w
[_w ɔ z ɔ d i r ]_w
[_w s p i d ɔ m ]_w
[_w d i l u ]_w
[_w d a r ]_w
[_w b a l χ ]_w
[_w m e k ɵ j a t ]_w
[_w ɡ ɔ t a ]_w
[_w m a n ɔ b e ʔ ]_w
[_w m e r a z a t ]_w
[_w z a b ɔ n r ɔ ]_w
[_w e ʔ d i m ɔ i i ]_w
[_w n a χ ɔ ]_w
[_w b a r r a r ]_w
[_w b a r t ɔ r i ]_w
[_w d a k m i l i ]_w
[_w dʒ ɔ r tʃ u b i ]_w
[_w b a j n i ]_w
[_w tʃ i s ]_w
[_w m a z χ a b i ]_w
[_w χ i m ɔ j a i ]_w
[_w b u l i ]_w
[_w b a j ɔ n i ]_w
[_w χ u ʃ t ɔ r i ]_w
[_w a v ɡ u s t ]_w
[_w χ ɔ n t a m ]_w
[_w f u r u ɡ ]_w
[_w a b b ɔ s ]_w
[_w r ɔ z s i j a ]_w
[_w m a χ s u s a d ]_w
[_w m a r ɡ a z i ]_w
[_w d a χ s i ]_w
[_w a t l i j a ]_w
[_w χ ɔ ɡ i m a d i ]_w
[_w n a s ɔ r a d i ]_w
[_w n a f r ɔ t ]_w
[_w χ ɔ n t a ]_w
[_w dʒ a n u b u ]_w
[_w b ɔ s b a s k i ]_w
[_w f a s i r i ]_w
[_w k a s i ]_w
[_w k i ʃ v a r i ]_w
[_w s a t h ɔ ]_w
[_w ɔ k ɔ i ]_w
[_w dʒ a ʃ m ɔ n i ]_w
[_w χ a f ɔ t t i ]_w
[_w ɔ f ɔ s χ ɔ n ]_w
[_w m e ɡ a r d i ]_w
[_w d i k a r e r ɔ ]_w
[_w t e r d a r ]_w
[_w ɡ a b l a n ]_w
[_w ɔ d a d ]_w
[_w n a ɡ u n ]_w
[_w z a v a r e ]_w
[_w ɡ a s i d a m ]_w
[_w m u k ɔ i s a i ]_w
[_w d i dʒ ɔ r a d i ]_w
[_w tʃ ɔ m e ʔ a ]_w
[_w t u χ t a r i n ]_w
[_w t a r ɡ ]_w
[_w χ u s u r ]_w
[_w b a r k i r i ]_w
[_w m a s dʒ i d ]_w
[_w d i d ɔ χ ]_w
[_w s u b χ ]_w
[_w m e r e z a t ]_w
[_w b a d a r i ]_w
[_w b e χ t a r ]_w
[_w m a ʔ r u f i ]_w
[_w u χ d a r ]_w
[_w s e χ n i ]_w
[_w n a f z ɔ d ]_w
[_w b a χ t a t i ]_w
[_w j ɔ v d i ]_w
[_w d ɔ t ɡ ɔ h ]_w
[_w n a f i ʃ a ]_w
[_w r a ʃ i t a ]_w
[_w s a χ d i ]_w
[_w d a l χ ]_w
[_w i v d i t ɔ i ]_w
[_w ɡ i d ɔ b ]_w
[_w t a m ]_w
[_w f i l ɔ j a t ]_w
[_w n a v ɔ r a ]_w
[_w z a n h ɔ ]_w
[_w b ɔ ɡ i ]_w
[_w f a j z a l i ]_w
[_w z a b k i ]_w
[_w s ɔ l χ ɔ ]_w
[_w r e ʃ i m i ]_w
[_w m a r t a n d ]_w
[_w n e ɡ ]_w
[_w χ u n a r ]_w
[_w n i χ ɔ d ]_w
[_w b u d i n ]_w
[_w χ a m i ]_w
[_w m e z a t ]_w
[_w r a ʔ j i n ]_w
[_w b i s i ʃ k ɔ n ]_w
[_w a l a j χ i ]_w
[_w s ɔ k i n ɔ n ]_w
[_w v a j ]_w
[_w χ ɔ r ]_w
[_w t a r b i ]_w
[_w a m z ɔ l ]_w
[_w v a s i r i ]_w
[_w m e b ɔ ʃ a d ]_w
[_w ɡ u r ɵ h i ]_w
[_w m a z a l ]_w
[_w b e h t a r ]_w
[_w tʃ a n k ]_w
[_w f a s ɔ r ɔ n i ]_w
[_w ɡ u r ʔ ɔ n ]_w
[_w m i r ]_w
[_w p u d a n t ]_w
[_w tʃ i n ]_w
[_w d a ʔ l i m u ]_w
[_w d a q r i b a i ]_w
[_w b u s u r k ]_w
[_w i s k a n d ]_w
[_w χ a b z i ]_w
[_w s a r u r a t ]_w
[_w n e z d ]_w
[_w p i k i r ɔ m j ]_w
[_w p i s j ɔ r e ]_w
[_w t a dʒ r i b a n ]_w
[_w k u n a n t ]_w
[_w a m r i k ɔ i ]_w
[_w χ ɔ h a m ]_w
[_w n a v r a i ]_w
[_w n ɔ r a i ]_w
[_w t ɔ r e t ]_w
[_w k a d l ]_w
[_w ɔ r a t ]_w
[_w d a r j ɔ ]_w
[_w χ a j r a ]_w
[_w χ i m ɔ j a d ]_w
[_w m a r ɔ ]_w
[_w t a r ɡ i b i ]_w
[_w b a d i n ]_w
[_w χ ɔ n d a a z d ]_w
[_w s u l ɔ l i ]_w
[_w k a j r a v i ]_w
[_w s e r k e j ]_w
[_w m ɔ n d ]_w
[_w s a n a t i dʒ a ]_w
[_w q u d r a d ]_w
[_w a n d e ʃ a i ]_w
[_w b u z u r ɡ e ]_w
[_w p i s a n d u ]_w
[_w d u r ɵ ʁ ]_w
[_w χ ɔ χ a n d a ]_w
[_w p i ɡ i r e m ]_w
[_w ʃ ɔ ɡ i r d i ]_w
[_w u r u b ɔ ]_w
[_w n a m e k a r t ]_w
[_w r a z ]_w
[_w ɔ χ a n k j ]_w
[_w a f k u z d a ]_w
[_w t a ʔ l i m i ]_w
[_w χ a j r i ]_w
[_w n e ɡ u ]_w
[_w ʃ u n i d a ]_w
[_w ɔ z ɔ t ]_w
[_w f u r u d ]_w
[_w χ a j r ]_w
[_w h i f z i ]_w
[_w tʃ a m ɔ a d ]_w
[_w b a d ɔ n i s t ]_w
[_w χ u r d ]_w
[_w m e d v e d e v ]_w
[_w dʒ a χ ɔ n r ɔ ]_w
[_w j a k tʃ a n t ]_w
[_w s ɔ l a ]_w
[_w d ɔ s a i ]_w
[_w ɡ i r i f t ]_w
[_w ɡ u n u n i ]_w
[_w r a v a m ]_w
[_w j ɔ d ɔ v a r d ]_w
[_w m e r a s a i ]_w
[_w m i n d a ]_w
[_w r a v ɔ b i ]_w
[_w r i s ɔ l a i ]_w
[_w m e χ ɵ r a t ]_w
[_w m u s u l m ɔ n ]_w
[_w χ u r z a d i ]_w
[_w χ a r a k a d ]_w
[_w d a r k i ]_w
[_w p e m ɔ r i ]_w
[_w h e tʃ ]_w
[_w v i ʃ ɔ r ]_w
[_w z i j ɔ h ]_w
[_w l e n i n ]_w
[_w v a r a d ]_w
[_w a z i s i ]_w
[_w m u z d a m ]_w
[_w ʃ a v χ a r a k ]_w
[_w n e s t a n i ]_w
[_w p u r z i t ]_w
[_w d a b i ʔ i ]_w
[_w dʒ u m l a ]_w
[_w b u b i n i ]_w
[_w i tʃ t i m ɔ d ]_w
[_w j a k ɔ n a i ]_w
[_w r a s a d ]_w
[_w ɡ a j r a v i ]_w
[_w l ɔ n t ɔ n ]_w
[_w ɡ u r u χ ]_w
[_w r a d ]_w
[_w ɡ a r t a r ]_w
[_w p i n ɔ ]_w
[_w k ɔ r a ʃ ]_w
[_w d ɔ k ɔ n a ]_w
[_w p ɔ j a t ]_w
[_w d u v u m ]_w
[_w s a n a i ]_w
[_w ɡ a r d a n i ]_w
[_w h ɔ z i l a i ]_w
[_w v a r d ]_w
[_w i m r ɵ z a ]_w
[_w t a n q i d ]_w
[_w v ɔ r s i s t ]_w
[_w h a j ɔ t ]_w
[_w r a s m i m i ]_w
[_w f a l s a v a ]_w
[_w χ a s ɔ r a t i ]_w
[_w ʃ u r a v i i ]_w
[_w b ɔ d i ]_w
[_w h i m ɔ j a d ]_w
[_w r a v a n t i i ]_w
[_w f a k i l ɔ n i ]_w
[_w s a v d ɔ ]_w
[_w ɡ a b l a ɡ i ]_w
[_w ʃ a r ʃ a r a e ]_w
[_w ɔ d a m ]_w
[_w ɡ ɵ d a k ]_w
[_w m ɔ t a k i ]_w
[_w m a j i ]_w
[_w b ɔ s i i ]_w
[_w z ɔ z m ɔ n i ]_w
[_w b i t i ]_w
[_w d u n j ɔ d ]_w
[_w d a s t a ]_w
[_w d ɔ n i ]_w
[_w ʃ a χ z ɔ b i ɡ ]_w
[_w n i z ɔ m ]_w
[_w b a r v ɔ z i l ]_w
[_w ʃ i n ɔ z ]_w
[_w dʒ a d i t i ]_w
[_w d ɔ n a n t ]_w
[_w ɡ u n ]_w
[_w k u n e m ]_w
[_w s i n t a k a r ]_w
[_w s u k u d i ]_w
[_w i z d i f ɔ q i ]_w
[_w d u s e ]_w
[_w m e k u j a n d ]_w
[_w i n d i χ ɔ m i ]_w
[_w k u ʃ t ]_w
[_w s i j ɔ d a ]_w
[_w s a f a r i ]_w
[_w n ɔ z i b ]_w
[_w m e s a n a n d ]_w
[_w m i s r ɔ ]_w
[_w d u r ɡ i ]_w
[_w ɡ i m a t i ]_w
[_w k u l i ]_w
[_w ɔ z ɔ d ɔ n a ]_w
[_w t a r a dʒ a i ]_w
[_w s a r v i s ]_w
[_w χ u d a ʃ ]_w
[_w d ɔ r e t ]_w
[_w t i t i ]_w
[_w t a χ ɔ i r i ]_w
[_w r ɔ z d i ]_w
[_w χ ɔ n u m ]_w
[_w χ u r d u ]_w
[_w t e v ɔ r ]_w
[_w m a ʃ h u r i ]_w
[_w s e ʃ a n b e ]_w
[_w χ ɔ h a d ]_w
[_w r a χ i ]_w
[_w m e ɡ u n a ]_w
[_w ʃ u χ n ɔ n ]_w
[_w r i z ɔ l ]_w
[_w a l ɔ h i d a ]_w
[_w j ɔ r i ]_w
[_w t a r a i ]_w
[_w z e r i n ]_w
[_w b a r l u m ɔ n ]_w
[_w tʃ i t t i f ɔ dʒ ]_w
[_w m a s ɔ n ]_w
[_w a n d a ]_w
[_w h a n ɡ u ]_w
[_w k i p ɔ l i ɡ i ]_w
[_w m e k u f t ]_w
[_w s a d a n d ]_w
[_w i m ɔ n a d ]_w
[_w χ ɔ tʃ a k i ]_w
[_w k u z d a ]_w
[_w n a m ɔ n a n d ]_w
[_w a ʁ d ɔ v i ]_w
[_w s i l ]_w
[_w t i tʃ ɔ r a t ]_w
[_w t e v ɔ n i ]_w
[_w t ɔ z a i ]_w
[_w v a k u l t a i ]_w
[_w s i n a i ]_w
[_w χ ɔ s i l ]_w
[_w k ɔ b u l ]_w
[_w s ɔ p i r ɔ f ]_w
[_w m e b u r d i ]_w
[_w i r ɔ ɡ i ]_w
[_w ɡ a m d a r ]_w
[_w k ɔ f i ]_w
[_w ɔ k ɔ s ]_w
[_w d u r u t ]_w
[_w s u r i ]_w
[_w n a t i d ]_w
[_w m e ɡ a ʃ a t ]_w
[_w m u t t a d i ]_w
[_w dʒ a v ɔ b ]_w
[_w b e ʃ i ]_w
[_w s e b ɔ i ]_w
[_w χ u n ]_w
[_w r a m a s ɔ i ]_w
[_w n a b u d a n d ]_w
[_w s a n a n d a ]_w
[_w s ɔ l ]_w
[_w z a r i ]_w
[_w ʁ i d m a t i ]_w
[_w ɔ m a t ]_w
[_w χ i s ɔ r ]_w
[_w ɔ m ɔ d a r i ɔ ]_w
[_w i b t i d ɔ r ]_w
[_w m e d i ]_w
[_w s a χ ɔ i r i ]_w
[_w m a r ɡ a s i i ]_w
[_w m ɔ n a ]_w
[_w h a r b i j a ]_w
[_w t u r u s t ]_w
[_w v a s l ]_w
[_w ɡ u m ɔ n ]_w
[_w tʃ a h ɔ n ]_w
[_w m i r s ɔ l ]_w
[_w b i d u n i ]_w
[_w m u ʔ ɔ d i l i ]_w
[_w m e d ɔ d ]_w
[_w k a k ]_w
[_w ʃ u d a m ]_w
[_w m u s a l ]_w
[_w ʃ a χ r u ]_w
[_w t a v ɔ n ɔ n ]_w
[_w χ u d ɔ ]_w
[_w r ɔ z s i i ]_w
[_w b ɔ z d ɔ ʃ t i ]_w
[_w d ɔ χ i l i ]_w
[_w m e b i n e m ]_w
[_w p a t ]_w
[_w ɔ ɡ ɔ χ ]_w
[_w v a s ɔ r a t ]_w
[_w t a r z i i ]_w
[_w χ a m r ɔ h i ]_w
[_w b e ʃ r a v d i ]_w
[_w d i r a ]_w
[_w s a n a n d ]_w
[_w n a d ɔ r i z i ]_w
[_w b ɔ ʔ i s i ]_w
[_w d a q s i m ]_w
[_w χ a s t a m i ]_w
[_w m a q s a t ]_w
[_w n i j ɔ z ]_w
[_w b i j ɔ b ɔ n i ]_w
[_w t a χ ɔ l a t i ]_w
[_w i b r ɔ s ]_w
[_w m e r ɔ s ]_w
[_w p u d i ]_w
[_w k ɔ χ i ]_w
[_w b e χ d a r ]_w
[_w p a χ n ]_w
[_w p i ɡ i r a d ]_w
[_w s u d ]_w
[_w m a r d a n d ]_w
[_w ʃ a k l h ɔ i ]_w
[_w j a n f a r ]_w
[_w p a j v a n d i ]_w
[_w b a r q a r ɔ r ]_w
[_w ɡ ɔ r u ]_w
[_w i f t i χ ɔ d i ]_w
[_w m a s ɔ n a ]_w
[_w t i h a n d ]_w
[_w j a k b ɔ r a ]_w
[_w b u χ ɔ r ɔ r ɔ ]_w
[_w ɔ h a n d ]_w
[_w dʒ a l b i ]_w
[_w f u dʒ u d i ]_w
[_w tʃ a r ɔ ɡ i ]_w
[_w t u χ m i ]_w
[_w ɡ a r ]_w
[_w n e s t a n d ]_w
[_w d a v r e ]_w
[_w b i t i χ a d ]_w
[_w k a t l i ]_w
[_w k u n ɔ h ]_w
[_w m a j ɡ l ]_w
[_w i χ t i s ɔ r ]_w
[_w k a t a r ]_w
[_w i tʃ t i m ɔ ʔ i ]_w
[_w k a t a m ]_w
[_w k u s a ʃ t i ]_w
[_w i n t i ɡ ɔ l i ]_w
[_w n u r ]_w
[_w t a r z ]_w
[_w p a r tʃ a n d ]_w
[_w d a ʔ s i z ]_w
[_w k a m i ]_w
[_w s ɔ b i r ɔ v ]_w
[_w h i s ]_w
[_w ʃ i k ɔ j a d i ]_w
[_w m i s r ɔ b ]_w
[_w ɡ a r i ]_w
[_w t a f l a d ]_w
[_w t a l e l i ]_w
[_w d a h t i ]_w
[_w tʃ u d ɔ k ɔ ]_w
[_w a d d ɔ ]_w
[_w e t ɔ k ɔ ]_w
[_w e d ɔ m ]_w
[_w s a v a r ]_w
[_w ʁ ɔ dʒ a k i i ]_w
[_w m a r d u ʃ t ]_w
[_w m a r d u m ]_w
[_w d i d ɔ r a m ]_w
[_w ɔ m ɵ s i ʃ i ]_w
[_w s ɔ l a t ]_w
[_w d ɔ tʃ i ɡ ɔ n i ]_w
[_w d a tʃ d i d i ]_w
[_w a n tʃ u m a ]_w
[_w p i s a n d ]_w
[_w t u b ɔ r a i ]_w
[_w z i m i ]_w
[_w r i ɔ j a ]_w
[_w z a f a r i ]_w
[_w h ɔ ɡ i m i ]_w
[_w s ɔ h i r ]_w
[_w f a n tʃ ]_w
[_w q u r ʔ ɔ n ]_w
[_w a b t u l l ɔ χ ]_w
[_w p a s ]_w
[_w z i n a i ]_w
[_w ɡ a l b i ]_w
[_w ɔ v ɔ z ]_w
[_w i s r ɔ i l ]_w
[_w χ a t a v ]_w
[_w b a r ɡ a ʃ t ]_w
[_w s ɔ a t ]_w
[_w ɡ u m a ɡ i ]_w
[_w ɡ ɔ ʃ ]_w
[_w χ u t i ]_w
[_w f i r e b ]_w
[_w n ɔ d i q i ]_w
[_w p ɔ s u χ ]_w
[_w b ɔ z i i ]_w
[_w m ɔ s k v a ]_w
[_w ʃ i n ɔ ʁ d a i ]_w
[_w h a m ɔ n i ]_w
[_w n ɔ m χ ɔ i ]_w
[_w d ɔ dʒ i k ]_w
[_w v a r s i ]_w
[_w i b t i k ɔ l ]_w
[_w b a j ɡ ɔ r ]_w
[_w r a v ɔ n i z d ]_w
[_w s a t t i ]_w
[_w p ɔ r χ ɔ ]_w
[_w b u r t a r a v ]_w
[_w a v v a l i n ]_w
[_w a χ i r a t ]_w
[_w a d l i j a i ]_w
[_w i z d e ʔ v ɔ i ]_w
[_w ʃ ɔ χ n ɔ m a ]_w
[_w a s ɔ z i ]_w
[_w ɡ a n ɔ r ]_w
[_w m a χ t u t ]_w
[_w m i l l i r ɔ ]_w
[_w t a r j ɔ i ]_w
[_w dʒ u m χ u r i i ]_w
[_w m a h d u d ]_w
[_w m a ʔ n ɔ i ]_w
[_w χ a j r a v ]_w
[_w χ u d a ʃ r ɔ ]_w
[_w ʃ ɵ r a v i ]_w
[_w ʃ ɔ χ ]_w
[_w d a k ɔ n i ]_w
[_w r u z s i j a d ]_w
[_w m u k ɔ b i l i ]_w
[_w p u d ]_w
[_w n a k k ɔ ʃ i ]_w
[_w tʃ a ʃ n ]_w
[_w dʒ i d d i l ɔ χ ]_w
[_w m a t r a h ]_w
[_w v a r χ ɔ i ]_w
[_w i n a k ]_w
[_w ɡ i r j a ]_w
[_w a f r u s ]_w
[_w i d m i n ɔ n i ]_w
[_w dʒ u n i n ]_w
[_w u s t u tʃ u i ]_w
[_w ʃ i m ɔ l i ɡ ]_w
[_w t e v ɔ r i d ]_w
[_w h a m ɔ n ]_w
[_w s i j ɔ s a d i ]_w
[_w a f z a i ]_w
[_w k u m a k χ ɔ i ]_w
[_w f a k a t ]_w
[_w ɡ a n ɔ r i ]_w
[_w ɡ u z a ʃ d a ]_w
[_w χ u d d ɔ r i ]_w
[_w s ɔ n s u r ]_w
[_w d a r ɔ n ]_w
[_w d ɔ d k ɔ h ]_w
[_w h a m l a ]_w
[_w p a r ɔ j a ʃ ]_w
[_w i χ t i l ɔ f a ]_w
[_w d a r z i i ]_w
[_w f a j s a l i ]_w
[_w m e r a s a n ]_w
[_w m u n d a ʃ i r ]_w
[_w q a t l i ]_w
[_w ɔ z d ɔ n ]_w
[_w t u tʃ ɔ r ]_w
[_w m ɔ χ ]_w
[_w s u χ a n ɔ n i ]_w
[_w ɔ m u s i ʃ i ]_w
[_w r u z i j a d ]_w
[_w s a r a n ]_w
[_w m a t ɔ r i ]_w
[_w n a v ɔ d d ]_w
[_w e ʔ d i p ɔ r a ]_w
[_w m u h i m i ]_w
[_w z a r a r i ]_w
[_w χ ɔ χ i ʃ i ]_w
[_w d a r v e ʃ ]_w
[_w d a l e r ]_w
[_w v i l m i j u ]_w
[_w e h d i m ɔ i ]_w
[_w t ɔ r ɔ i ]_w
[_w d a f ɔ n ]_w
[_w t a ɡ ]_w
[_w i s l ɔ ʁ i ]_w
[_w i n z ɔ n i ]_w
[_w k ɔ s ]_w
[_w ɔ b ɔ d ]_w
[_w d a r ɡ i ]_w
[_w χ ɔ n a v ɔ d i ]_w
[_w χ a t t i r ]_w
[_w m a v s u ʔ r ɔ ]_w
[_w i j ɔ l a t ]_w
[_w m a s dʒ i t ]_w
[_w m a χ s u z a n ]_w
[_w s i n d a k i l ]_w
[_w p i n ɔ i ]_w
[_w m i z r ɔ i l ]_w
[_w z ɔ n ]_w
[_w ɔ m e χ t a r ]_w
[_w b a χ ʃ i d ]_w
[_w χ e l ]_w
[_w n ɔ k u n i ]_w
[_w f u r u ʃ ]_w
[_w p a j ]_w
[_w t ɔ r a t i ɔ i ]_w
[_w m u n d a k i l ]_w
[_w p a χ r i m a n ]_w
[_w j a ɡ ɔ n ]_w
[_w m u ʒ k i l i ]_w
[_w i r ɔ d a i ]_w
[_w k i d ɔ b ]_w
[_w b a r ɡ i ]_w
[_w k a r d ]_w
[_w tʃ a v ɔ n ]_w
[_w dʒ ɔ e ]_w
[_w m u q a d d a ]_w
[_w p i d i χ a n t ]_w
[_w ɡ a r t u m ]_w
[_w a k i d a i ]_w
[_w χ a n ɡ u ]_w
[_w p a χ ʃ ]_w
[_w h a s ɔ r a t i ]_w
[_w tʃ i s i ]_w
[_w t a ɡ r ɔ r ]_w
[_w k i r d ]_w
[_w b i χ ɔ n e m ]_w
[_w m a d a a n d ]_w
[_w d a v ɔ v u d ]_w
[_w ɡ a s t i ]_w
[_w p ɔ ɡ i ]_w
[_w ɔ l i m i ]_w
[_w a k s ]_w
[_w ɡ a r ɔ n ]_w
[_w k u ʃ i ʃ ]_w
[_w n a m u d a m ]_w
[_w ɡ i r i f t a m ]_w
[_w χ i z b i ]_w
[_w tʃ a χ ɔ n r ɔ ]_w
[_w p e ʃ r a v d i ]_w
[_w tʃ u m l a i ]_w
[_w k i r i ]_w
[_w ɔ t t i ]_w
[_w ʃ u m ɔ ]_w
[_w h a f ɔ i ]_w
[_w b ɔ v a r a d ]_w
[_w m e r a v d ]_w
[_w n a k l ]_w
[_w f u t b ɔ l ]_w
[_w d a r d i ʃ i ]_w
[_w n e t ]_w
[_w p i s j ɔ r ]_w
[_w m a h ɔ r a d i ]_w
[_w n a v i ʃ a i ]_w
[_w a l b a t t a z ]_w
[_w k a r t a ]_w
[_w f u d ]_w
[_w d a m ɔ m i ]_w
[_w χ a l q h ɔ i ]_w
[_w n i k a r a ʃ ]_w
[_w b a r a n d a ]_w
[_w χ i d ɔ j ]_w
[_w a v r ɔ n d a ]_w
[_w i d d i ]_w
[_w n a f i i ]_w
[_w ʃ i r k a t i ]_w
[_w m i n r ɔ ]_w
[_w i b r ɔ χ i ]_w
[_w ɔ j i n ]_w
[_w i χ t i j ɔ r i ]_w
[_w m e ɡ u v d i ]_w
[_w p a r n ɔ m a i ]_w
[_w tʃ ɔ m e a i ]_w
[_w n e r u k ɔ χ i ]_w
[_w d a s a v v u r ]_w
[_w h u n a r ]_w
[_w s a b a b χ ɔ i ]_w
[_w ʁ u l ɔ s a ]_w
[_w m e l ɔ d i ]_w
[_w r u ʃ t i ]_w
[_w b a r n ɔ m a ]_w
[_w tʃ i n ɔ χ t a i ]_w
[_w m u s i ʃ u ]_w
[_w m a r d ɔ n a t ]_w
[_w d a n s i m i ]_w
[_w d a ʔ s i r ]_w
[_w ʁ i s b i ]_w
[_w b ɔ χ a b a r i ]_w
[_w ɡ a r ɔ n i ]_w
[_w b a j ]_w
[_w v u r z a n t u ]_w
[_w d ɔ b ]_w
[_w s a f a r ]_w
[_w tʃ ɔ l i p i ]_w
[_w n ɔ m a i ]_w
[_w r a v d a a n d ]_w
[_w ɡ a b ]_w
[_w m u d d a t i ]_w
[_w v a h d a d ]_w
[_w χ a m z ɔ l ]_w
[_w p ɔ j ɔ n i ]_w
[_w k ɔ t i ]_w
[_w b ɔ ʃ e m ]_w
[_w ɡ i m m a t i ]_w
[_w z i j ɔ d a ]_w
[_w s ɔ d a ]_w
[_w m a ɡ ɔ m χ ɔ i ]_w
[_w m u a z s i r ]_w
[_w χ ɔ v a r ]_w
[_w b a j v a s t ɔ ]_w
[_w r ɔ z z i j a ]_w
[_w χ a r f ]_w
[_w s i m ɔ i ]_w
[_w i z ɔ i ]_w
[_w ɔ s m ɔ n i ]_w
[_w χ a d a r i ]_w
[_w k ɵ m a ɡ i ]_w
[_w t a χ ]_w
[_w d u r d a n i ]_w
[_w p ɔ n ɡ i ]_w
[_w p i j ɔ b ɔ n i ]_w
[_w r u s s i j a ]_w
[_w i s ɔ i ]_w
[_w p u r r a ]_w
[_w tʃ a f ɔ b ]_w
[_w l a h s a t i ]_w
[_w χ ɔ v a r d ]_w
[_w χ ɔ n d a r ]_w
[_w a ʔ z a n ]_w
[_w s ɔ h a ]_w
[_w k ɵ m a ɡ ]_w
[_w k u s ɔ r i ]_w
[_w m i n t a ]_w
[_w χ u z u z i ]_w
[_w s ɔ χ i r a n ]_w
[_w l ɔ n d ɔ n ]_w
[_w k a j t ]_w
[_w n a v i ʃ a e ]_w
[_w t a z d ]_w
[_w ɡ i ʃ v a r e ]_w
[_w m i n d a ɡ a i ]_w
[_w t a ʔ k i t ]_w
[_w χ ɔ m u ʃ ]_w
[_w ɡ a b i r i ]_w
[_w n e z t a m i ]_w
[_w u m u m ]_w
[_w i z d i f ɔ tʃ ]_w
[_w d u r u s i r ɔ ]_w
[_w s a r ɔ v ɔ n ]_w
[_w n a q ʃ h ɔ i ]_w
[_w χ a m v ɔ l i ]_w
[_w k a m b u d i ]_w
[_w h ɔ s i l ]_w
[_w p a r i ]_w
[_w b ɔ r ɔ n ]_w
[_w ɔ ɡ ɔ χ i ʃ ]_w
[_w p ɔ z d ɔ n i ]_w
[_w s a n ʔ a t i ]_w
[_w m a z ʔ a l a ]_w
[_w s a r ʒ ɔ r ]_w
[_w dʒ u t ɔ ]_w
[_w k u l l i j u n ]_w
[_w d a n χ ɔ ]_w
[_w χ a z d ]_w
[_w p a r ɔ i ]_w
[_w d e a t r i ]_w
[_w d ɔ r a ]_w
[_w z a i d ɔ f ]_w
[_w t ɔ d ɡ ɔ χ i ]_w
[_w b a r ɔ d i ]_w
[_w n i ʃ ɔ n a i ]_w
[_w z i v a ]_w
[_w r a f ɔ n i ]_w
[_w b ɔ j k ɔ χ i ]_w
[_w i m k ɔ n i ]_w
[_w d a q r i b a n ]_w
[_w d ɔ dʒ i k u n a ]_w
[_w b a ʔ d a i ]_w
[_w t e χ ]_w
[_w j a k ɔ n i i ]_w
[_w r a χ b a r i i ]_w
[_w p ɔ χ i ]_w
[_w r a s m u ]_w
[_w ɡ u d a k i ]_w
[_w tʃ ɔ n u ]_w
[_w h a r tʃ a m i ]_w
[_w i s l ɔ χ ɔ d i ]_w
[_w b ɔ ʒ i ]_w
[_w s a d χ ɔ ]_w
[_w n i ʃ a s t a ]_w
[_w a f r ɔ ]_w
[_w ʃ ɵ ʔ b a i ]_w
[_w t ɔ r i ]_w
[_w h u z n i ]_w
[_w t a s f i b i ]_w
[_w s a b ɔ n r ɔ ]_w
[_w a d l i j a ]_w
[_w p u t a n d ]_w
[_w r a h ɔ ]_w
[_w m ɔ h i ]_w
[_w m a r ɡ a ʃ t ]_w
[_w i m s ɔ i ]_w
[_w ɔ ʒ i q ]_w
[_w k a f ɔ n i ]_w
[_w s u d d a d e ]_w
[_w n a m ɔ e m ]_w
[_w b a χ t i t ]_w
[_w j a k ɔ n a ]_w
[_w z a n ʔ a d ]_w
[_w v a z ɔ r u ]_w
[_w d a m e ]_w
[_w i n z ɔ n i d a ]_w
[_w k u f t a χ ɔ i ]_w
[_w p i χ ɔ n e m ]_w
[_w u s t u dʒ u i ]_w
[_w m a h r u m ]_w
[_w h a t m a n ]_w
[_w z a n ɡ i ]_w
[_w m a z h a b i ]_w
[_w m u s i k i ]_w
[_w i r ɔ k ]_w
[_w h a f t ]_w
[_w a χ u r ɔ ]_w
[_w s i j ɔ z i ]_w
[_w k i r j a ]_w
[_w χ a m r ɔ h ]_w
[_w k u z ɔ r i ]_w
[_w p ɔ b ]_w
[_w s a n d ]_w
[_w r a v d u ]_w
[_w ɔ i n i ]_w
[_w h a r v i ]_w
[_w d a v d a n d ]_w
[_w k u ʃ t a r i ]_w
[_w a v d ɔ ]_w
[_w b ɔ χ ]_w
[_w t u l ɔ r r ɔ ]_w
[_w t a v a l l u t ]_w
[_w ɔ l a m i ]_w
[_w ɔ k ɔ χ i ]_w
[_w tʃ e h r a i ]_w
[_w χ a z d a m ]_w
[_w χ ɔ n d a m ]_w
[_w m u ʃ k i l ]_w
[_w f i l ɔ j a d ]_w
[_w m a s a l ]_w
[_w s i n d a k a r ]_w
[_w f a s ɔ i l i ]_w
[_w n a χ ɔ χ a t ]_w
[_w b a h s ]_w
[_w a ʃ ɡ i l ]_w
[_w ʁ u n i ]_w
[_w d u n j ɔ d i ]_w
[_w tʃ a v ɔ b i ]_w
[_w r i ʃ v a r i ]_w
[_w v a r χ ɔ ]_w
[_w t a r z a n d ]_w
[_w f e ʔ l a n ]_w
[_w m i z ɔ n i ]_w
[_w m i j ɔ n a d ]_w
[_w χ a j a t i ]_w
[_w s ɔ χ i r ]_w
[_w m e d ɔ r a t i ]_w
[_w dʒ a n ɡ u ]_w
[_w r a ʔ j i d i ]_w
[_w j a ɡ e ]_w
[_w m i l l a t i ]_w
[_w m ɔ v u ]_w
[_w z u v l ɔ i ]_w
[_w z i d a ]_w
[_w h ɔ d i z i ]_w
[_w b a j ɔ m i ]_w
[_w d u ʃ v ɔ r ]_w
[_w m a j t ɔ n ]_w
[_w a χ i r i ]_w
[_w b u r s i d a ]_w
[_w ɔ l i i ]_w
[_w m u k i m i ]_w
[_w n i s ɔ m i i ]_w
[_w z a f i r i ]_w
[_w d i k a r ]_w
[_w h a l l i ]_w
[_w χ u d ɡ u ʃ i ]_w
[_w f a r z ɔ b ]_w
[_w ɡ ɔ r r ɔ ]_w
[_w m a k s a r a ʃ ]_w
[_w k ɔ d i b a ]_w
[_w e n e r ʃ i i ]_w
[_w m a v tʃ u d ]_w
[_w tʃ ɔ i s a i ]_w
[_w d a v r ]_w
[_w f a r d a n d ]_w
[_w χ a m tʃ u n ɔ n ]_w
[_w k a d r ]_w
[_w k ɔ r ]_w
[_w χ ɔ f a r a d ]_w
[_w k i ʃ v a ]_w
[_w χ a r tʃ i ]_w
[_w s ɔ ɡ i n i ]_w
[_w i tʃ t i m ɔ i ]_w
[_w s a b a b h ɔ i ]_w
[_w s u r χ ]_w
[_w i f t i t ɔ r i ]_w
[_w p ɔ n u v ɔ n ]_w
[_w ʃ ɔ h i ]_w
[_w z u χ d ]_w
[_w ɔ ɡ ɔ χ i ]_w
[_w t i b q i ]_w
[_w m e ɡ ɵ e m ]_w
[_w t u l ɔ r i ]_w
[_w χ a b s i ]_w
[_w r a χ ]_w
[_w r u s t i n ]_w
[_w z ɔ f e d i ]_w
[_w χ ɔ l e s t ]_w
[_w χ a m s u t ]_w
[_w k ɵ d a ɡ i ]_w
[_w ɡ ɔ χ ]_w
[_w ʃ a v a m ]_w
[_w χ ɔ s t ]_w
[_w f a k a d ]_w
[_w k ɔ f ]_w
[_w ʃ a χ r d ɔ r ]_w
[_w b a r χ u r d i ]_w
[_w k ɔ d u ]_w
[_w m a h z u b ]_w
[_w n a v ɔ χ i i ]_w
[_w m u q ɔ b i l i ]_w
[_w p a l a ]_w
[_w χ ɔ ɡ i ]_w
[_w ɡ i l u f ɔ d ]_w
[_w n a m ɔ j a m ]_w
[_w n a k ʒ i ]_w
[_w χ ɔ k i ]_w
[_w ʃ a χ s i i ]_w
[_w m u ɔ s i r a ]_w
[_w a t ɔ u l l ɔ χ ]_w
[_w a ʃ ɡ ]_w
[_w i tʃ t i m ɔ l ]_w
[_w ɔ f t ɔ b i ]_w
[_w k u t a k ɔ n ]_w
[_w m i l l i a r d ]_w
[_w n a d ɔ r i k ]_w
[_w t u v ɔ n i ]_w
[_w k ɔ r ɔ d ]_w
[_w t a v ɔ m i ]_w
[_w n a m ɔ j a i ]_w
[_w p i r i ]_w
[_w m u n ɔ z i r i ]_w
[_w n a s t i k i ]_w
[_w d a r z i ]_w
[_w d a r j ɔ i ]_w
[_w ɡ ɵ ʃ i ʃ ]_w
[_w e χ d i r ɔ s i ]_w
[_w b a d ]_w
[_w m a n ɔ v e ʔ i ]_w
[_w ɡ a m ɔ l i ]_w
[_w m a f h u m i ]_w
[_w b a t a n ]_w
[_w k u f t a h ɔ i ]_w
[_w s i k r i ]_w
[_w d a r m ɔ n i ]_w
[_w i j ɔ l ɔ d i ]_w
[_w d a n s i l ]_w
[_w d a χ t i ]_w
[_w i l m ]_w
[_w v a n tʃ ]_w
[_w ɔ k t j a b r i ]_w
[_w r a f a t ]_w
[_w tʃ a f ɔ n ]_w
[_w ʃ i k a s t ]_w
[_w t a z t r a s ]_w
[_w n i z b a d ]_w
[_w i n z ɔ n i d ]_w
[_w k ɔ n i ]_w
[_w m a n s a b ]_w
[_w k a r t a m ]_w
[_w m u z i ʃ ]_w
[_w b ɔ z b a s ]_w
[_w b u i ]_w
[_w ɔ ʒ n ɔ ]_w
[_w n ɔ j a b r i ]_w
[_w m a χ z ]_w
[_w r ɔ tʃ e ʔ ]_w
[_w a s n ɔ t i q i ]_w
[_w ʃ u d a a m ]_w
[_w i f t i χ ɔ r ]_w
[_w n j u ]_w
[_w m a k ɔ d i b i ]_w
[_w s ɔ d d a r ]_w
[_w n a m ɔ i ʃ ]_w
[_w k u s a r ]_w
[_w b u d a n i ]_w
[_w ɡ u v d a n ]_w
[_w j a n v a r ]_w
[_w n e r ɵ h ɔ i ]_w
[_w ʁ a v d a n ]_w
[_w e ʔ t ɔ d i ]_w
[_w b ɔ s p a z ]_w
[_w n i ʃ ɔ b u r ]_w
[_w z a n a t ]_w
[_w ʃ u t a a n d ]_w
[_w d a r a k a m ]_w
[_w m a t r a s i ]_w
[_w z u b h ]_w
[_w i f a z ]_w
[_w m e χ ɔ χ e t ]_w
[_w dʒ a r ɔ i t ]_w
[_w z ɔ b i ]_w
[_w b a r ɔ b a r ]_w
[_w ɡ ɵ d a ɡ i l i ]_w
[_w k u tʃ a k ]_w
[_w a ʔ s ɔ ]_w
[_w k a z e ]_w
[_w m a n b a ]_w
[_w a χ m a t i ]_w
[_w s a r d u n ]_w
[_w m a t t ɔ ]_w
[_w m u t ɔ l i b i ]_w
[_w tʃ a v ɔ n a ]_w
[_w z a t ɔ ]_w
[_w d i j ɔ r ]_w
[_w d a j i ]_w
[_w d e χ a i ]_w
[_w m e h n a d i ]_w
[_w p u r d a n t ]_w
[_w p u l i ]_w
[_w d a z a f f u r ]_w
[_w z ɔ t a ]_w
[_w p u d e t ]_w
[_w z a f a r ]_w
[_w n i r u k ɔ χ ]_w
[_w ɡ u v d a m ]_w
[_w χ a d a v ]_w
[_w ɡ a r t a a s t ]_w
[_w b r i ]_w
[_w r u s i j a ]_w
[_w d a b ɔ d i ]_w
[_w v i ʃ a e ]_w
[_w n i j ɔ z a t ]_w
[_w v a r z a j ]_w
[_w s a v a r i ]_w
[_w a n t a i ]_w
[_w ɔ k ɔ l ɔ ]_w
[_w dʒ a d i t ]_w
[_w d i t ɔ r a m ]_w
[_w i n ɡ i l ɔ n i ]_w
[_w k u v d a n i ]_w
[_w m u d ɔ v e ʔ i ]_w
[_w p i m ɔ n ]_w
[_w ɡ a r n i ]_w
[_w ʃ a χ s ɔ n i d ]_w
[_w p a r d a n i ]_w
[_w χ i v z i ]_w
[_w d a ʔ f ɔ ]_w
[_w t a f r e χ i i ]_w
[_w n i s ɔ m ]_w
[_w tʃ a n d ɔ s ]_w
[_w r ɵ z n ɔ m a ]_w
[_w k a s e r ɔ ]_w
[_w t a χ t i ]_w
[_w i z m ɔ i l i ]_w
[_w f ɔ r z i s t i ]_w
[_w n a b u d i ]_w
[_w m e ɡ a ʃ t a ]_w
[_w z e r ]_w
[_w d i t a ]_w
[_w ɡ ɔ m i l i ]_w
[_w h a r f i s ]_w
[_w t e v ɔ r i d i ]_w
[_w k u z ɔ r i ʃ i ]_w
[_w d a n ɡ ]_w
[_w χ ɔ s t a m ]_w
[_w v ɔ r i d ]_w
[_w χ ɔ z i ]_w
[_w m a r ɡ a s i ]_w
[_w ɡ u v d a a z d ]_w
[_w ɔ v a r t ]_w
[_w b u t a a n d ]_w
[_w j ɔ b a n b a ʔ ]_w
[_w a χ m a t ]_w
[_w n a d i tʃ a ]_w
[_w χ ɔ tʃ a ]_w
[_w m e k ɵ j a n t ]_w
[_w m u s ɔ d i ]_w
[_w k a j r ]_w
[_w m e s ɔ z a n d ]_w
[_w d a f l a t i i ]_w
[_w m u n tʃ a r ]_w
[_w a r s a i ]_w
[_w s a d χ i ]_w
[_w m e k ɵ j a n d ]_w
[_w d a r a k ]_w
[_w d ɔ t ɡ ɔ χ i ]_w
[_w ɔ s ɔ r i ]_w
[_w t m i d r ɔ ]_w
[_w t a k ]_w
[_w z e n d j a b r ]_w
[_w b i z j ɔ r ]_w
[_w χ ɔ z i r ]_w
[_w i s t ɔ d ]_w
[_w p i t i χ a n d ]_w
[_w r a h m ɔ n ]_w
[_w h i s p ]_w
[_w b a r ɔ j a ʃ ]_w
[_w s ɔ ɡ i n ɔ n ]_w
[_w k u m a k ]_w
[_w ɔ m ɔ d i ]_w
[_w h n i d ]_w
[_w k ɔ n s e r t i ]_w
[_w n a z d i ]_w
[_w d a v d a i ]_w
[_w d a r ɡ ɔ r ]_w
[_w a f r ɔ t ]_w
[_w a n d a r i n ]_w
[_w j ɔ v d a a n d ]_w
[_w m i l l a d e ]_w
[_w d e r ]_w
[_w ɡ u ʃ ɔ t a ]_w
[_w χ ɔ h a t ]_w
[_w d i t ɔ i ʃ ]_w
[_w b a χ s i j a ]_w
[_w ɔ s e b ]_w
[_w χ u t r ɔ ]_w
[_w a r s a n d ]_w
[_w m a n u ]_w
[_w d a χ l ]_w
[_w χ u s u s a t ]_w
[_w d a ʔ z i s i ]_w
[_w χ i r ɔ t i ]_w
[_w a n dʒ u m a ]_w
[_w f a k i l ]_w
[_w b a χ ʃ a d ]_w
[_w n i z b a t ]_w
[_w n i s b a d a n ]_w
[_w i n t i s ɔ d ]_w
[_w f ɔ ɡ u n i ]_w
[_w b r e s l i ]_w
[_w n e r ɵ ɡ ɔ h i ]_w
[_w t a b i ʔ i ]_w
[_w t a v z i ]_w
[_w p e tʃ ɔ r a ]_w
[_w k a ʃ d ]_w
[_w k i r i f t a n ]_w
[_w s ʃ a ]_w
[_w f a q d i ]_w
[_w p u v a t ]_w
[_w e h s ɔ s i r i ]_w
[_w f i ʃ a i ]_w
[_w k a t r i ]_w
[_w m a r ɡ ]_w
[_w ɔ r a d i ]_w
[_w b i d i χ a t ]_w
[_w χ ɔ n t a n d ]_w
[_w f a r ɔ f ɔ n ]_w
[_w n e z d a m ]_w
[_w m a ʔ n a f i i ]_w
[_w z a b ɔ n ]_w
[_w χ a m i n χ ɔ n ]_w
[_w i tʃ ɔ z a ]_w
[_w d u j u m i ]_w
[_w tʃ a d i t a n ]_w
[_w a m a l i j ɔ d ]_w
[_w ɡ u z a r ]_w
[_w k a l ɔ n ]_w
[_w f a r a ʃ ]_w
[_w i n t i ʃ ɔ r i ]_w
[_w χ a t a f ]_w
[_w tʃ a ʃ m ɔ n i ]_w
[_w n a z d i ɡ i ]_w
[_w s a t a ]_w
[_w p i t u n i ]_w
[_w n a m ɔ z i ]_w
[_w a t ɔ l a d i i ]_w
[_w v s e k ɔ ]_w
[_w t a b ɔ b a d ]_w
[_w ɔ ɡ ɔ z i ]_w
[_w d a s t ɡ ɔ h ]_w
[_w r u i ]_w
[_w s a v ɔ l ]_w
[_w d ɔ n a d ]_w
[_w t a m ɔ d i ]_w
[_w d a z t ɔ ]_w
[_w k ɔ ʃ ]_w
[_w p a n tʃ ɔ χ ]_w
[_w h a d d i ]_w
[_w f a z n i ]_w
[_w ɔ m i l ]_w
[_w e n e r ɔ l ]_w
[_w s i j ɔ s a d ]_w
[_w f u r u ]_w
[_w r a s m i ]_w
[_w χ ɔ n t a n i ]_w
[_w p a s t ]_w
[_w t a s m i ]_w
[_w s a n a m ]_w
[_w r a v a n d ]_w
[_w b a n b ɔ r i s ]_w
[_w z i m n a n ]_w
[_w dʒ a χ ɔ n i i ]_w
[_w d u r s ɔ n ]_w
[_w d a m i ]_w
[_w p a j v a z d a ]_w
[_w ʃ i m ɔ l i i ]_w
[_w t a k v i j a d ]_w
[_w r ɔ χ u n ]_w
[_w r u s t ]_w
[_w a l b a d d a ]_w
[_w s a f a r ɔ d a ]_w
[_w f e ʔ l i i ]_w
[_w r ɔ i dʒ ]_w
[_w a b r e l ]_w
[_w a ɡ a t i ]_w
[_w a m v ɔ l i ]_w
[_w χ a d a f i ]_w
[_w f a h d a d ]_w
[_w r a m s i ]_w
[_w s ɔ χ i r a d ]_w
[_w t i k a r i ]_w
[_w q a d l ]_w
[_w a v ɔ i l i ]_w
[_w d i χ a d ]_w
[_w χ ɔ f a r ]_w
[_w a r d i ʃ i ]_w
[_w t ɔ r a d ]_w
[_w d ɔ ʃ t e m ]_w
[_w ʃ a f a t ]_w
[_w p u r z i i ]_w
[_w t a v r a i ]_w
[_w tʃ ɔ l i b i ]_w
[_w ʃ a h r ]_w
[_w n i χ ]_w
[_w m e ɡ ɵ j a d ]_w
[_w a k a d ]_w
[_w z a b ɔ n u ]_w
[_w a z i s ]_w
[_w z i t a n i ]_w
[_w χ u t a ʃ ]_w
[_w n i k a r ɔ n i ]_w
[_w m a χ ɔ i ]_w
[_w p a j n i ]_w
[_w t a r d a n i ]_w
[_w k u ʃ ɔ t ]_w
[_w ɡ a b u l i ]_w
[_w z ɔ m ɔ n a ]_w
[_w b e d ɔ r a i ]_w
[_w b a χ s ]_w
[_w d u r u s t ɔ n ]_w
[_w p u χ ɔ r ɔ ]_w
[_w z a ʁ n a i ]_w
[_w χ a r b ]_w
[_w p ɔ ʃ i ]_w
[_w v i ʃ ɔ r i ]_w
[_w p a ʃ a r ]_w
[_w χ e dʒ ]_w
[_w t u z d ɔ n ]_w
[_w m a r t i ]_w
[_w b i ɡ z ɔ r ]_w
[_w ɡ i r i f t a ]_w
[_w n e s t ]_w
[_w dʒ i h a d i ]_w
[_w n a f z i f ]_w
[_w n i m a i ]_w
[_w t a m ɔ n ]_w
[_w ʃ a v a n d i ]_w
[_w t a χ χ ɔ ]_w
[_w m a m n u ʔ ]_w
[_w h a f t a i ]_w
[_w d ɔ s a ]_w
[_w i s l ɔ m j ]_w
[_w k ɵ ʃ i ʃ i ]_w
[_w a s i z a m ]_w
[_w a v r ɔ ]_w
[_w b i j ɔ d e ]_w
[_w ɡ a r s a n d ]_w
[_w m a t l a b ]_w
[_w f a s ɔ d ]_w
[_w χ ɔ h a n d ]_w
[_w ɡ u n a ]_w
[_w ʃ a r ɡ ]_w
[_w a b b ɔ z ]_w
[_w a f s u n ]_w
[_w n a s i r i ]_w
[_w s ɔ m ɔ n a n d ]_w
[_w ɡ a m i n i ]_w
[_w n i s b a t ]_w
[_w z i l s i l a i ]_w
[_w d e m u r ]_w
[_w d i t ɡ ɔ χ i ]_w
