[_w s a n̪ t̪ i ]_w
[_w p a r e k o ]_w
[_w ɡ ʌ t̪ i b e l a ]_w
[_w r a i ]_w
[_w k o r ɡʱ a ]_w
[_w m u r t̪ i ]_w
[_w m ʌ n̪ a ]_w
[_w a ũ tsʰ ʌ ]_w
[_w d̪ j ʌ ɦ i ]_w
[_w a bʱ u ]_w
[_w s i r ʌ ]_w
[_w d̪ e kʰ i n̪ e ]_w
[_w ɡ a s k i ]_w
[_w ɡ a r j ʌ ]_w
[_w s e ɖ ʌ ]_w
[_w ʌ n̪ s ʌ k o ]_w
[_w ɦ u n̪ u bʱ ʌ j o ]_w
[_w d̪ i lː i ]_w
[_w d̪ a l i m ʌ ]_w
[_w p i dz ʌ ]_w
[_w p a i e k o ]_w
[_w k o ɦ i ]_w
[_w ts a t̪ ʌ ]_w
[_w p ʌ n̪ a u n̪ e ]_w
[_w b a i n̪ tsʰ ʌ ]_w
[_w ts ʌ n̪ m e k a ]_w
[_w ɡ a j ʌ k ʌ ]_w
[_w k e w ʌ l ʌ ]_w
[_w w a r d̪ a ]_w
[_w m au kʰ i ɡ ʌ ]_w
[_w t̪ e kʰ i e k a ]_w
[_w d̪ i i ]_w
[_w b a ɦ r ʌ ]_w
[_w e ʈ i ʈ a s ʌ ]_w
[_w s ʌ n̪ ɡ i t̪ ʌ ]_w
[_w ɡ ʌ s ai l e ]_w
[_w ʌ w ʌ s t̪ʰ a k o ]_w
[_w t̪ ʌ s w i r ʌ ]_w
[_w l a ɡ t̪ʰ j o ]_w
[_w ɡ ʌ ɦ i n̪ a k o ]_w
[_w t̪ r i s j ʌ ]_w
[_w s i ɡ a ũ tsʰ ʌ ]_w
[_w k r ʌ ɦ ʌ ]_w
[_w m r i t̪ ʌ ]_w
[_w ts i lː a ɡ a ]_w
[_w dz a ɦ ʌ n̪ tsʰ ʌ ]_w
[_w p a r e ]_w
[_w e w ʌ m ]_w
[_w a t̪ a n̪ ʌ ]_w
[_w b ʌ r a n̪ d̪ i ]_w
[_w kʰ i m i r e ]_w
[_w s i m a ]_w
[_w s u dz i t̪ ʌ ]_w
[_w d̪ʱː i t̪ i j ʌ ]_w
[_w p a n̪ ʌ ]_w
[_w b i ɦ e ]_w
[_w r u k u m ʌ ]_w
[_w pʰ i t̪ r ʌ k o ]_w
[_w a k a m a ]_w
[_w n̪ e p a l i m ʌ ]_w
[_w a w ʌ s j ʌ ]_w
[_w b ʌ l ɖ ʌ ]_w
[_w ɡ u k u r ʌ ]_w
[_w a n̪ t̪ ʌ ]_w
[_w bʱ ʌ w ʌ ]_w
[_w s ʌ m u ɦ ʌ l e ]_w
[_w ɖʱ a ũ ]_w
[_w p ʌ tsʰ i ]_w
[_w k ʌ r e m a ]_w
[_w dz u ʈ o ɡ o ]_w
[_w d̪ a p i ]_w
[_w s k u l ʌ ]_w
[_w p ʌ n̪ a e k a ]_w
[_w u t̪ p ʌ t̪ː i ]_w
[_w ɡʱ ʌ n̪ ɖ ʌ ]_w
[_w d̪ʱ w ʌ s t̪ r ʌ ]_w
[_w s i m a n̪ a m a ]_w
[_w l e kʰ ʌ k ʌ ]_w
[_w t̪ʰ a l e k a ]_w
[_w dz a ɦ e ]_w
[_w w i p ʌ ]_w
[_w tsʰ a l a ]_w
[_w w i bʱ a dz ʌ n̪ ʌ ]_w
[_w m au s ʌ m ʌ ]_w
[_w r i s i ]_w
[_w n̪ e p a l i ]_w
[_w k ʌ r a i ]_w
[_w p a l ʌ ]_w
[_w s ʌ p ai k o ]_w
[_w ʌ r t̪ʰ a d̪ ]_w
[_w l e kʰ ʌ ]_w
[_w n̪ i k ʌ ]_w
[_w dzʱ ʌ r ʌ n̪ ʌ ]_w
[_w b a s ʌ ]_w
[_w u r ts a ]_w
[_w ɡ a n̪ u n̪ i ]_w
[_w k i n̪ d̪ u ]_w
[_w kʰ e l ʌ ]_w
[_w t̪ u l ʌ s i ]_w
[_w k a s ʈ r ʌ k o ]_w
[_w ʈ a u k o ]_w
[_w m i t̪ r ʌ ]_w
[_w r a t̪ ʌ ]_w
[_w pʰ e ʈ a ]_w
[_w p u ts a r i ]_w
[_w a pʰ u l e ]_w
[_w ʌ n̪ ʌ n̪ d̪ ʌ m a ]_w
[_w w i dz a r ʌ ]_w
[_w a d̪ i m a ]_w
[_w a r o p ʌ ]_w
[_w ɦ a n̪ i ]_w
[_w m u l u ɡ ʌ k o ]_w
[_w k i n̪ ʌ ]_w
[_w p ʌ ɦ ʌ l ʌ ]_w
[_w p ʌ t̪ ʌ l a ]_w
[_w m a n̪ tsʰ e ]_w
[_w ɡ ʌ s ʌ r i ]_w
[_w d̪ au l ʌ ]_w
[_w s ʌ k t̪ ai n̪ ʌ ]_w
[_w bʱ u m i k a ]_w
[_w dz ʌ l n̪ e ]_w
[_w p o l n̪ ʌ ]_w
[_w ɦ ʌ ʈː i ɡ o ]_w
[_w a ɡ a r ʌ ]_w
[_w m a n̪ e r ʌ ]_w
[_w k ʌ ɦ ã b a ɖ ʌ ]_w
[_w bʱ ʌ r i ]_w
[_w b e r i s ʌ ]_w
[_w ɡ r ʌ ɦ ʌ tsʰ ʌ n̪ ]_w
[_w ʌ w ʌ s t̪ʰ a ]_w
[_w kʰ ʌ l ʌ n̪ ʌ ]_w
[_w ts ʌ r ɡ o ]_w
[_w r o ɡ ʌ ]_w
[_w bʱ a ʈ a ]_w
[_w a ɡ ʌ r i b ʌ ]_w
[_w u n̪ ʌ ]_w
[_w ɡ a i ]_w
[_w j ʌ d̪ʱ a ]_w
[_w dz i lː a l a i ]_w
[_w w i k ʌ d̪ ʌ m ai ]_w
[_w d̪ i n̪ ʌ l e ]_w
[_w ʌ d̪ʱ ʌ w a r i ]_w
[_w w i n̪ a s ʌ ]_w
[_w ʌ s u d̪ʱː ʌ ]_w
[_w m ʌ ɦ ʌ t̪ː w ʌ ]_w
[_w m ʌ n̪ ʌ k o ]_w
[_w ʌ ŋ ɡ ʌ ]_w
[_w t̪ ʌ n̪ a w ʌ m a ]_w
[_w a r t̪ʰ i k ʌ ]_w
[_w b u r a ]_w
[_w ɖʱ ʌ n̪ ɖ a r i ]_w
[_w tsʰ ai n̪ ]_w
[_w p ʌ m ʌ k ʌ ]_w
[_w bʱ i m ʌ s e n̪ ʌ ]_w
[_w s ʌ m ʌ j ʌ k o ]_w
[_w dz a n̪ ʌ k o ]_w
[_w s r e s ʈʰ ʌ ]_w
[_w w ʌ n̪ s ʌ ]_w
[_w ɡ u l ʌ ]_w
[_w bʱ a r ʌ t̪ ʌ k ʌ ]_w
[_w k au t̪ ʌ m ʌ ]_w
[_w n̪ a r a ]_w
[_w l ʌ ɡ i ]_w
[_w s ʌ ɦ ʌ r ʌ ]_w
[_w s ʌ m a ]_w
[_w m ʌ r e ]_w
[_w ɡ r a n̪ t̪ ʌ tsʰ ʌ ]_w
[_w a u dzʱ ʌ ]_w
[_w w r i d̪ʱː i k o ]_w
[_w a l ʌ m ai ]_w
[_w n̪ e t̪ r i ]_w
[_w a t̪ i l e ]_w
[_w bʱ ʌ k ʌ w a n̪ ]_w
[_w r a dz a k o ]_w
[_w r ʌ ɦ e ]_w
[_w u p ʌ j u ɡ d̪ ʌ ]_w
[_w b l ʌ k ʌ ]_w
[_w ɡʱ o dz ʌ ]_w
[_w d̪ i n̪ e ]_w
[_w p ʌ t̪ r ʌ ]_w
[_w d̪ i m r o ]_w
[_w t̪ʰ e r ai k o ]_w
[_w p a r ʌ ]_w
[_w p a i n̪ e ]_w
[_w p r ʌ k r i j ʌ ]_w
[_w p u ɡ e k a ]_w
[_w a j o ]_w
[_w d̪ʱ a l i j o ]_w
[_w n̪ ʌ w ʌ ]_w
[_w l e kʰ ʌ n̪ a l e ]_w
[_w ʈ e p j u ]_w
[_w t̪ʰ e r ai ]_w
[_w ʌ w ʌ ]_w
[_w l i n̪ tsʰ ʌ ]_w
[_w j e s u ]_w
[_w j ʌ s ʌ l e ]_w
[_w b u dzʱ n̪ e ]_w
[_w n̪ i r n̪ ʌ j ʌ ]_w
[_w t̪ e kʰ i e k o ]_w
[_w t̪ ʌ l ʌ ]_w
[_w b ʌ n̪ a j o ]_w
[_w k ʌ r n̪ a l i ]_w
[_w n̪ e k ʌ p a ]_w
[_w s a d̪ʱ ʌ n̪ ʌ k o ]_w
[_w p au s ʌ ]_w
[_w ɦ a l ʌ ɡ o ]_w
[_w u n̪ i l e ]_w
[_w s a ɦ ʌ ]_w
[_w ɡ e n̪ d̪ r ʌ ]_w
[_w s a u n̪ ʌ ]_w
[_w ʌ t̪ i ]_w
[_w ts ʌ l ʌ ]_w
[_w s ʌ n̪ w ʌ t̪ ]_w
[_w w ai s a kʰ ʌ ]_w
[_w s ʌ ɦ a r ʌ ]_w
[_w ɡ a w i s ʌ j ʌ ]_w
[_w k r i t̪ i ]_w
[_w bʱ ʌ i ]_w
[_w k s e t̪ r ʌ ]_w
[_w dz a ɖ ʌ ]_w
[_w w ʌ r s ʌ ]_w
[_w bʱ i r a l e ]_w
[_w d̪ ʌ p a i k o ]_w
[_w ɡ ʌ ɖʱ i n̪ ʌ ]_w
[_w t̪ʰ a l ʌ n̪ i ]_w
[_w b u b a ]_w
[_w w i t̪ː i j ʌ ]_w
[_w s ʌ bʱ ʌ l ʌ ]_w
[_w r ʌ s ʌ ŋ ɡ ʌ ]_w
[_w ʈʰ a u ]_w
[_w ʌ k a ʈ i ]_w
[_w r ʌ ɦ i ]_w
[_w m ʌ r e k o ]_w
[_w p r ʌ s t̪ a ]_w
[_w d̪ ʌ b ʌ s j a ]_w
[_w p u d̪ʱː i ]_w
[_w bʱ ʌ ʈː ʌ ]_w
[_w ts a ɦ ʌ n̪ tsʰ au n̪ ]_w
[_w w i r o d̪ʱ ʌ ]_w
[_w ʌ r t̪ʰ ʌ ]_w
[_w n̪ ʌ s ʌ r i ]_w
[_w r i n̪ ʌ ]_w
[_w t̪ ʌ d̪ʱ j o ]_w
[_w k i d̪ ʌ ]_w
[_w s ʌ n̪ t̪ ʌ m a ]_w
[_w n̪ ʌ k ʌ r m ʌ ]_w
[_w ʌ l i ɡ ʌ ]_w
[_w ɦ ʌ d̪ i j ʌ ]_w
[_w s ʌ d̪ r i s j ʌ ]_w
[_w ʌ n̪ d̪ ʌ ]_w
[_w p u s ʌ ]_w
[_w bʱ ʌ e ]_w
[_w b i r u d̪ʱː ʌ ]_w
[_w s e n̪ a ]_w
[_w m i l i ]_w
[_w r ʌ ɡ ʌ ]_w
[_w ʌ d̪ ʌ ]_w
[_w d̪ʱ a r u ]_w
[_w bʱ ʌ n̪ d̪ a ]_w
[_w ɡ ʌ e k a ]_w
[_w ts a l ʌ k o ]_w
[_w ʌ w ʌ s t̪ʰ ʌ ]_w
[_w p o l n̪ e ]_w
[_w kʰ r i s ʈ i ]_w
[_w k ʌ r ʌ t̪ a ]_w
[_w p o kʰ ʌ r a p ʌ ]_w
[_w s ʌ m a dz ʌ k o ]_w
[_w w u ɖ s ʌ ]_w
[_w p e dz ʌ ]_w
[_w k r ʌ m ʌ ]_w
[_w p ʌ t̪ ʌ k ʌ ]_w
[_w k ʌ n̪ i t̪ ʌ ]_w
[_w d̪ i e k a ]_w
[_w p a u n̪ u ]_w
[_w ɡ ʌ r w ʌ ]_w
[_w bʱ e r i ]_w
[_w t̪ ʌ b a i l a i ]_w
[_w p o kʰ ʌ r a ]_w
[_w w j ʌ s d̪ o ]_w
[_w d̪ʱ a l i e k o ]_w
[_w dz ʌ n̪ ʌ ]_w
[_w n̪ ʌ s ʈ ʌ ]_w
[_w ʌ bʱ a w ʌ n̪ i ]_w
[_w p ʌ tsʰ a ʈ i ]_w
[_w s ʌ m dzʱ ʌ n̪ a ]_w
[_w d̪ i bː ʌ d̪ ʌ ]_w
[_w b a ɦ e k ʌ ]_w
[_w p ʌ ɦ a ɖ i j a ]_w
[_w ɡ ʌ r ʌ m a ]_w
[_w s ʌ bʱ j ʌ d̪ a ]_w
[_w p ʌ ʈ o ]_w
[_w s ʌ d̪ː a ]_w
[_w j ʌ s ʌ l a i ]_w
[_w r a dz ʌ d̪ʱ a n̪ ʌ ]_w
[_w p ʌ n̪ː ʌ ]_w
[_w ɡ ʌ r e k o ]_w
[_w w i t̪ j u d̪ ]_w
[_w s ʌ k r i t̪ i ]_w
[_w ɡ a ʈʰ ʌ k ʌ l e ]_w
[_w m ʌ n̪ ʌ ]_w
[_w bʱ i pʰ a ]_w
[_w a t̪ ʌ m ʌ k o ]_w
[_w e m ʌ ]_w
[_w a l ʌ m a ]_w
[_w r ʌ k s i n̪ ʌ ]_w
[_w dz ʌ r a ɡ o ]_w
[_w j ʌ ɦ o w a k a ]_w
[_w p u r i ]_w
[_w k ʌ m b ʌ n̪ ʌ ]_w
[_w ɡ ʌ t̪ e ]_w
[_w k u n̪ ʌ ɦ ʌ r ʌ ]_w
[_w k ʌ r e n̪ ʌ ]_w
[_w d̪ i n̪ ai ]_w
[_w p o ɖ ʌ ]_w
[_w b i ʈ i t̪ ʌ ]_w
[_w ʌ r ɡ o ]_w
[_w p a d̪ʱ j ʌ ]_w
[_w kʰ e r i e k a ]_w
[_w kʰ a e r ʌ ]_w
[_w d̪ʱ a n̪ ʌ ]_w
[_w s i k n̪ ʌ ]_w
[_w kʰ a n̪ ʌ ]_w
[_w w a ʈ ʌ ]_w
[_w bʱ ʌ e r ʌ ]_w
[_w j ʌ s ai ]_w
[_w k l ʌ b ʌ l ʌ ]_w
[_w d̪ ʌ r bʱ ʌ ]_w
[_w ɦ i ʈ ʌ ]_w
[_w p ʌ lː ʌ ]_w
[_w j u d̪ʱː ʌ ]_w
[_w s i r ts ʌ n̪ a ]_w
[_w ɡ o s i ]_w
[_w e k ʌ ]_w
[_w dz j a n̪ ʌ ]_w
[_w b ʌ r j a p t̪ ʌ ]_w
[_w k a s ʈ r o ɡ o ]_w
[_w p o k e k a ]_w
[_w w ʌ r ɡ ʌ ]_w
[_w ʌ n̪ u r o d̪ʱ ʌ ]_w
[_w ɦ a l ʌ d̪ ʌ ]_w
[_w bʱ ʌ n̪ː ʌ ]_w
[_w r o dz ʌ k o ]_w
[_w b r ʌ j o ɡ i ]_w
[_w d̪ a ɦ i n̪ tsʰ ʌ ]_w
[_w p ʌ ɖʱ e k o ]_w
[_w ʈʰ e k a n̪ a ]_w
[_w u n̪ i ]_w
[_w bʱ ʌ e k o l e ]_w
[_w w j a p a r i ]_w
[_w ɡ ʌ b ʌ ]_w
[_w a dz a r ʌ m a ]_w
[_w j i n̪ i ɦ ʌ r u ]_w
[_w p ʌ ɦ a ʈ ʌ m a ]_w
[_w bʱ a d̪ r ʌ ]_w
[_w m a m ʌ l e ]_w
[_w l j a ɖ i n̪ ʌ ]_w
[_w p ʌ d̪ i k ʌ ]_w
[_w r a m r a dz j ʌ ]_w
[_w ts ʌ r dz ʌ ]_w
[_w t̪ ʌ r ʌ ]_w
[_w t̪ e kʰ a u n̪ ʌ ]_w
[_w n̪ i r m a n̪ ʌ ]_w
[_w s o ɦ i ]_w
[_w m u k t̪ ʌ dzʱ ʌ ]_w
[_w k a u n̪ e ]_w
[_w s ʌ t̪ a ]_w
[_w w ʌ ɦ ã l e ]_w
[_w k ʌ r e k a l e ]_w
[_w m i l e ]_w
[_w ɡ ʌ r n̪ e tsʰ ʌ n̪ ]_w
[_w k ʌ r i n̪ u ]_w
[_w m a dzʱ a ]_w
[_w b a l ʌ ɡ o ]_w
[_w pʰ i l m ʌ k o ]_w
[_w m ʌ d̪ʱ j ʌ ]_w
[_w r a dz e n̪ d̪ r ʌ ]_w
[_w bʱ u ɖ a n̪ ʌ ]_w
[_w m i t̪ i k a ]_w
[_w bʱ ʌ n̪ i n̪ tsʰ ʌ ]_w
[_w s ã dzʱ ʌ k o ]_w
[_w w ai t̪ j ʌ ]_w
[_w pʰ e b r u ʌ r i ]_w
[_w d̪ i b r ʌ ]_w
[_w ʈʰ o s ʌ ]_w
[_w s ʌ ɦ ʌ r u ]_w
[_w k e ɦ i ]_w
[_w s ʌ r ʌ ]_w
[_w bʱ ai l i e k o ]_w
[_w t̪ ʌ r t̪ a ]_w
[_w tsʰ o r i ]_w
[_w p o s ʈ ʌ ]_w
[_w ɡ r i p ʌ ]_w
[_w w a j u ]_w
[_w ɡ ʌ r e m a ]_w
[_w u p a j ʌ ]_w
[_w n̪ ʌ n̪ ]_w
[_w a j ʌ ]_w
[_w bʱ e ʈ i ɦ ʌ r u ]_w
[_w pʰ o l ɖ ʌ r ʌ ]_w
[_w t̪ e kʰ d̪ a ]_w
[_w d̪ e d̪ e ]_w
[_w pʰ o l i ]_w
[_w bʱ o ts ʌ ]_w
[_w s w ʌ tsʰː ʌ ]_w
[_w s ʌ n̪ d̪ ʌ m a ]_w
[_w ɡ ʌ r a e k o ]_w
[_w k ai r ʌ ]_w
[_w d̪ʱ i j o ]_w
[_w w ʌ ɖ a ]_w
[_w p r a n̪ i k o ]_w
[_w ts i n̪ a m a ]_w
[_w p ʌ r ʌ ]_w
[_w d̪ ʌ r i k a ]_w
[_w n̪ ʌ k ʌ ]_w
[_w dz ʌ r u r i ]_w
[_w ɦ e r n̪ ʌ ]_w
[_w kʰ e l a ʈ i k o ]_w
[_w ɖ ã ʈ a ]_w
[_w bʱ ʌ n̪ i n̪ ]_w
[_w w ʌ ɦ a n̪ ]_w
[_w k ʌ r n̪ ʌ ]_w
[_w n̪ i kː ai ]_w
[_w s o m ʌ b a r ʌ ]_w
[_w u n̪ i l a i ]_w
[_w k ʌ t̪ i ]_w
[_w n̪ ʌ d̪ i k o ]_w
[_w p a t̪ ʌ ]_w
[_w a j a d̪ ʌ ]_w
[_w b ʌ l ʌ w a j u ]_w
[_w b a i n̪ e ]_w
[_w ɦ a t̪ ʌ p a i ]_w
[_w bʱ ʌ n̪ tsʰ u ]_w
[_w s u d̪ r i ʈʰ ʌ ]_w
[_w k ʌ j e ]_w
[_w d̪ ʌ s ʌ k o ]_w
[_w k o ʈʰ a m a ]_w
[_w t̪ʰ a ɦ ʌ r u ]_w
[_w ɦ ʌ ʈː i k o ]_w
[_w ɡ a l e ]_w
[_w s i m i t̪ ʌ ]_w
[_w s u n̪ e r ʌ ]_w
[_w j i n̪ i ]_w
[_w w i w i d̪ʱ ʌ t̪ a ]_w
[_w ɦ ʌ m ʌ t̪ i ]_w
[_w dz ʌ r a ]_w
[_w ʌ ŋ ɡ i t̪ ʌ ]_w
[_w d̪ ʌ l ʌ l e ]_w
[_w a r a m ʌ l a ]_w
[_w p u s t̪ a k a ]_w
[_w m a n̪ː ʌ ]_w
[_w t̪ j ʌ s ʌ l a i ]_w
[_w ts a n̪ a ]_w
[_w m au dz u t̪ ʌ ]_w
[_w n̪ ʌ j ã ]_w
[_w m i l ʌ e r ʌ ]_w
[_w dz u n̪ ʌ ]_w
[_w n̪ e t̪ a k o ]_w
[_w b r o ]_w
[_w u s ʌ p ʌ tsʰ i ]_w
[_w p i r o d̪ʱ ʌ m a ]_w
[_w ts ʌ l d̪ ai ]_w
[_w pʰ ʌ n̪ e n̪ ]_w
[_w b ʌ tsː a ]_w
[_w k ʌ s ai l e ]_w
[_w bʱ ʌ j o ]_w
[_w bʱ ʌ e tsʰ ʌ ]_w
[_w dz a r i ]_w
[_w ɖ i w i ]_w
[_w ʌ d̪ʱ i k ʌ ]_w
[_w d̪ i k a ]_w
[_w w ʌ r s a ]_w
[_w ɡ ʌ e r ʌ ]_w
[_w pʰ ʌ e p ʌ tsʰ i ]_w
[_w bʱ u l ʌ ]_w
[_w k a r b ʌ n̪ ʌ ]_w
[_w w i pʰ a dz i t̪ ʌ ]_w
[_w r a dz ʌ k o ]_w
[_w t̪ i n̪ ai ]_w
[_w bʱ a s a ɦ ʌ ]_w
[_w dz i d̪ ʌ ]_w
[_w u m e r ʌ ]_w
[_w l u m p i n̪ i ]_w
[_w d̪ i s a ]_w
[_w s ʌ b d̪ ʌ k o ]_w
[_w k o p j ʌ ]_w
[_w m o r ʌ ŋ ʌ ]_w
[_w ɡ ʌ t̪ʰ a ɡ o ]_w
[_w b ʌ s ts i m ʌ ]_w
[_w pʰ ʌ n̪ a i e k o ]_w
[_w l a ɡ ʌ j o ]_w
[_w w e t̪ ʌ ]_w
[_w ɦ ʌ ts a r ʌ ]_w
[_w d̪ʱ a r a ]_w
[_w p i r o d̪ʱ ʌ ]_w
[_w dz a n̪ː ʌ ]_w
[_w s e n̪ a k o ]_w
[_w ʌ n̪ s ʌ d̪ ʌ ]_w
[_w m e ts i ]_w
[_w b r ʌ j u ɡ d̪ ʌ ]_w
[_w s ʌ ɦ ʌ m a ]_w
[_w r a kʰ e ]_w
[_w p a e ]_w
[_w n̪ j u n̪ ʌ ]_w
[_w ts n̪ a n̪ ʌ ]_w
[_w ɡʱ e l a ɖ i k o ]_w
[_w j o ɡ j ʌ ]_w
[_w w ʌ r l ʈ ʌ ]_w
[_w t̪ e s ʌ l e ]_w
[_w a bʱ a s ʌ ]_w
[_w e k ʌ t̪ ʌ m a ]_w
[_w dz ʌ n̪ ʌ dz a t̪ i ]_w
[_w n̪ j u dz ʌ ]_w
[_w w i r j ʌ ]_w
[_w b ʌ n̪ a u n̪ e ]_w
[_w s u n̪ ʌ ɡ ai ]_w
[_w a t̪ m a ]_w
[_w d̪ e s ʌ ]_w
[_w kʰ e r i e k o ]_w
[_w d̪ ʌ l ʌ ]_w
[_w s ʌ m i k s a ]_w
[_w d̪ u s ʈ ʌ ]_w
[_w b ʌ r n̪ ʌ ]_w
[_w ʌ r u l e ]_w
[_w j ʌ ɦ ʌ ]_w
[_w ʌ s t̪ʰ i ]_w
[_w k a i ]_w
[_w j ʌ dz n̪ ʌ ]_w
[_w dz a d̪ i j ʌ ]_w
[_w ʌ n̪ i ]_w
[_w r i s i l e ]_w
[_w s ʌ m p u r n̪ ʌ ]_w
[_w dz a r ai d̪ i r ʌ ]_w
[_w k e n̪ d̪ r i j ʌ ]_w
[_w w i s w ʌ ]_w
[_w k ʌ r j o ]_w
[_w s ʌ n̪ j o ]_w
[_w ɦ u n̪ u ɡ a ]_w
[_w e s i j a ]_w
[_w d̪ e kʰ e r ʌ ]_w
[_w m ʌ t̪ ʌ ]_w
[_w ɡ ʌ w i t̪ a ]_w
[_w b ʌ ts a r au ]_w
[_w p r ʌ s ʈ ʌ ]_w
[_w k a n̪ ʌ ]_w
[_w p a i j o ]_w
[_w b ʌ n̪ a e ]_w
[_w w i k ʌ s i t̪ ʌ ]_w
[_w bʱ o l i ]_w
[_w l i e ]_w
[_w s ʌ n̪ k r e dz ʌ ]_w
[_w a w a ts ʌ ]_w
[_w b ʌ t̪ ʌ n̪ ʌ ]_w
[_w m ʌ ɦ i n̪ a k o ]_w
[_w b u l i s ʌ ]_w
[_w s w i k a ]_w
[_w u b ʌ l e ]_w
[_w ʌ r ʌ p a ʈ ʌ ]_w
[_w b au d̪ʱː ʌ ]_w
[_w k ʌ m bʱ i r ʌ ]_w
[_w tsʰ ai n̪ ʌ n̪ ]_w
[_w a pʰ ai l e ]_w
[_w ɦ u n̪ d̪ʱ e ]_w
[_w ɡ ʌ r e k a ]_w
[_w m a l i k a ]_w
[_w bʱ i bʱ a ]_w
[_w ɦ u n̪ tsʰ ʌ n̪ ]_w
[_w ɡ ʌ t̪ a ]_w
[_w ɖʱ u l a ]_w
[_w a kʰ i r ʌ ]_w
[_w k u r a l a ]_w
[_w m ʌ n̪ a u n̪ ʌ ]_w
[_w w i t̪ j a ]_w
[_w s w a t̪ ʌ ]_w
[_w d̪ʱ a r ʌ ]_w
[_w t̪ʰ a l i e k o ]_w
[_w b ʌ tsʰ i ]_w
[_w ɦ u e ]_w
[_w t̪ ʌ k s i ]_w
[_w ʌ r u ɡ o ]_w
[_w k r i p ʌ j ʌ ]_w
[_w d̪ u r i ]_w
[_w b ʌ k ʌ ]_w
[_w r a d̪ o ]_w
[_w d̪ i dz ʌ ]_w
[_w l j a e k o ]_w
[_w a k a r ʌ ]_w
[_w k r i k e ɖ ʌ ]_w
[_w e n̪ ʈ ʌ ]_w
[_w m ʌ k ai ]_w
[_w ɦ a m i l ʌ j o ]_w
[_w t̪ j ʌ s t̪ ai ]_w
[_w ts ʌ s t̪ a ]_w
[_w p ʌ r i t̪ ʌ ]_w
[_w dz i n̪ː ʌ ]_w
[_w dz e t̪ ʌ ]_w
[_w p ʌ r i ]_w
[_w j ʌ ɦ ã k o ]_w
[_w k au ɖ i k o ]_w
[_w r au t̪ ʌ ɦ ʌ ]_w
[_w n̪ ʌ t̪ i n̪ e ]_w
[_w o p ʌ n̪ ʌ ]_w
[_w ʈʰ a u n̪ ʌ ]_w
[_w o ɖ a ]_w
[_w s u kʰ ʌ ]_w
[_w r a dz a ]_w
[_w p ʌ t̪ a j a ]_w
[_w ɦ u t̪ ai ]_w
[_w p ʌ r e k a l e ]_w
[_w n̪ o p e l i ]_w
[_w b a u n̪ e ]_w
[_w ɡʱ ʌ n̪ a l ʌ ]_w
[_w bʱ ʌ n̪ i n̪ d̪ʱ j o ]_w
[_w bʱ ʌ n̪ ʌ ]_w
[_w d̪ ʌ s w i r ʌ ]_w
[_w m i l d̪ ai n̪ ʌ ]_w
[_w w i w a t̪ ʌ ]_w
[_w m ai l e ]_w
[_w t̪ʰ i j o ]_w
[_w b r ʌ d̪ʱ ʌ m ʌ ]_w
[_w d̪ i i n̪ tsʰ ʌ ]_w
[_w j ʌ ɦ ã k a ]_w
[_w k a ɖʱ ʌ m a ]_w
[_w k a r j ʌ m a ]_w
[_w s ʌ pʰ ʌ l ʌ ]_w
[_w bʱ ʌ n̪ e ]_w
[_w ɖ e n̪ i s ʌ l e ]_w
[_w dz a s o ]_w
[_w a ɦ w a n̪ ʌ ]_w
[_w p r ʌ pʰ u k o ]_w
[_w b ʌ s n̪ ʌ k o ]_w
[_w s ʌ ɦ ʌ ɡ o ]_w
[_w ɡ ʌ r i ]_w
[_w ɡʱ ʌ n̪ i ts ʌ ]_w
[_w p ʌ k n̪ e ]_w
[_w a w ʌ s j ʌ k ʌ ]_w
[_w ts ã ts ʌ ]_w
[_w ɡ i r i ]_w
[_w p ʌ n̪ e r ʌ ]_w
[_w a pʰ n̪ a ]_w
[_w ɡ ʌ dz ʌ ]_w
[_w l a i n̪ ʌ ]_w
[_w dz a ɦ i n̪ e ]_w
[_w ʌ n̪ t̪ ʌ r pʰ ʌ ]_w
[_w ɡ ʌ n̪ bʱ i r ʌ ]_w
[_w k ʌ r w ʌ ]_w
[_w j ʌ t̪ i ]_w
[_w dz a n̪ ts ʌ ]_w
[_w s ʌ k t̪ ʌ ]_w
[_w k ʌ b i t̪ a ]_w
[_w p ʌ t̪ a ũ d̪ ai ]_w
[_w ʌ kʰ i lː o ]_w
[_w pʰ a ʈ a ]_w
[_w a kʰ i r i ]_w
[_w k r ʌ n̪ i ]_w
[_w s w a m i ]_w
[_w d̪ ʌ r d̪ a ]_w
[_w s ʌ m i d̪ ʌ ]_w
[_w k ʌ p ʌ ]_w
[_w t̪ i lː i k o ]_w
[_w d̪ʱ i j au n̪ ]_w
[_w ʌ d̪ʱ j a j ʌ ]_w
[_w k ʌ e r ʌ ]_w
[_w s ʌ m i d̪ i m a ]_w
[_w n̪ ʌ s ʌ k ʌ m a ]_w
[_w t̪ j ʌ ɦ i ]_w
[_w p i bʱ i n̪ː ʌ ]_w
[_w bʱ i ɖ ʌ ]_w
[_w ɡ ʌ j i ]_w
[_w ts a t̪ i l a i ]_w
[_w d̪ ʌ n̪ ɖ ʌ m a ]_w
[_w m i n̪ e ʈ ʌ ]_w
[_w bʱ u m i k a ɡ o ]_w
[_w dzʱ ʌ n̪ ɖ ai ]_w
[_w tsʰ ʌ r i e k o ]_w
[_w m e l ʌ ]_w
[_w ts a ɦ i ]_w
[_w k a l ʌ ]_w
[_w s u r u w a t̪ ʌ ]_w
[_w s ʌ k i n̪ e ]_w
[_w ɦ ʌ r u k o ]_w
[_w n̪ i s e d̪ʱ ʌ ]_w
[_w s a p i t̪ ʌ ]_w
[_w t̪ʰ a b a ]_w
[_w s a n̪ a ]_w
[_w m o ɦ ʌ n̪ ʌ ]_w
[_w s ʌ n̪ i b a r ʌ ]_w
[_w b ʌ r n̪ e tsʰ ʌ ]_w
[_w m ʌ r k u s ʌ ]_w
[_w ʈʰ u ŋ ɡ a ]_w
[_w ʌ bʱ i s ʌ ]_w
[_w dz ʌ s t̪ ai ]_w
[_w ʌ m e r i k i ]_w
[_w bʱ a k ʌ ]_w
[_w s ʌ r ʌ d̪ ʌ ]_w
[_w bʱ o ʈ o ]_w
[_w b r i t̪ʰ w i ]_w
[_w w i s ʌ n̪ ]_w
[_w kʰ a m ʌ ]_w
[_w j u d̪ʱː ʌ k o ]_w
[_w t̪ w a r ʌ ]_w
[_w d̪ʱ ʌ n̪ ʌ ]_w
[_w n̪ a s ʌ ]_w
[_w p r ʌ kʰ j a t̪ ʌ ]_w
[_w s a d̪ʱ ʌ n̪ a ]_w
[_w ɡʱ r i s ʈ ʌ ]_w
[_w r u p ʌ ]_w
[_w b ʌ r i dz ʌ j ʌ ]_w
[_w ɡ i t̪ ʌ ]_w
[_w k s e t̪ r i t̪ ʌ ]_w
[_w p ʌ r w ʌ ]_w
[_w m ʌ r n̪ e tsʰ ʌ ]_w
[_w bʱ u m i k a m a ]_w
[_w u t̪ː ʌ m ʌ ]_w
[_w t̪ a l ʌ ]_w
[_w e k l ai ]_w
[_w ʈ a ɖʱ a ]_w
[_w w i s i s ʈ ʌ ]_w
[_w m e l a ]_w
[_w t̪ e kʰ i ]_w
[_w bʱ u m i ]_w
[_w k ʌ dz ʌ l ʌ ]_w
[_w ɡ u n̪ a ]_w
[_w ɡʱ a l ʌ ]_w
[_w p e s a ]_w
[_w m au l i k ʌ t̪ i ]_w
[_w d̪ ʌ s ʌ k ʌ ]_w
[_w b ʌ t̪ a j a ]_w
[_w b ʌ r i n̪ e ]_w
[_w ʌ n̪ u w a t̪ ʌ ]_w
[_w ɡ ʌ l e ]_w
[_w m j a dz ʌ ]_w
[_w b a l ʌ n̪ a ]_w
[_w ɦ u n̪ ʌ t̪ ʌ ]_w
[_w u ts a i m a ]_w
[_w l ʌ k a u n̪ e ]_w
[_w s ʌ b d̪ ʌ l a i ]_w
[_w p u dzʱ n̪ ʌ ]_w
[_w u r dz a ]_w
[_w pʰ ai s ʌ l a i ]_w
[_w m a t̪ r ai ]_w
[_w pʰ a w ʌ ]_w
[_w dzʱ a d̪ a ]_w
[_w b ʌ ɖ o ]_w
[_w s a d̪ʱ i ]_w
[_w m ʌ ɦ a t̪ m a ]_w
[_w b ʌ r ʌ ]_w
[_w ts i n̪ i ]_w
[_w a u n̪ e ]_w
[_w ɦ e r n̪ u ]_w
[_w u s t̪ ai ]_w
[_w r a kʰ ʌ j o ]_w
[_w r u ts i ]_w
[_w l a ɡ i r i ]_w
[_w d̪ i m i l a i ]_w
[_w t̪ ʌ lː o ]_w
[_w ʌ bʱ j a s ʌ ]_w
[_w dz ʌ s ʌ l ʌ ]_w
[_w s a m e l ʌ ]_w
[_w ʈ i ts a i n̪ ʌ ]_w
[_w dz i n̪ i ]_w
[_w m a n̪ i s ʌ k o ]_w
[_w ɡ a u ]_w
[_w ɦ ʌ r u ]_w
[_w s ʌ ɦ i d̪ ʌ ]_w
[_w ɦ ʌ k ʌ ]_w
[_w s a s ʌ n̪ ʌ ]_w
[_w ɡ ʌ n̪ i d̪ ʌ ]_w
[_w ʌ ŋ ɡ r e dz ʌ ]_w
[_w n̪ j a j ʌ m a ]_w
[_w m u kʰ j ʌ t̪ ʌ ]_w
[_w d̪ e kʰ a e k o ]_w
[_w p ʌ n̪ a u n̪ ʌ ]_w
[_w ts ʌ r dz a ]_w
[_w u tsː a r ʌ n̪ ʌ ]_w
[_w p ʌ n̪ a ]_w
[_w tsʰ o ʈ e r ʌ ]_w
[_w dz ʌ l e ]_w
[_w b ʌ s ts a t̪ ]_w
[_w bʱ u k ʌ m a ]_w
[_w d̪ i ɡʱ a i ]_w
[_w w i t̪ w a n̪ ʌ ]_w
[_w r a m ʌ ]_w
[_w ɡ o r i j a k o ]_w
[_w s ʌ bʱ a p ʌ t̪ i ]_w
[_w k ʌ d̪ʱ a k o ]_w
[_w p r ʌ bʱ u k o ]_w
[_w t̪ e s ʌ ɦ ʌ m a ]_w
[_w ʌ n̪ j ʌ ]_w
[_w k ʌ r n̪ ʌ m a ]_w
[_w e k ʌ k o ]_w
[_w s ʌ w ai ]_w
[_w a p u r t̪ i ]_w
[_w ɡʱ ʌ r e l u ]_w
[_w ɦ a t̪ ʌ ]_w
[_w s w ʌ ]_w
[_w e n̪ ʌ ]_w
[_w w ʌ r s ʌ m a ]_w
[_w p u k t̪ ʌ ]_w
[_w m u ʈ u ]_w
[_w b a l a m a ]_w
[_w b ʌ ɦ a ɖ ʌ ]_w
[_w s ʌ t̪ː a ]_w
[_w ɡ i lː a ]_w
[_w e ɡ a t̪ ʌ s i ]_w
[_w d̪ u n̪ i j a ɡ o ]_w
[_w o ɡ ʌ ʈ e k o ]_w
[_w kʰ a ɖ i ]_w
[_w p u r j a u n̪ e ]_w
[_w pʰ i t̪ r ʌ ]_w
[_w ʌ n̪ u tsʰː e d̪ ʌ ]_w
[_w p a d̪ r ʌ ]_w
[_w k i n̪ t̪ u ]_w
[_w t̪ a ɦ i n̪ ]_w
[_w b i dz ʌ ]_w
[_w ɦ ʌ w a i ]_w
[_w dz ai n̪ ʌ ]_w
[_w ɦ o l a n̪ ]_w
[_w m o r dz a ]_w
[_w ʈʰ u ŋ k a ]_w
[_w d̪ i m i l e ]_w
[_w pʰ u ʈ ʌ b ʌ l e ]_w
[_w bʱ a s i k ʌ ]_w
[_w d̪ i kʰ a i ]_w
[_w u d̪ː i p ʌ n̪ ʌ ]_w
[_w d̪ ʌ l ʌ k o ]_w
[_w d̪ e w ʌ t̪ a r ʌ ]_w
[_w ɡ ʌ r e k ʌ ]_w
[_w b u k e k a ]_w
[_w d̪ʱ a t̪ i ŋ ʌ ]_w
[_w a s u d̪ o s ʌ ]_w
[_w ʌ bʱ i n̪ː ʌ ]_w
[_w r ʌ s ʌ k a ]_w
[_w p r ʌ ]_w
[_w m i l tsʰ ʌ ]_w
[_w a k r ʌ m ʌ n̪ ʌ ]_w
[_w d̪ w i p ʌ r i ]_w
[_w b ʌ n̪ː ʌ ]_w
[_w ɡ ʌ r d̪ ʌ tsʰ ʌ n̪ ]_w
[_w s a n̪ t̪ i k o ]_w
[_w a t̪ ʌ m a ]_w
[_w u p ʌ d̪ j ʌ k a ]_w
[_w k u kʰ u r a ]_w
[_w ʈ i m ʌ ]_w
[_w s ʌ̃ ɡ ʌ ]_w
[_w a s r ʌ m ʌ ]_w
[_w w i dz ʌ j ʌ k a ]_w
[_w r a dz ʌ ]_w
[_w ts a ɦ ʌ r u ]_w
[_w p u r o ɦ i ]_w
[_w r a ɦ u l ʌ ]_w
[_w s u n̪ e k o ]_w
[_w ɡʱ u s i ]_w
[_w r a dz j ʌ ]_w
[_w e k ʌ l ʌ ]_w
[_w d̪ a ɦ i n̪ e ]_w
[_w n̪ i j ʌ ]_w
[_w l i ɡʱ a ]_w
[_w dz i t̪ ʌ ]_w
[_w p ʌ d̪ r ʌ m a ]_w
[_w ʌ bʱ a w ʌ ]_w
[_w ts ʌ b ʌ ]_w
[_w a ɡ a s ʌ ]_w
[_w s i n̪ t̪ʰ u l i ]_w
[_w pʰ o n̪ ʌ ]_w
[_w bʱ ʌ n̪ t̪ʰ e ]_w
[_w s ʌ n̪ t̪ʰ i ]_w
[_w u p ʌ s t̪ʰ i t̪ ʌ ]_w
[_w t̪ i n̪ ʌ k o ]_w
[_w d̪ au t̪ʰ ʌ l i ]_w
[_w m r i t̪ j ʌ ]_w
[_w dz a r ai ]_w
[_w a t̪ i k a ]_w
[_w s i r s ʌ k ʌ ]_w
[_w s a t̪ʰ ʌ n̪ a ]_w
[_w n̪ j au p a n̪ e ]_w
[_w bʱ ʌ r kʰ ʌ r ai ]_w
[_w j u w a ]_w
[_w p ʌ b ʌ ]_w
[_w k ʌ r e ʈ ʌ ]_w
[_w t̪ ʌ l i t̪ a n̪ ʌ ]_w
[_w b a n̪ dz ʌ ]_w
[_w w i r u d̪ʱː ʌ ]_w
[_w i l a k a r ʌ ]_w
[_w ɡ i s i m a ]_w
[_w b a ɖ o ]_w
[_w w ʌ n̪ ʌ ]_w
[_w r a kʰ i e k o ]_w
[_w d̪ ʌ m p a i ]_w
[_w k a u ]_w
[_w w ʌ n̪ s ʌ k o ]_w
[_w w i ts e t̪ a ]_w
[_w bʱ ʌ n̪ t̪ a n̪ ʌ ]_w
[_w ɡ ʌ r e n̪ ʌ ]_w
[_w b a dz u r a ]_w
[_w w i s w ʌ r ʌ ]_w
[_w ɡ ʌ r ʌ ]_w
[_w ɡ u r a k a n̪ i ]_w
[_w p l ʌ k ʌ ]_w
[_w ɦ i t̪ ʌ ]_w
[_w ts i s o ]_w
[_w s ʌ k d̪ ʌ tsʰ ʌ n̪ ]_w
[_w r a kʰ d̪ ai ]_w
[_w kʰ ʌ ʈ ʌ n̪ ʌ ]_w
[_w k r a n̪ d̪ i ]_w
[_w ɡ a l i ]_w
[_w n̪ a m ʌ ]_w
[_w ɦ i m a l ʌ ]_w
[_w p u ʈʰ i ]_w
[_w r a dz j ʌ k a ]_w
[_w d̪ ʌ s ʌ ]_w
[_w s o k ʌ ]_w
[_w dz a t̪ i k o ]_w
[_w r a dz j ʌ m a ]_w
[_w dz a ɦ ʌ n̪ tsʰ u ]_w
[_w b r i d̪ʱː i ]_w
[_w ɡ o r i n̪ t̪ʰ i ]_w
[_w a j o dz ʌ n̪ a ]_w
[_w t̪ j ʌ s o ]_w
[_w k i t̪ a b ʌ ]_w
[_w s w a d̪ ʌ ]_w
[_w r ʌ m a ]_w
[_w ts ʌ n̪ ʌ t̪ w ʌ ]_w
[_w s u k l ʌ ]_w
[_w dz ʌ n̪ a e ɡ o ]_w
[_w l ʌ k s j ʌ ]_w
[_w k a l i k ʌ ]_w
[_w kʰ e t̪ i ]_w
[_w t̪ʰ i ẽ ]_w
[_w w i p ʌ k ʌ ʈ ʌ ]_w
[_w ɡ r i j a ]_w
[_w n̪ j u ]_w
[_w d̪ j ʌ s ai l e ]_w
[_w k a m ʌ m a ]_w
[_w ɦ ã s o ]_w
[_w s a ʈʰ e ]_w
[_w ɡ ʌ d̪ a ]_w
[_w bʱ i k s u ]_w
[_w ɦ u n̪ː ʌ ]_w
[_w t̪ ʌ ɦ ʌ ]_w
[_w ts a r ai ]_w
[_w p r ʌ t̪ i j ʌ ]_w
[_w l ai dz a n̪ e ]_w
[_w dz ʌ ʈʰ e r ʌ ]_w
[_w ɦ i n̪ s a ]_w
[_w dz a ɦ ʌ r u ]_w
[_w m i s r i t̪ ʌ ]_w
[_w bʱ o l ɖ ʌ r ʌ ]_w
[_w ʌ n̪ t̪ ʌ ]_w
[_w p ʌ n̪ a i ]_w
[_w ɖʱ a ũ b a ɖ ʌ ]_w
[_w s u r u ]_w
[_w u n̪ ʌ k a ]_w
[_w u s ʌ ɡ o ]_w
[_w u p ʌ l ʌ ]_w
[_w s ʌ ɦ ʌ dz ʌ ]_w
[_w w i k i r ʌ n̪ ʌ ]_w
[_w s a n̪ d̪ ʌ ]_w
[_w d̪ ʌ j a r ʌ ]_w
[_w ɡ ʌ n̪ e ]_w
[_w i r a k ʌ ]_w
[_w kʰ a ʈ i ]_w
[_w ɦ a s i l ʌ ]_w
[_w p a ɦ r ʌ ]_w
[_w s e n̪ a m a ]_w
[_w m au kʰ i k ʌ ]_w
[_w ɡʱ a l i ]_w
[_w dz ai t̪ ʌ ]_w
[_w dz e m s ʌ ]_w
[_w s ʌ ɖ ʌ k ʌ ]_w
[_w ʌ pʰ i n̪ ʌ j ʌ ]_w
[_w d̪ u l ʌ s i ]_w
[_w e u ʈ i ]_w
[_w ʈʰ u l a ]_w
[_w s ʌ r ʌ l ʌ ]_w
[_w m i ɖʱ o ]_w
[_w a j o k ʌ t̪ a ]_w
[_w ɡ ʌ n̪ i t̪ i ]_w
[_w u n̪ː ʌ t̪ i ]_w
[_w o r ʌ ]_w
[_w d̪ i r ʌ ]_w
[_w ɦ a d̪ ʌ b a p ʌ ]_w
[_w l ʌ ɡ a j o ]_w
[_w a d̪ i k a ]_w
[_w p r a ]_w
[_w dz ʌ l n̪ ʌ ]_w
[_w a k ʌ ]_w
[_w d̪ a w a ]_w
[_w s ʌ m i t̪ i k o ]_w
[_w ʌ s a m a k o ]_w
[_w ɡʱ a ʈ a ]_w
[_w ɡ ʌ d̪ʱ ʌ n̪ ʌ ]_w
[_w dz ã t̪ a ]_w
[_w p a ʈʰ ʌ ]_w
[_w k a w i s ʌ j ʌ ]_w
[_w ts i n̪ t̪ a ]_w
[_w m ʌ l e ]_w
[_w ɦ a m r a dz j ʌ ]_w
[_w j u r o p i j ʌ ]_w
[_w r a kʰ e k a ]_w
[_w r ʌ ɦ e k o ]_w
[_w p i dz ʌ m a ]_w
[_w b a n̪ ʌ ɡ ʌ r ʌ ]_w
[_w ts u l a i ]_w
[_w ʌ n̪ u bʱ ʌ j o ]_w
[_w m a n̪ ãũ ]_w
[_w dz i w i t̪ ʌ ]_w
[_w s ʌ t̪ r ʌ ]_w
[_w p u s t̪ ʌ k ʌ ]_w
[_w l a m o ]_w
[_w m u s l i m ʌ ]_w
[_w tsʰ ʌ l ʌ k o ]_w
[_w w ʌ s t̪ ʌ ]_w
[_w ɡ ʌ r n̪ ʌ k a ]_w
[_w t̪ e kʰ i e ]_w
[_w tsʰ ai n̪ ʌ ]_w
[_w p a p ʌ k ʌ ]_w
[_w ʌ n̪ u ]_w
[_w ts a ɦ ʌ n̪ tsʰ u ]_w
[_w s t̪ʰ a p ʌ n̪ ʌ ]_w
[_w s i ts ʌ n̪ ʌ ]_w
[_w s ʌ k tsʰ ʌ ]_w
[_w m ʌ d̪ʱ j e k o ]_w
[_w k o t̪ o ]_w
[_w k ʌ b ʌ ʈ a ]_w
[_w w i s n̪ u l e ]_w
[_w a e b ʌ tsʰ i lː a ]_w
[_w p r ʌ w ʌ ]_w
[_w t̪ ʌ ɦ ʌ ɖ ʌ t̪ a ]_w
[_w j a t̪ r a m a ]_w
[_w t̪ e kʰ i j o ]_w
[_w m a r ʌ ]_w
[_w b o kʰ ʌ r a j o ]_w
[_w m a o w a t̪ i ]_w
[_w b i t̪ː i k ai ]_w
[_w k ʌ n̪ ʌ n̪ a ]_w
[_w m a l a ]_w
[_w ʌ n̪ s ʌ ]_w
[_w s i k s ʌ ]_w
[_w w i bʱ ʌ l ʌ ]_w
[_w l ʌ m ʌ ]_w
[_w t̪ ʌ n̪ a ]_w
[_w ʌ n̪ i w a r ʌ ]_w
[_w n̪ ʌ s ʌ r t̪ʰ ʌ ]_w
[_w b a ũ d̪ a ]_w
[_w k a r ʌ b a ɦ i ]_w
[_w k a m i ]_w
[_w ɦ u n̪ e tsʰ ʌ ]_w
[_w p ʌ n̪ i ]_w
[_w ʌ r ɡ ai ]_w
[_w ɦ ũ d̪ ai ]_w
[_w ɦ i sː a ]_w
[_w ʌ n̪ d̪ j ʌ ]_w
[_w s ʌ̃ d̪ʱ ai ]_w
[_w ʈ ʌ l ʌ r ʌ k o ]_w
[_w pʰ ʌ n̪ tsʰ u ]_w
[_w w j ʌ k t̪ i ]_w
[_w b ʌ s e r ʌ ]_w
[_w pʰ ʌ n̪ i n̪ tsʰ ʌ n̪ ]_w
[_w ɡ a r ʌ ]_w
[_w u n̪ i m a ]_w
[_w w i t̪ j u ]_w
[_w a j o ɡ ʌ ]_w
[_w ʌ t̪ʰ j ʌ j ʌ n̪ ]_w
[_w r u p ʌ k o ]_w
[_w kʰ e r i ]_w
[_w dz a ɦ ʌ r u m a ]_w
[_w t̪ i lː i ]_w
[_w k a r p ʌ n̪ ʌ ]_w
[_w s ʌ n̪ ɡʱ i j ʌ ]_w
[_w m a t̪ʰ j ʌ ]_w
[_w u ts a k o ]_w
[_w ʌ r u ]_w
[_w b r ʌ s t̪ a w ʌ ]_w
[_w ɦ a m i l ʌ t̪ i ]_w
[_w u ʈʰ a u n̪ e ]_w
[_w bʱ a r ʌ d̪ ʌ ]_w
[_w a p ʌ t̪ʰː ʌ ]_w
[_w kʰ a s ʌ k ʌ ]_w
[_w kʰ a n̪ u ]_w
[_w i t̪ j a t̪ i ]_w
[_w m ʌ ɦ i n̪ i ]_w
[_w s ʌ p t̪ ʌ ɡ o ]_w
[_w j ʌ ɦ o w a ɡ a ]_w
[_w a t̪ i ɡ a ]_w
[_w s ʌ b ai l a i ]_w
[_w k l o n̪ i ŋ ʌ ]_w
[_w ɡ ʌ l a ]_w
[_w ɡ l ʌ k ʌ ]_w
[_w k o s i s ʌ ]_w
[_w p r i d̪ʱ w i k o ]_w
[_w s a k ʌ r s ʌ ]_w
[_w ʈʰ u l o ]_w
[_w n̪ e w a r i ]_w
[_w n̪ ʌ ɡ ʌ r i ]_w
[_w p ʌ t̪ a e ]_w
[_w l a k n̪ u ]_w
[_w l a k n̪ ʌ ]_w
[_w ɡ ʌ e ]_w
[_w m o p a i l a ]_w
[_w ʌ b ʌ ]_w
[_w ɡ ʌ t̪ i b ʌ k ʌ ]_w
[_w t̪ʰ a t̪ u p a ʈ ʌ ]_w
[_w r o k i ]_w
[_w u dz a i ]_w
[_w p a r i ]_w
[_w t̪ a w a ]_w
[_w t̪ i n̪ ʌ ]_w
[_w k ʌ r i n̪ e ]_w
[_w d̪ ʌ n̪ ʈ ʌ ]_w
[_w b r ʌ d̪ i k o ]_w
[_w ɡ u n̪ a s o ]_w
[_w ɡʱ e l ʌ ]_w
[_w ɡ ʌ t̪ i s i l ʌ ]_w
[_w s a ɦ r ai ]_w
[_w p r ʌ k a ]_w
[_w j au n̪ ʌ ]_w
[_w k e n̪ d̪ r i ]_w
[_w n̪ a j ʌ ɡ ʌ ]_w
[_w b a k i ]_w
[_w s p e n̪ ʌ ]_w
[_w kʰ a i t̪ e ]_w
[_w ts j a n̪ ʌ ]_w
[_w s ʈ a r ʌ ]_w
[_w m a i k ʌ r ɖ ʌ ]_w
[_w p ʌ t̪ a i e k o ]_w
[_w ʈʰ a ũ l a i ]_w
[_w bʱ i m ʌ ]_w
[_w s i w ʌ ]_w
[_w m a r k ʌ m a ]_w
[_w m a n̪ e ]_w
[_w w a d̪ʱ j ʌ m a ]_w
[_w b u d̪ʱː i ]_w
[_w b u s t̪ ʌ k ʌ ]_w
[_w s ʌ dz i l o ]_w
[_w ʌ bʱ i n̪ e t̪ a ]_w
[_w d̪ r i ʈʰ ʌ ]_w
[_w r o k i k ʌ ]_w
[_w tsʰ u ɖ au t̪ i k ʌ ]_w
[_w l i m b u ]_w
[_w ɦ ũ d̪ ai tsʰ ʌ ]_w
[_w ɡ a n̪ ʌ m a ]_w
[_w d̪ i n̪ ʌ ɡ o s i ]_w
[_w k a s ʈ r i j ʌ ]_w
[_w bʱ o ɦ o r ʌ ]_w
[_w t̪ʰ a l ʌ n̪ a ]_w
[_w t̪ i s a ]_w
[_w l a ɡ d̪ ʌ tsʰ ʌ ]_w
[_w p r ʌ bʱ a w ʌ ]_w
[_w d̪ a t̪ o ]_w
[_w k ʌ r m i ]_w
[_w b a n̪ i k o ]_w
[_w dz j o t̪ i s ʌ ]_w
[_w t̪ i n̪ u ]_w
[_w ɡ ʌ m b ʌ n̪ d̪ʱ ʌ ]_w
[_w k ʌ d̪ ʌ ]_w
[_w l ʌ k ʌ t̪ː ai ]_w
[_w ɡ a l ʌ t̪ ʌ ]_w
[_w ts a e k a ]_w
[_w k ã ɦ i ]_w
[_w j e s u l e ]_w
[_w t̪ o ɖ ʌ bʱ o ɖ ʌ ]_w
[_w m a kʰ e ]_w
[_w s ʌ m i t̪ i l e ]_w
[_w t̪ i w r ʌ ]_w
[_w s n̪ a t̪ ʌ ]_w
[_w ɡ u r a ɡ a n̪ i ]_w
[_w s a m r a ]_w
[_w s e w a ]_w
[_w j ʌ ɦ ã ]_w
[_w dz ʌ b ʌ ]_w
[_w t̪ʰ ʌ n̪ i ]_w
[_w pʰ ʌ n̪ e k a ]_w
[_w t̪ ʌ ɦ ʌ ʈ ʌ ]_w
[_w j ʌ ɦ i ]_w
[_w u lː e kʰ i t̪ ʌ ]_w
[_w s w ʌ r ʌ ]_w
[_w b o k e ɡ a ]_w
[_w ɡ u n̪ ʌ ]_w
[_w ʌ k s a ]_w
[_w k e n̪ d̪ r ʌ ]_w
[_w d̪ j ʌ s t̪ ai ]_w
[_w w a n̪ i dz j ʌ ]_w
[_w b ʌ t̪ i ]_w
[_w b r e r ʌ ]_w
[_w m i l ʌ t̪ i ]_w
[_w ts a t̪ i l e ]_w
[_w u lː e kʰ ʌ ]_w
[_w k ʌ r au n̪ ]_w
[_w p ã ɡ i ]_w
[_w s ʌ m i t̪ i ]_w
[_w l a k e k a ]_w
[_w p r e r ʌ ]_w
[_w t̪ʰ i e n̪ ʌ n̪ ]_w
[_w bʱ ʌ n̪ ɖ a r ʌ ]_w
[_w m ʌ t̪ʰ e s i ]_w
[_w p ʌ s o p a s ʌ ]_w
[_w dz a t̪ ʌ k o ]_w
[_w ɡ ʌ r m i ]_w
[_w n̪ a m ʌ l a m ʌ ]_w
[_w b u r w ʌ ɡ o ]_w
[_w m j a t̪ ʌ ]_w
[_w dz i n̪ ɦ ʌ k o ]_w
[_w j i n̪ ʌ l a i ]_w
[_w ɡʱ ʌ r ʌ m ʌ ]_w
[_w ɦ i n̪ d̪ i ]_w
[_w j ʌ ɦ o w a l e ]_w
[_w w ʌ r ɡ ʌ m a ]_w
[_w b a i n̪ ɡ o ]_w
[_w l ʌ k a ]_w
[_w ɡ ʌ s o ]_w
[_w a t̪ i w a s ʌ ]_w
[_w j u d̪ʱː ʌ ɡ o ]_w
[_w j u d̪ʱː ʌ m a ]_w
[_w dz o ʈ e r ʌ ]_w
[_w t̪ u r i ]_w
[_w ɦ ʌ dz a r ʌ ]_w
[_w ɡ ʌ r n̪ ai ]_w
[_w p a p ʌ ]_w
[_w p ʌ l i ]_w
[_w m o p a i l a i ]_w
[_w k ʌ r n̪ e ]_w
[_w ts ʌ n̪ a ]_w
[_w bʱ ʌ n̪ j o ]_w
[_w dz a n̪ t̪ʰ j o ]_w
[_w n̪ e p a l ʌ ]_w
[_w t̪ i dz ʌ ]_w
[_w n̪ ʌ w ʌ ɖ a ]_w
[_w l e kʰ e r ʌ ]_w
[_w t̪ e kʰ e ]_w
[_w s ʌ p t̪ ʌ k o ]_w
[_w bʱ au ɡ o l i ]_w
[_w k r o d̪ʱ ʌ ]_w
[_w s ʌ n̪ k ʌ ]_w
[_w s ʌ m p ʌ r ʌ ]_w
[_w ɡ ʌ r i j o ]_w
[_w ɡ a ʈ i ]_w
[_w ɖ e p j u ]_w
[_w m i s r ʌ ]_w
[_w b a b u ]_w
[_w t̪ u kʰ a i ]_w
[_w ʌ b e k s a ]_w
[_w k ʌ ɦ i n̪ a ]_w
[_w u tsː ʌ ]_w
[_w a t̪ʰ a r i d̪ ʌ ]_w
[_w kʰ ʌ ɖ ʌ n̪ a ɡ o ]_w
[_w n̪ a ʈ j ʌ ]_w
[_w ɡ a u n̪ ʌ ]_w
[_w p ʌ ʈʰ a u n̪ ʌ ]_w
[_w ɦ ʌ p t̪ a n̪ ʌ ]_w
[_w s t̪ʰ a p ʌ n̪ a ]_w
[_w p r ʌ s t̪ u ]_w
[_w s ʌ l j a n̪ ʌ ]_w
[_w w i t̪ʰ a n̪ ʌ ]_w
[_w d̪ e w ʌ k o ]_w
[_w u k a l o ]_w
[_w b a j o ]_w
[_w m a r pʰ ʌ t̪ ʌ ]_w
[_w w i s e s ʌ t̪ a ]_w
[_w r a s ʈ r i j ʌ ]_w
[_w s m r i d̪ ʌ ]_w
[_w s ʌ n̪ ɡ e d̪ ʌ ]_w
[_w ɡ u r a m ʌ l ʌ ]_w
[_w ɡ ʌ m ʌ n̪ ʌ ]_w
[_w kʰ ʌ n̪ ɖ ʌ ]_w
[_w k ʌ r i w ʌ ]_w
[_w s a d̪ʱ ai ]_w
[_w a dz i w ʌ ]_w
[_w s i n̪ ɦ ʌ l e ]_w
[_w p ʌ tsː a ]_w
[_w ɦ u n̪ t̪ʰ j o ]_w
[_w k ʌ r i ]_w
[_w l ʌ k a n̪ i ]_w
[_w kʰ o ɖ a ]_w
[_w s ʌ n̪ d̪ʱ ai ]_w
[_w k ʌ r tsʰ u ]_w
[_w a pʰ u l a i ]_w
[_w a t̪ʰ a ]_w
[_w s a i ɖ ʌ ]_w
[_w w ʌ r k i j ʌ ]_w
[_w m a tsʰ a ]_w
[_w k i n̪ ʌ k o ]_w
[_w ɦ u n̪ u ]_w
[_w d̪ ʌ r s ʌ k ʌ ]_w
[_w p a r w ʌ d̪ ʌ ]_w
[_w p ʌ ts a r ʌ ]_w
[_w t̪ i m r o ]_w
[_w b i ts ʌ m a ]_w
[_w d̪ a k i ]_w
[_w s ʌ n̪ ts a b ʌ ]_w
[_w ɦ ʌ ɡ ʌ ]_w
[_w s ʌ n̪ p ʌ t̪ʰː ʌ ]_w
[_w n̪ e w a r ʌ ]_w
[_w bʱ u m i k a k o ]_w
[_w k ʌ r o ɖ ʌ ]_w
[_w p ai t̪ ʌ ɖ i ]_w
[_w k u l m i ]_w
[_w ɡ a m i ]_w
[_w n̪ i s k e r ʌ ]_w
[_w j a k u p ʌ ]_w
[_w e k ʌ d̪ ʌ m a ]_w
[_w ɦ a i ]_w
[_w p ʌ t̪ r u ]_w
[_w k r i p a ]_w
[_w ts i w ʌ ]_w
[_w s j a u ]_w
[_w j ʌ s ai k ʌ r i ]_w
[_w t̪ a b ʌ n̪ ʌ ]_w
[_w k ʌ r d̪ ʌ d̪ʱ j o ]_w
[_w s ʌ m a dz ʌ k a ]_w
[_w ɡ o p j ʌ ]_w
[_w ʌ r p ʌ n̪ ʌ ]_w
[_w b r i j ʌ ]_w
[_w p a t̪ʰ j ʌ ]_w
[_w ɡ i n̪ d̪ u ]_w
[_w dz o r ʌ ]_w
[_w kʰ o dz ʌ k o ]_w
[_w dz i n̪ ʌ m a ]_w
[_w r ʌ ɦ ʌ ]_w
[_w ɦ a m r o ]_w
[_w p a l ʌ k a i ]_w
[_w s i d̪ʱː ʌ ]_w
[_w ts u n̪ a w ʌ m a ]_w
[_w d̪ i e r ʌ ]_w
[_w s a r t̪ʰ ʌ k ʌ ]_w
[_w w ai t̪ʰ ʌ ]_w
[_w d̪ʱ a ɦ a ]_w
[_w ɡ u bʱ a ]_w
[_w dz a ɦ ʌ n̪ a ]_w
[_w bʱ ʌ k ʌ w a n̪ i ]_w
[_w bʱ ai s ʌ l a ]_w
[_w b u dz a r i ]_w
[_w w ʌ s ʌ k ʌ ]_w
[_w ɦ ʌ t̪ j a ]_w
[_w i tsʰː u k ʌ ]_w
[_w j o dz ʌ n̪ ʌ ]_w
[_w u ɦ ã k a ]_w
[_w b ʌ r j o ]_w
[_w s o ɡ ʌ ]_w
[_w k ʌ w i ]_w
[_w ɡ i j e ]_w
[_w ɡ o l ʌ ]_w
[_w s a ɦ ʌ l e ]_w
[_w a w a dz ʌ ]_w
[_w s r i m ʌ ]_w
[_w k a n̪ u n̪ ʌ ]_w
[_w s u w a s ʌ ]_w
[_w au r ʌ ]_w
[_w d̪ u r ɡ a ]_w
[_w i l a k o ]_w
[_w m a o w a d̪ i ]_w
[_w k l ʌ b ʌ ]_w
[_w k ʌ ɦ i l e ]_w
[_w dz ʌ l ʌ m a ]_w
[_w m i l ʌ ]_w
[_w m u kʰ j ʌ ]_w
[_w ɦ i m a l i ]_w
[_w k ʌ d̪ʱ a m a ]_w
[_w d̪ʱ i i n̪ ʌ ]_w
[_w r ʌ ɦ e tsʰ ʌ ]_w
[_w dz ʌ ɖʱ e r ʌ ]_w
[_w dz i w ʌ ]_w
[_w s ʌ r i ]_w
[_w ɦ ʌ dz u r ʌ ]_w
[_w d̪ e t̪ e ]_w
[_w d̪ e s r o ]_w
[_w bʱ ʌ n̪ ɖ a ]_w
[_w ɡ ʌ b d̪ a n̪ ʌ ]_w
[_w s ʌ bʱ a k a ]_w
[_w d̪ o ʈ ʌ bʱ o ʈ ʌ ]_w
[_w b u r a t̪ ʌ n̪ ʌ ]_w
[_w a t̪ i l a i ]_w
[_w bʱ a i ]_w
[_w dz u n̪ ʌ s ʌ k o ]_w
[_w a bʱ ʌ n̪ o ]_w
[_w ts ʌ b ʌ k i ]_w
[_w s ʌ n̪ ɡ a ]_w
[_w u ʈʰ a u n̪ m a ]_w
[_w p e s i ]_w
[_w ɡ ʌ r i n̪ u ]_w
[_w s ʌ d̪ r u s ʌ ]_w
[_w b u r u s ʌ ]_w
[_w pʰ u l ʌ k o ]_w
[_w s ʌ j ʌ ]_w
[_w b ʌ ɦ a ʈ ʌ k o ]_w
[_w k u n̪ ʌ ]_w
[_w t̪ ʌ m p a k u ]_w
[_w m ʌ s t̪ i ]_w
[_w ɡʱ ʌ ʈ a ]_w
[_w kʰ ʌ ʈ i ]_w
[_w ɦ e r ʌ ]_w
[_w l ʌ ɡ a e r ʌ ]_w
[_w d̪ e kʰ a ]_w
[_w t̪ u w ai ɡ o ]_w
[_w t̪ j ʌ s t̪ a ]_w
[_w pʰ a d̪ r ʌ ]_w
[_w s ʌ m r i d̪ʱː ʌ ]_w
[_w m a j a l u ]_w
[_w t̪ ai j a r ʌ ]_w
[_w ɦ i s a p ʌ ]_w
[_w n̪ i t̪ʰ ʌ n̪ ʌ ]_w
[_w s ʌ m u ɦ ʌ m a ]_w
[_w s ʌ n̪ dz a p ʌ ]_w
[_w w i r o d̪ʱ i ]_w
[_w s w ʌ j ʌ n̪ ʌ ]_w
[_w w i bʱ a w ʌ ]_w
[_w b i dz a r ʌ ]_w
[_w s r o t̪ ʌ ]_w
[_w s ʌ m i t̪ ʌ ]_w
[_w s t̪ʰ a p i t̪ ʌ ]_w
[_w ɡ u s u m ʌ ]_w
[_w ɦ ʌ ʈ a ]_w
[_w tsʰ o ʈ ʌ ]_w
[_w ʌ t̪ i r i k d̪ ʌ ]_w
[_w u n̪ ʌ m a ]_w
[_w d̪ i n̪ ʌ l a i ]_w
[_w tsʰ ʌ n̪ au ɖ ʌ ]_w
[_w r ʌ ɦ ʌ i n̪ tsʰ ʌ ]_w
[_w s ʌ r ʌ d̪ a n̪ ʌ ]_w
[_w n̪ i k ai ]_w
[_w u n̪ i ɦ ʌ r u ]_w
[_w b ai t̪ ʌ l ʌ k o ]_w
[_w ʌ bʱ i j a n̪ ʌ ]_w
[_w ʌ n̪ k ʌ ]_w
[_w j ʌ ɦ a ]_w
[_w dz u n̪ a w ʌ r ʌ ]_w
[_w s e t̪ i ]_w
[_w p r e m ʌ m a ]_w
[_w n̪ i j u k t̪ ʌ ]_w
[_w n̪ ʌ s ʌ ɡ a ]_w
[_w d̪ ʌ r bʱ ʌ k o ]_w
[_w tsʰ u ɖ ʌ k a r i ]_w
[_w b a e k o ]_w
[_w l ʌ k s m i ]_w
[_w dz ʌ s ʌ k a ]_w
[_w b i l ʌ ]_w
[_w m e dz i ]_w
[_w s ʌ k ʌ k o ]_w
[_w kʰ u s i ]_w
[_w a m a l e ]_w
[_w m a n̪ i ]_w
[_w m ʌ d̪ʱ e s i ]_w
[_w n̪ i l o ]_w
[_w t̪ ʌ r ts a ]_w
[_w k ʌ r a e k o ]_w
[_w d̪ʱ au l a k i ]_w
[_w p ʌ r t̪ ʌ d̪ʱ e ]_w
[_w p ʌ n̪ e k o ]_w
[_w t̪ i tsʰ ʌ n̪ ʌ ]_w
[_w l i n̪ e ]_w
[_w s m a r ʌ ɡ o ]_w
[_w b r i d̪ʱ ʌ k ʌ ]_w
[_w kʰ i u ]_w
[_w p a p u r d̪ i ]_w
[_w bʱ ʌ l ʌ bʱ u l ʌ ]_w
[_w j a t̪ r a ]_w
[_w s ʌ m ʌ d̪ a r ʌ ]_w
[_w d̪ j ʌ s d̪ ai ]_w
[_w ɡ u ʈʰ i ]_w
[_w l e kʰ i e k o ]_w
[_w r u p ʌ l ʌ ]_w
[_w m a n̪ i s ʌ ]_w
[_w kʰ ʌ ʈ ʌ n̪ a ]_w
[_w p ʌ s t̪ ai ]_w
[_w a p ʌ s i n̪ a ]_w
[_w m ʌ d̪ ʌ ]_w
[_w ɡ ʌ l j a n̪ ʌ ]_w
[_w b ʌ r w ʌ ]_w
[_w k ʌ l ʌ ]_w
[_w a p u r d̪ i ]_w
[_w p a u n̪ e ]_w
[_w kʰ ʌ ɖ ʌ k ʌ ]_w
[_w d̪ ʌ ɡ ʌ ]_w
[_w dz ʌ mː a ]_w
[_w ʈ u ɡ r a ]_w
[_w s ʌ r dz ʌ ]_w
[_w m ʌ t̪ː i ]_w
[_w d̪ e kʰ i e k a ]_w
[_w k s e t̪ r ʌ l e ]_w
[_w m a n̪ ʌ ]_w
[_w s ã ts o ]_w
[_w s w ʌ r k ʌ ]_w
[_w b a r i t̪ ʌ ]_w
[_w d̪ a r a ]_w
[_w b a i l ʌ ]_w
[_w w i r o d̪ʱ ʌ m a ]_w
[_w dz a n̪ tsʰ ʌ ]_w
[_w l o ɡ ʌ ]_w
[_w t̪ a p i ]_w
[_w k a n̪ k r e dz ʌ ]_w
[_w t̪ e w i k o ]_w
[_w ʌ n̪ u ɦ a r ʌ ]_w
[_w p ʌ t̪ i ]_w
[_w i s w ʌ ]_w
[_w bʱ o ɖ ʌ ]_w
[_w dz e l ʌ ]_w
[_w ɦ o i n̪ ʌ n̪ ]_w
[_w ɦ ai n̪ ]_w
[_w b ʌ n̪ d̪ ʌ ]_w
[_w d̪ i p r ʌ ]_w
[_w p ai ʈʰ ʌ k ʌ m a ]_w
[_w ɡ ʌ r n̪ e ]_w
[_w s ʌ ɡ e n̪ ʌ n̪ ]_w
[_w bʱ ʌ e k o ]_w
[_w ts ʌ n̪ ʌ t̪ a m a ]_w
[_w k ʌ r d̪ ʌ tsʰ ʌ ]_w
[_w tsʰ ʌ n̪ ɖ a ]_w
[_w bʱ o ɖ o ]_w
[_w s a t̪ʰ ai ]_w
[_w au t̪ j o ɡ i ]_w
[_w m ʌ ɦ a k a l i ]_w
[_w bʱ au k o l i ]_w
[_w p ʌ d̪ ʌ l a ]_w
[_w s ʌ lː a ɦ ʌ ]_w
[_w ɡ i n̪ ʌ ɡ o ]_w
[_w s a ɦ ʌ r u ]_w
[_w j ʌ n̪ d̪ r i j ʌ ]_w
[_w ɡʱ u ʈː a ]_w
[_w u n̪ ʌ k o ]_w
[_w ʌ s t̪ʰ a k o ]_w
[_w s u r kʰ e t̪ ʌ ]_w
[_w t̪ʰ a p a k o ]_w
[_w p a n̪ ʌ ɡ o ]_w
[_w p ʌ ɖʱ a u n̪ k o ]_w
[_w d̪ ai j a r ʌ ]_w
[_w ɡʱ e l a ʈ i ]_w
[_w pʰ a s a ]_w
[_w n̪ a ɖ ʌ k o ]_w
[_w k ʌ r i k a ]_w
[_w ts i w ʌ n̪ ʌ ]_w
[_w j o ɡ ʌ ]_w
[_w d̪ʱ i j au ]_w
[_w d̪ e s ʌ m a ]_w
[_w k ʌ m ʌ ts u ŋ ʌ ]_w
[_w j u r o p ʌ ɡ o ]_w
[_w t̪ u w ai k o ]_w
[_w bʱ e t̪ ʌ ]_w
[_w l i e k a ]_w
[_w ʌ r p ʌ ]_w
[_w p u k e k o ]_w
[_w ts ʌ s ʌ mː ʌ ]_w
[_w t̪ e w i ]_w
[_w ɡ a m ʌ ]_w
[_w ɦ ʌ r i ]_w
[_w s ʌ n̪ s k a r ʌ ]_w
[_w l j a ʈ i n̪ ʌ ]_w
[_w s ʌ b ai ]_w
[_w k a ʈ e r ʌ ]_w
[_w ʌ k r ʌ ]_w
[_w s a m ʌ k a ]_w
[_w o ʈ a ]_w
[_w d̪ʱ a l ʌ n̪ ʌ ]_w
[_w l a kʰ au n̪ ]_w
[_w r ʌ ɦ ʌ n̪ e ]_w
[_w a i s ʌ k o ]_w
[_w p a s ʌ ]_w
[_w s ʌ m e t̪ ʌ ]_w
[_w b a n̪ ɖ e ]_w
[_w k a n̪ tsʰ a ]_w
[_w t̪ e l ʌ ]_w
[_w ɡ ʌ d̪ e ]_w
[_w i tsʰː u ɡ ʌ ]_w
[_w ʌ l i ]_w
[_w d̪ i i e k o ]_w
[_w p a u ]_w
[_w w i k a ]_w
[_w m i l ʌ d̪ i ]_w
[_w ɡ ʌ r i e r ʌ ]_w
[_w ɡ e n̪ t̪ r i j ʌ ]_w
[_w s e w a k o ]_w
[_w j ʌ t̪ a ]_w
[_w p u ʈ ʌ w ʌ l e ]_w
[_w m ai d̪ a n̪ ʌ ]_w
[_w n̪ i d̪ʱ ʌ n̪ ʌ k o ]_w
[_w p a ĩ d̪ ai n̪ ʌ ]_w
[_w ɦ a t̪ː i ]_w
[_w ts e t̪ ʌ n̪ a ]_w
[_w ɦ ũ d̪ ai n̪ ʌ ]_w
[_w s ʌ k tsʰ ʌ n̪ ]_w
[_w t̪ ʌ r i m ʌ ]_w
[_w ɡʱ u p ʌ ]_w
[_w s ʌ n̪ p ʌ r ɡ ʌ ]_w
[_w ɡ e s i ]_w
[_w s ʌ m i d̪ i l e ]_w
[_w s ʌ n̪ a ]_w
[_w bʱ ʌ n̪ a i j o ]_w
[_w s i d̪ʱː a n̪ d̪ ʌ ]_w
[_w s t̪ʰ a n̪ i k ʌ ]_w
[_w p r a b d̪ i ]_w
[_w ʌ k l o ]_w
[_w ɡ a pʰ r e ]_w
[_w w ʌ r i ]_w
[_w bʱ ʌ n̪ a i n̪ tsʰ ʌ ]_w
[_w ʌ m ʌ r a ]_w
[_w pʰ u m i m a ]_w
[_w p r ʌ w ʌ r i ]_w
[_w k ʌ r a e k a ]_w
[_w ai n̪ ʌ ]_w
[_w b ʌ t̪ r i s ʈ i ]_w
[_w w ʌ s t̪ u d̪ ʌ ]_w
[_w j e s u k o ]_w
[_w ɦ u d̪ a ]_w
[_w r a ɡ ʌ k o ]_w
[_w e ʈ i ɖ a s ʌ ]_w
[_w m ʌ n̪ s i r ʌ ]_w
[_w p ʌ t̪ n̪ i ]_w
[_w s ʌ ɡ e ɡ o ]_w
[_w k e n̪ d̪ r ʌ m a ]_w
[_w p a r t̪ʰ i w ʌ ]_w
[_w t̪ ʌ l ʌ p ʌ ]_w
[_w s ʌ ɦ ʌ j o ɡ ʌ ]_w
[_w s u r u w a d̪ ʌ ]_w
[_w ɖ e n̪ i s ʌ ]_w
[_w ʌ n̪ j ʌ t̪ a ]_w
[_w t̪ʰ j a n̪ ʌ l ʌ ]_w
[_w b ʌ d̪ ʌ ]_w
[_w p e l a m a ]_w
[_w bʱ ai s ʌ k e k a ]_w
[_w m ʌ lː ʌ l e ]_w
[_w dz ʌ n̪ d̪ r i ]_w
[_w w e n̪ ]_w
[_w s a s t̪ r ʌ ]_w
[_w p ʌ ɖʱ j o ]_w
[_w ɦ a m r a ]_w
[_w s i t̪ a ]_w
[_w ɦ a t̪ ʌ m ʌ ]_w
[_w ʌ s t̪ i ]_w
[_w m u m b ʌ i k o ]_w
[_w bʱ i n̪ː ʌ d̪ a ]_w
[_w m ʌ dz ʌ b u d̪ ʌ ]_w
[_w s e r p a ]_w
[_w r a kʰ n̪ e ]_w
[_w e l p ʌ m ʌ ]_w
[_w d̪ o ɦ o r ʌ ]_w
[_w s a n̪ o ]_w
[_w s t̪ʰ ʌ l ʌ ]_w
[_w ɖ i m ʌ ]_w
[_w ʌ p ʌ r ʌ ]_w
[_w bʱ a s a ]_w
[_w s t̪ r i t̪ ʌ ]_w
[_w w j a p a r ʌ ]_w
[_w l ʌ k a i ]_w
[_w dz ʌ s ʌ l a i ]_w
[_w a pʰ ai n̪ ]_w
[_w ʌ ŋ k i t̪ ʌ ]_w
[_w ts ʌ l ʌ m a ]_w
[_w l ʌ k ʌ ]_w
[_w ʈ o l i l e ]_w
[_w dz ʌ s t̪ o ]_w
[_w dzʱ ʌ n̪ ɖ a ]_w
[_w a m a ɡ r i ]_w
[_w dz u n̪ a w ʌ ]_w
[_w s a l ʌ t̪ ʌ m a ]_w
[_w dz u l a i ]_w
[_w d̪ ʌ r ʌ ]_w
[_w s ʌ m ʌ j ʌ m ai ]_w
[_w a s ʌ n̪ ʌ ]_w
[_w s r ʌ m ʌ ]_w
[_w a s a ]_w
[_w r o ʈ i ]_w
[_w u p ʌ j o k i ]_w
[_w t̪ʰ e r ai dz ʌ s o ]_w
[_w ɖ o l i ]_w
[_w a r ʌ ]_w
[_w b a w ʌ ]_w
[_w ʌ r ɡ a ]_w
[_w ɡʱ a m ʌ ]_w
[_w a t̪ ʌ r ʌ ]_w
[_w k o s ʌ ]_w
[_w r ʌ ɦ ʌ n̪ tsʰ ʌ ]_w
[_w w i k a s ʌ ɡ a ]_w
[_w r ʌ dz ʌ n̪ a ]_w
[_w s ʌ m u n̪ t̪ r ʌ ]_w
[_w t̪ o k i e k o ]_w
[_w ɦ ʌ dz a r ʌ m a ]_w
[_w b au ʈ e l ʌ ]_w
[_w w i n̪ ʈ o dz ʌ ]_w
[_w r ʌ ɡʱ ʌ ]_w
[_w t̪ e s ʌ ]_w
[_w s i o l ʌ ]_w
[_w bʱ e l a ]_w
[_w d̪ ʌ k s i n̪ ʌ ]_w
[_w ʌ n̪ ʈ a ]_w
[_w p a r e m a ]_w
[_w m ʌ t̪ ʌ t̪ a n̪ ʌ ]_w
[_w dzʱ u ɖ o ]_w
[_w s ʌ n̪ i p a r ʌ ]_w
[_w s a ɦ ʌ k o ]_w
[_w e s i j a i ]_w
[_w w j a kʰ j a ]_w
[_w r u b ʌ l e ]_w
[_w t̪ i m r ai ]_w
[_w ʌ r u l a i ]_w
[_w u r dz a k o ]_w
[_w j a d̪ ʌ ]_w
[_w dz ʌ l a u n̪ ʌ ]_w
[_w k a m ʌ ]_w
[_w p o l i ]_w
[_w s r a w ʌ n̪ i ]_w
[_w s i k a ]_w
[_w bʱ a w i ]_w
[_w s ʌ k e k o ]_w
[_w ʌ k s i n̪ ʌ ]_w
[_w kʰ ʌ n̪ i s ʈʰ ʌ ]_w
[_w dz a n̪ i n̪ e ]_w
[_w ɡ ʌ l a i ]_w
[_w a t̪ i w a s i ]_w
[_w b ʌ n̪ a i e k o ]_w
[_w ʌ w ʌ s t̪ʰ a j i ]_w
[_w u dz a i m a ]_w
[_w s w ʌ j ʌ s k ʌ ]_w
[_w j ʌ s ai ɡ o ]_w
[_w ɡ a w j ʌ ]_w
[_w k u k ʌ l ʌ ]_w
[_w e pʰ i s i ]_w
[_w ts a ʈ ʌ ]_w
[_w n̪ ʌ dz ʌ r ʌ m a ]_w
[_w ɦ e ʈ au n̪ ɖ a ]_w
[_w ɡ r o d̪ʱ ʌ ]_w
[_w p a n̪ i ]_w
[_w bʱ a r ʌ s ʌ ]_w
[_w m i l a i ]_w
[_w k r i b a ]_w
[_w d̪ ai p ʌ n̪ i ]_w
[_w r ʌ ɦ e k a l e ]_w
[_w s t̪ʰ i t̪ ʌ ]_w
[_w s ʌ n̪ ɡ e t̪ ʌ ]_w
[_w ɡ o i r a l o ]_w
[_w ʌ bʱ i n̪ː ʌ t̪ a ]_w
[_w b ʌ n̪ tsʰ ʌ ]_w
[_w i t̪ i ɦ a r ʌ ]_w
[_w m ʌ d̪ ʌ pʰ e t̪ ʌ ]_w
[_w ɦ o t̪ i ]_w
[_w r a m e tsʰ a p ʌ ]_w
[_w n̪ a r i ]_w
[_w a j u ɡ d̪ ʌ ]_w
[_w bʱ r ʌ m ʌ n̪ i ]_w
[_w u t̪ p ʌ t̪ i k o ]_w
[_w bʱ ʌ n̪ i n̪ e ]_w
[_w a t̪ ʌ m ʌ ]_w
[_w w ʌ ʈ a ]_w
[_w p a l p a ]_w
[_w e k a e k a ]_w
[_w m a ɖ o ]_w
[_w l e kʰ ʌ ɦ ʌ r i ]_w
[_w ɡ o ɖ ʌ ]_w
[_w p j u ʈʰ a n̪ ʌ ]_w
[_w s u n̪ ʌ ]_w
[_w b ʌ t̪ a i n̪ tsʰ ʌ ]_w
[_w s u n̪ ʌ k o ]_w
[_w j ʌ s ʌ ʌ ɡʱ i ]_w
[_w e k i ɡ r i t̪ ʌ ]_w
[_w b a n̪ i ]_w
[_w b u k t̪ ʌ ]_w
[_w p ʌ n̪ e ]_w
[_w p ʌ n̪ t̪ ʌ ]_w
[_w s ʌ ɦ ʌ bʱ a k a ]_w
[_w l e kʰ ʌ ɡ ʌ ]_w
[_w p r a n̪ i ]_w
[_w s ʌ r ʌ t̪ ʌ k o ]_w
[_w au s ʌ t̪ʰ i ]_w
[_w ɡ i r ã t̪ i ]_w
[_w t̪ ʌ n̪ t̪ r ʌ m a ]_w
[_w t̪ ai p ʌ n̪ i ]_w
[_w ʌ w ʌ s e s ʌ ]_w
[_w ɡʱ e l n̪ ʌ ]_w
[_w r ʌ s ʌ ]_w
[_w p ʌ t̪ a ũ tsʰ ʌ ]_w
[_w n̪ a m ʌ k o ]_w
[_w i l a ɡ o ]_w
[_w s ai n̪ i k ʌ ]_w
[_w b ʌ n̪ a e r ʌ ]_w
[_w b i t̪ a ]_w
[_w ɡʱ o s i t̪ ʌ ]_w
[_w bʱ i ʈ i j a ]_w
[_w ɦ i dz o ]_w
[_w l o k ʌ ]_w
[_w ɦ a l ai ]_w
[_w kʰ o l a ɡ o ]_w
[_w s a s ʌ ]_w
[_w ɡʱ o l a ɡ o ]_w
[_w b ʌ l ʈ ʌ ]_w
[_w a t̪ i ]_w
[_w ɦ ʌ r a e k a ]_w
[_w s ʌ k n̪ u ]_w
[_w d̪ ʌ m ʌ ]_w
[_w ɦ a u s ʌ ]_w
[_w r ʌ n̪ k ʌ l ʌ ]_w
[_w n̪ i r m i t̪ ʌ ]_w
[_w b ʌ tsʰ a ʈ i ]_w
[_w b o d̪ʱ ʌ ]_w
[_w p i dz a r ʌ ]_w
[_w p r ʌ w e s ʌ ]_w
[_w ts ʌ t̪ i ]_w
[_w t̪ e kʰ i n̪ ʌ ]_w
[_w s ai d̪ a n̪ ʌ m a ]_w
[_w r a n̪ i ]_w
[_w ɦ a m i l a i ]_w
[_w s i w ʌ k o ʈ a ]_w
[_w n̪ i w a s ʌ ]_w
[_w w i k a s ʌ ]_w
[_w k ʌ ɦ ʌ r u k o ]_w
[_w t̪ ʌ s ʌ ]_w
[_w ʌ n̪ dz ʌ l ʌ ]_w
[_w bʱ a r i ]_w
[_w ɦ a t̪ ʌ m a ]_w
[_w s ʌ ɡ ʌ ]_w
[_w t̪ ʌ d̪ w ʌ ]_w
[_w p u r n̪ ʌ ]_w
[_w ʈ o ʈ i ]_w
[_w k i r ʌ n̪ ʌ ]_w
[_w t̪ʰ ʌ r m ʌ ]_w
[_w w ʌ r k ʌ k a ]_w
[_w w i pʰ e t̪ ʌ ]_w
[_w w i s t̪ a r ai ]_w
[_w t̪ʰ a n̪ ʌ m a ]_w
[_w s u ts i ]_w
[_w p u r u s ʌ ]_w
[_w m a r bʱ ʌ t̪ ʌ ]_w
[_w s ʌ m a dz ʌ l e ]_w
[_w m a t̪ʰ i ]_w
[_w s u dz a d̪ a ]_w
[_w k ʌ n̪ bʱ i r ʌ ]_w
[_w l a bʱ ʌ ]_w
[_w k ʌ j a ]_w
[_w k o l pʰ ʌ ]_w
[_w s w ʌ r k ʌ m ʌ ]_w
[_w p u ɡ e r ʌ ]_w
[_w r a dz a ɡ o ]_w
[_w k ʌ s ʌ l a i ]_w
[_w ts u ʈ o ɡ o ]_w
[_w m ʌ ɦ a n̪ ]_w
[_w k e ʈ i ]_w
[_w d̪ʱ ʌ r ʌ ɡ o ]_w
[_w b ʌ t̪ a e k a ]_w
[_w u ɦ ã ]_w
[_w n̪ ʌ ɡ ʌ r ʌ ]_w
[_w ɡ ʌ r i k a ]_w
[_w k ʌ r e r ʌ ]_w
[_w p i r o d̪ʱ i ]_w
[_w ɦ e r n̪ e ]_w
[_w bʱ ʌ ɡ d̪ ʌ ]_w
[_w ɦ u n̪ a l e ]_w
[_w l a ɡ n̪ u ]_w
[_w s ʌ m u d̪ a j ʌ ]_w
[_w pʰ ai l i e k o ]_w
[_w j ʌ s t̪ a ]_w
[_w b r i t̪ʰ ʌ ɡ ʌ ]_w
[_w s ʌ u t̪ i ]_w
[_w a k r i t̪ i e ]_w
[_w s u n̪ː e ]_w
[_w ʈʰ a u m a ]_w
[_w ɦ i ũ ]_w
[_w b e s ʌ ]_w
[_w t̪ o s r o ]_w
[_w r a k ʌ ]_w
[_w dz ʌ j ʌ ɡ o ]_w
[_w l i j e ]_w
[_w dz a t̪ i ɦ ʌ r u ]_w
[_w l a ɡ u ]_w
[_w s a m a ]_w
[_w s n̪ a d̪ ʌ k o ]_w
[_w s ai d̪ a n̪ ʌ ]_w
[_w dz i n̪ a m a ]_w
[_w p a dz u r a ]_w
[_w e l ʌ ]_w
[_w n̪ ai d̪ i k ʌ ]_w
[_w b ʌ m ʌ ]_w
[_w s u w e t̪ i ]_w
[_w d̪ʱ a l e k o ]_w
[_w ɡ au ɖ i k o ]_w
[_w s ʌ pʰ a ]_w
[_w s u l k ʌ ]_w
[_w ɦ u t̪ a ]_w
[_w n̪ i k o ]_w
[_w m ʌ n̪ ʌ k u ʈ a ]_w
[_w bʱ a t̪ ʌ ]_w
[_w p ʌ r t̪ a ]_w
[_w s t̪ʰ a n̪ ʌ l a i ]_w
[_w s ʌ s ʌ k o ]_w
[_w k ʌ r i n̪ a m a ]_w
[_w t̪ ʌ l ʌ ɦ ʌ r u ]_w
[_w ɡʱ r i n̪ a m a ]_w
[_w s a s ʌ ɡ a ]_w
[_w d̪ʱ ʌ r m ʌ ]_w
[_w bʱ ʌ e p ʌ tsʰ i ]_w
[_w s ʌ d̪ʱ ai n̪ ]_w
[_w i n̪ ʌ ]_w
[_w ɦ e n̪ ʌ ]_w
[_w ɡ ʌ r n̪ ʌ m a ]_w
[_w b o r ɖ ʌ ]_w
[_w r a kʰ i j o ]_w
[_w p ʌ ɖ a ]_w
[_w kʰ r i s ʈ ʌ k o ]_w
[_w d̪ e s ʌ l e ]_w
[_w j ʌ s ai j a ]_w
[_w s i k a ũ d̪ a ]_w
[_w a bʱ ai l e ]_w
[_w p o kʰ ʌ r i ]_w
[_w a s u t̪ o s ʌ ]_w
[_w s ʌ tsː a ]_w
[_w l ʌ ɖ a i ]_w
[_w a dz ʌ ɡ o ]_w
[_w s o bʱ i j ʌ d̪ ʌ ]_w
[_w kʰ ʌ n̪ i ts ʌ ]_w
[_w s ʌ r b ʌ ]_w
[_w a ɦ a r ʌ ]_w
[_w dz i n̪ d̪ ʌ n̪ ʌ ]_w
[_w n̪ e p a l ʌ m a ]_w
[_w m a l a i ]_w
[_w s ʌ bʱ a s ʌ ]_w
[_w ʌ d̪ʱ i n̪ ʌ m a ]_w
[_w ɡ a u n̪ e ]_w
[_w b o l n̪ ʌ ]_w
[_w ʌ n̪ ts ʌ l ʌ ]_w
[_w u ɦ ã k o ]_w
[_w k ʌ m ʌ n̪ ʌ l ʌ ]_w
[_w bʱ e ɖ a ]_w
[_w s a l ʌ m a ]_w
[_w s n̪ a n̪ ʌ ]_w
[_w s ʌ m i d̪ i ɡ o ]_w
[_w e k l o ]_w
[_w b r o s ʈ e ʈ ʌ ]_w
[_w pʰ ʌ n̪ i n̪ ʌ ]_w
[_w s u dzʱ a w ʌ ]_w
[_w ɡ a s i ]_w
[_w a p u r a ]_w
[_w dz a p a n̪ i ]_w
[_w w r ʌ d̪ ʌ l e ]_w
[_w ʈ ʌ ʈ ʌ ]_w
[_w pʰ a i ]_w
[_w ts i w ʌ n̪ ʌ k o ]_w
[_w bʱ a ɡ ʌ ]_w
[_w n̪ ʌ p ʌ tsʰ i ]_w
[_w s ʌ n̪ j o ɡ ʌ ]_w
[_w t̪ e kʰ e r ʌ ]_w
[_w ʌ n̪ j ʌ t̪ r ʌ ]_w
[_w e m a l e ]_w
[_w k ʌ ɦ ã ]_w
[_w ɡ o s i s ʌ ]_w
[_w k i n̪ ʌ ɡ o ]_w
[_w s ʌ n̪ kʰ ʌ m a ]_w
[_w a m ʌ ]_w
[_w k a l i ]_w
[_w bʱ u m i m a ]_w
[_w w i dz ʌ j ʌ ]_w
[_w j u ɡ ʌ m a ]_w
[_w k ʌ r tsʰ ʌ ]_w
[_w t̪ ʌ r i m a ]_w
[_w s ʌ p ai l a i ]_w
[_w p u d̪ʱ ʌ b a r ʌ ]_w
[_w dz i n̪ i j ã ]_w
[_w u s ʌ b ʌ tsʰ i ]_w
[_w j ʌ ɦ a n̪ k o ]_w
[_w ɦ a w a ]_w
[_w ɦ o i n̪ ʌ ]_w
[_w ɡ a w i s ʌ k o ]_w
[_w ts a r ʌ w ʌ r o ]_w
[_w dz ʌ n̪ ɡ ʌ ]_w
[_w m a d̪ʱ i ]_w
[_w bʱ ʌ n̪ ɡ ʌ ]_w
[_w j ʌ s ai k o ]_w
[_w ʌ ɦ i l j ai ]_w
[_w bʱ ʌ j ʌ ]_w
[_w t̪ ʌ p a r ʌ ]_w
[_w a r ʌ m a ]_w
[_w s ʌ ɡ n̪ u ]_w
[_w r a s ʈ r o ɡ o ]_w
[_w s p e n̪ ʌ k o ]_w
[_w k ʌ r tsʰ ʌ n̪ ʌ ]_w
[_w u ʈʰ ʌ ]_w
[_w b e l ʈ ʌ ]_w
[_w p e s e w ʌ r ʌ ]_w
[_w w i t̪ j u d̪ ʌ ]_w
[_w k u s u m ʌ ]_w
[_w t̪ i n̪ ʌ m a ]_w
[_w k a s i ]_w
[_w k u n̪ a m a ]_w
[_w d̪ j ʌ ɦ ã k o ]_w
[_w ʌ bʱ i n̪ ʌ j ʌ ]_w
[_w dz ʌ r m ʌ ]_w
[_w k u n̪ ai ]_w
[_w k ʌ p t̪ a n̪ ʌ ]_w
[_w s t̪ʰ i r ʌ ]_w
[_w tsʰ a t̪ r ʌ ]_w
[_w m ʌ ɦ ʌ t̪ ʌ ]_w
[_w kʰ o dz ʌ k a ]_w
[_w t̪ʰ u p r ai ]_w
[_w b e r i s ʌ t̪ ʌ ]_w
[_w ʌ s ʌ r ʌ ]_w
[_w dz a ɦ i n̪ ]_w
[_w dz ʌ l ʌ k o ]_w
[_w s ʌ b d̪ ʌ ]_w
[_w u d̪ a r ʌ ]_w
[_w ʌ t̪ j a ]_w
[_w s u n̪ j ʌ ]_w
[_w s ʌ r ʌ t̪ e ]_w
[_w m ʌ dz ʌ b u r ʌ ]_w
[_w s a t̪ʰ ʌ m a ]_w
[_w k r ʌ n̪ d̪ʱ i k o ]_w
[_w dz ʌ m i n̪ ʌ m a ]_w
[_w b ʌ r w ʌ m a ]_w
[_w ɡ l i k ʌ ]_w
[_w s ʌ d̪ a ]_w
[_w tsʰ ʌ kː ʌ ]_w
[_w bʱ ʌ n̪ː u ]_w
[_w u ts a i ]_w
[_w dz o ɖ i ]_w
[_w m ʌ lː ʌ ]_w
[_w p ʌ ɖʱ d̪ ai ]_w
[_w k a r j ʌ ]_w
[_w ɖʱ ʌ n̪ ʈ a ]_w
[_w ʌ w ʌ s ʌ ]_w
[_w t̪ i k a ]_w
[_w n̪ i s k r i j a ]_w
[_w b r ʌ s ʌ n̪ː ʌ ]_w
[_w w ʌ r s ʌ n̪ ʌ ]_w
[_w u t̪ a r ʌ ]_w
[_w kʰ o dz e k o ]_w
[_w n̪ ai n̪ ]_w
[_w m ʌ ɦ i n̪ a ]_w
[_w p u d̪ʱː ʌ k o ]_w
[_w d̪ u i ɖ a ]_w
[_w l ʌ ɡ a d̪ a r ʌ ]_w
[_w l a k n̪ e ]_w
[_w u p ʌ l e ]_w
[_w dz ʌ n̪ m e k a ]_w
[_w d̪ ʌ j ʌ ]_w
[_w bʱ a s a l a i ]_w
[_w ʌ r u k o ]_w
[_w s ʌ bʱ j ʌ t̪ a ]_w
[_w d̪ e w i k o ]_w
[_w s ʌ ɦ ʌ k a r i ]_w
[_w bʱ ai r ʌ ɦ e k o ]_w
[_w p r a n̪ ʌ ]_w
[_w p a r i t̪ ʌ j ʌ ]_w
[_w ʌ w ʌ d̪ i ]_w
[_w ts a ɖ o ]_w
[_w d̪ ʌ r k ʌ m ʌ ]_w
[_w m ʌ n̪ t̪ r ʌ ]_w
[_w ʈ e ʈʰ ʌ ]_w
[_w a n̪ s i k ʌ ]_w
[_w j u r o p e l ʌ ]_w
[_w n̪ a m ʌ k a ]_w
[_w bʱ u ʈ a n̪ ʌ k o ]_w
[_w ɡ ʌ r d̪ ai n̪ ʌ ]_w
[_w ɡ ʌ r e ]_w
[_w ts ʌ r i ]_w
[_w ɦ i s a w ʌ l e ]_w
[_w b ʌ r i bʱ a s a ]_w
[_w ɦ e r n̪ u ɦ o s ]_w
[_w ɦ a t̪ ʌ m a i ]_w
[_w kʰ a l i ]_w
[_w ɦ ʌ ʈ ʌ t̪ a ]_w
[_w d̪ ʌ d̪ʱ j a ŋ ɡ ʌ ]_w
[_w kʰ ʌ n̪ ɖ a r i ]_w
[_w p a r ɖ i ]_w
[_w ɖ a i k ʌ l ʌ ]_w
[_w p a i n̪ tsʰ ʌ ]_w
[_w k o r i j a k o ]_w
[_w d̪ j ʌ s ʌ k a ]_w
[_w b u ɖ ʌ w ʌ l e ]_w
[_w pʰ u l ʌ ]_w
[_w k o s i k a r ʌ ]_w
[_w ɦ u n̪ tsʰ ʌ ]_w
[_w b a r ɖ i ]_w
[_w j u k t̪ ʌ ]_w
[_w kʰ o dz ʌ ]_w
[_w ʌ l au ɡ i k ʌ ]_w
[_w u t̪ s ʌ w ʌ ]_w
[_w b a u n̪ u ]_w
[_w s ʌ r ʌ k o ]_w
[_w ɡ r a n̪ t̪ i ]_w
[_w k ʌ r n̪ e tsʰ ʌ n̪ ]_w
[_w p ʌ r t̪ ʌ tsʰ ʌ ]_w
[_w k u r a l e ]_w
[_w s ai l i m a ]_w
[_w u n̪ ʌ k ai ]_w
[_w p ʌ ɦ a r ʌ ]_w
[_w ʌ n̪ j ʌ d̪ a ]_w
[_w p o d̪ʱ ʌ ]_w
[_w i s ʌ ]_w
[_w b j a p a r ʌ ]_w
[_w m a s ʌ ]_w
[_w dz o r i ]_w
[_w ɡ u r a l a i ]_w
[_w bʱ o ɦ o r o ]_w
[_w k a l a ]_w
[_w b r ʌ s ʌ ]_w
[_w b ʌ n̪ a u n̪ ʌ ]_w
[_w s i m a n̪ a ]_w
[_w r a dz e s ʌ ]_w
[_w a j u k d̪ ʌ ]_w
[_w bʱ ʌ r n̪ a ]_w
[_w ɖ i k a ]_w
[_w dz ʌ ɖʱ a i ]_w
[_w s i k s ʌ n̪ ʌ ]_w
[_w bʱ a i n̪ ʌ ]_w
[_w ʌ s a d̪ʱ ai ]_w
[_w t̪ i m i ]_w
[_w ɦ a t̪ ʌ l e ]_w
[_w pʰ e ɡ ʌ m a ]_w
[_w e n̪ ɖ ʌ ]_w
[_w s u j o k ʌ ]_w
[_w p au ʈ e l ʌ ]_w
[_w s a i ʈ ʌ ]_w
[_w a w i s k a r ʌ ]_w
[_w bʱ u bʱ a k ʌ ɡ o ]_w
[_w dz o ɖ e r ʌ ]_w
[_w k r i t̪ ʌ j ʌ ]_w
[_w p ʌ r t̪ ʌ tsʰ u ]_w
[_w b ʌ r i t̪ r ʌ ]_w
[_w ʈʰ a u n̪ e ]_w
[_w p ʌ ɖʱ e r ʌ ]_w
[_w p r ʌ k a r i ]_w
[_w p r ʌ dz n̪ a t̪ ʌ ]_w
[_w bʱ a p ʌ r ʌ bʱ ʌ ]_w
[_w s i k a r ʌ n̪ ʌ ]_w
[_w k ʌ d̪ʱ a ɦ ʌ ]_w
[_w k a ʈʰ ʌ m a ɖ ãũ ]_w
[_w t̪ a ɦ a l ʌ ]_w
[_w bʱ a w ʌ ]_w
[_w s o m ʌ b a ʈ ʌ ]_w
[_w r u s ʌ ]_w
[_w l u k a ]_w
[_w u t̪ p a d̪ ʌ ]_w
[_w t̪ i w j ʌ ]_w
[_w t̪ o ɡ i e k o ]_w
[_w d̪ e l ʌ ]_w
[_w j ʌ s ʌ p a r ʌ ]_w
[_w k ʌ r e ]_w
[_w k ũ w ʌ r ʌ ]_w
[_w j u k ʌ k o ]_w
[_w w a l i ]_w
[_w t̪ a p ʌ ]_w
[_w ʌ r k ai ]_w
[_w ɡ a j ʌ ]_w
[_w b ʌ s t̪ ai ]_w
[_w ʌ r ʌ p i ]_w
[_w dz a t̪ i m a ]_w
[_w ɡ r i s ʈ ʌ ]_w
[_w j ʌ t̪ʰ a ]_w
[_w p r ʌ m u kʰ ʌ ]_w
[_w b ʌ ɖʱ e k o ]_w
[_w ts o ɖ ʌ n̪ e ]_w
[_w r a n̪ a ]_w
[_w ʌ t̪ʰ i k ʌ ]_w
[_w bʱ ʌ r o s a ]_w
[_w j a d̪ r a m a ]_w
[_w ɡ r ʌ n̪ t̪ʰ i ]_w
[_w dz ʌ r ts a ]_w
[_w pʰ e r i ]_w
[_w b ʌ l i j o ]_w
[_w n̪ i p ʌ n̪ t̪ʰ ʌ ]_w
[_w dz ʌ r ts i t̪ ʌ ]_w
[_w n̪ ʌ dz ʌ r ʌ ]_w
[_w b ʌ k s i ]_w
[_w ts a l ʌ ]_w
[_w bʱ ʌ k t̪ i ]_w
[_w dz ã ts ʌ ]_w
[_w s u n̪ t̪ ʌ l a ]_w
[_w b r a ]_w
[_w p i ʈ i t̪ ʌ ]_w
[_w u b ʌ w a s i ]_w
[_w b a i ]_w
[_w a r o ɦ ʌ n̪ ʌ ]_w
[_w ɦ ʌ l ʌ ]_w
[_w m a r k ʌ ]_w
[_w b ʌ l i t̪ a n̪ ʌ ]_w
[_w r ʌ ŋ ɡ ʌ ]_w
[_w b ʌ ɖʱ i ]_w
[_w t̪ ʌ d̪ʱ a b i t̪ ʌ ]_w
[_w i l a m ʌ ]_w
[_w kʰ ʌ ɖ ʌ n̪ a m a ]_w
[_w d̪ʱ i e ]_w
[_w k ʌ r ʌ ]_w
[_w b ʌ n̪ ʌ ]_w
[_w p ʌ r i k a ]_w
[_w s ʌ ɦ a j ʌ k ʌ ]_w
[_w ɡʱ e l n̪ e ]_w
[_w r ʌ ŋ ʌ ]_w
[_w l a k i r i ]_w
[_w a t̪ m a ɡ o ]_w
[_w s ʌ r p ʌ n̪ ʌ ]_w
[_w k ʌ n̪ e s ʌ n̪ ʌ ]_w
[_w dz o ɖ ʌ n̪ e ]_w
[_w ɦ o s ʌ ]_w
[_w ʌ bʱ i n̪ e d̪ r i ]_w
[_w m e r i k a ]_w
[_w d̪ ʌ b a i l e ]_w
[_w m e r a ]_w
[_w n̪ o k ʌ s a n̪ ʌ ]_w
[_w m a n̪ tsʰ e l e ]_w
[_w n̪ a m ʌ m a ]_w
[_w tsʰ o r a k o ]_w
[_w w ʌ r s e ]_w
[_w kʰ o ts i m a ]_w
[_w b ʌ d̪ ʌ l e ]_w
[_w ʌ s t̪ i t̪ w ʌ ]_w
[_w l i k ʌ ]_w
[_w ɡ ʌ n̪ t̪ ʌ tsʰ ʌ ]_w
[_w s ʌ k s ʌ k ʌ ]_w
[_w t̪ u r ɡ a ]_w
[_w n̪ ʌ m u n̪ a ]_w
[_w w a k j ʌ ]_w
[_w b ʌ ɦ a ɖ ʌ k ʌ ]_w
[_w p ʌ s u b ʌ r ʌ ]_w
[_w dzʱ ʌ n̪ ]_w
[_w ɡ ʌ s ʈ ʌ t̪ a ]_w
[_w ɡ ʌ ɦ i r o ]_w
[_w b ʌ ɦ a ʈ i j a ]_w
[_w ɡ l ʌ p ʌ l e ]_w
[_w m a t̪ r a ]_w
[_w dz ʌ l a e r ʌ ]_w
[_w p ʌ s n̪ ʌ ]_w
[_w m a r ɡ ʌ ]_w
[_w p ʌ ɦ i n̪ ]_w
[_w pʰ ʌ r kʰ ʌ r ai ]_w
[_w r ʌ ɦ i a e ɡ o ]_w
[_w kʰ e l ʌ m a ]_w
[_w ʌ s ʌ m a ]_w
[_w ɖ ã ɖ a ]_w
[_w p ʌ ɦ i l j ai ]_w
[_w a i s ʌ ɡ a ]_w
[_w ts a n̪ d̪ʱ e ]_w
[_w ts o ɖ i e k o ]_w
[_w k ʌ ɖʱ ʌ n̪ ʌ ]_w
[_w s ʌ r m a ]_w
[_w p a n̪ ɖ ʌ ]_w
[_w n̪ e b a n̪ i k ʌ ]_w
[_w n̪ ʌ k ʌ d̪ ʌ ]_w
[_w b o k e k o ]_w
[_w s ʌ m ʌ ɡ ʌ ]_w
[_w ʌ t̪ʰ ʌ w a ]_w
[_w dz a n̪ e k o ]_w
[_w pʰ ʌ n̪ d̪ ʌ ]_w
[_w ɦ ũ d̪ a ]_w
[_w s e w ʌ n̪ ʌ k o ]_w
[_w b ai n̪ ɡ ʌ ]_w
[_w p e ʈ ʌ ]_w
[_w u d̪ a ]_w
[_w s w ʌ r ɡ ʌ k a ]_w
[_w s ʌ dz a j ʌ ]_w
[_w p a e k a ]_w
[_w s ʌ ŋ ɡ e d̪ ʌ ]_w
[_w dz a l ʌ k o ]_w
[_w m a n̪ d̪ ʌ ]_w
[_w m a s u ]_w
[_w m ʌ t̪ʰ e s ʌ ]_w
[_w b ʌ n̪ e k o ]_w
[_w dz ʌ n̪ a e k a ]_w
[_w dz a t̪ ʌ ]_w
[_w s ʌ ɦ i t̪ ʌ ]_w
[_w s ʌ n̪ k e t̪ ʌ ]_w
[_w r ʌ ɦ ʌ j o ]_w
[_w a pʰ ai l a i ]_w
[_w i s w ʌ s t̪ ʌ ]_w
[_w d̪ u n̪ i j a ]_w
[_w p ʌ ʈʰ a u n̪ m a ]_w
[_w a j e ]_w
[_w n̪ e p a n̪ i m a ]_w
[_w ɖʱ a u n̪ ɡ o ]_w
[_w b a n̪ i k a j ʌ ]_w
[_w k ʌ r ʌ n̪ ʌ ]_w
[_w s ã tsː ai ]_w
[_w kʰ o dz n̪ ʌ ]_w
[_w s e n̪ ʌ ]_w
[_w tsʰ i ʈ o ]_w
[_w d̪ o r i ]_w
[_w t̪ i e ]_w
[_w s ʌ dz i w ʌ n̪ ʌ ]_w
[_w bʱ o n̪ ʌ ]_w
[_w d̪ʱ i i n̪ ]_w
[_w dz ʌ r ʌ n̪ ʌ ]_w
[_w ts ʌ ɖʱ e r ʌ ]_w
[_w ɡ ʌ r e p ʌ tsʰ i ]_w
[_w d̪ ʌ ɦ ʌ r ʌ ]_w
[_w s t̪ʰ a n̪ ʌ ɡ o ]_w
[_w b ʌ n̪ d̪ u k ʌ ]_w
[_w ɦ a r ʌ ]_w
[_w w ʌ r n̪ ʌ ]_w
[_w ts a ɦ i e ]_w
[_w ɡʱ ʌ r e l ʌ ]_w
[_w dz ʌ l d̪ ai ]_w
[_w s ʌ ɡ e k o ]_w
[_w ɖ e l i pʰ o n̪ ʌ ]_w
[_w dz ʌ s ʌ p a s ʌ ]_w
[_w b ʌ ɦ i l a ]_w
[_w k r i k e ʈ ʌ ]_w
[_w b r ʌ t̪ i s ʈʰ a ]_w
[_w p ʌ r i dz ʌ j ʌ ]_w
[_w kʰ e l n̪ e ]_w
[_w ʌ ɡ ʌ r m ʌ ]_w
[_w s a r i r i k ʌ ]_w
[_w n̪ e t̪ a ]_w
[_w d̪ ʌ l ʌ ɡ o ]_w
[_w n̪ a r a j ʌ ]_w
[_w r a kʰ j o ]_w
[_w m ʌ r n̪ ʌ ]_w
[_w k ʌ r i t̪ ʌ ]_w
[_w b u d̪ʱ ʌ w a ]_w
[_w m a r e ]_w
[_w b r ʌ kʰ j a t̪ ʌ ]_w
[_w n̪ i ɦ i t̪ ʌ ]_w
[_w s ʌ b d̪ ʌ l e ]_w
[_w s ai t̪ a n̪ ʌ ]_w
[_w t̪ u s ʈ ʌ ]_w
[_w t̪ o ɦ o r o ]_w
[_w d̪ r i s j ʌ ]_w
[_w ɡ ʌ m b ʌ t̪ː i ]_w
[_w bʱ ʌ k ʌ w ʌ t̪ i ]_w
[_w a d̪ i l a i ]_w
[_w d̪ ĩ d̪ ai ]_w
[_w p r ʌ t̪ i ]_w
[_w ʈ o l b a ]_w
[_w ʌ pʰ ʌ ]_w
[_w j a d̪ r a ]_w
[_w b i bʱ i n̪ː ʌ ]_w
[_w r ʌ ɦ i a e k o ]_w
[_w a ts ʌ s w ʌ ]_w
[_w w ai d̪ʱ a n̪ i j ʌ ]_w
[_w k ʌ s ʌ k ʌ ]_w
[_w dzʱ i m e k i ]_w
[_w b o ɡ e r ʌ ]_w
[_w r e k ʌ r ɖ ʌ ]_w
[_w k ã u ]_w
[_w dz o ɖ ʌ ]_w
[_w k a n̪ t̪ʰ i ]_w
[_w m u l u k ʌ k a ]_w
[_w ʌ l ʌ ]_w
[_w m ʌ d̪ʱ j e ]_w
[_w s ʌ bʱ a k i ]_w
[_w ɡʱ ʌ n̪ ɖ a ɡ o ]_w
[_w ʌ w ai t̪ʰ ʌ ]_w
[_w l a ɡ e k o ]_w
[_w ɡ r i k ʌ ]_w
[_w a p ʌ s ʌ ]_w
[_w a r a m ʌ k a ]_w
[_w kʰ ʌ n̪ a l a i ]_w
[_w b r ʌ s t̪ʰ a k o ]_w
[_w p ʌ kː ai ]_w
[_w ʌ t̪ʰ i k o ]_w
[_w l a k i ]_w
[_w l ʌ k a e ]_w
[_w t̪ʰ a l e p ʌ tsʰ i ]_w
[_w bʱ ʌ ɡ ʌ w a n̪ i ]_w
[_w w j a j a m ʌ ]_w
[_w k i m i ]_w
[_w ts ʌ s ʌ l e ]_w
[_w w j ʌ s t̪ a ]_w
[_w l i p i ]_w
[_w m a i k ʌ l ʌ ]_w
[_w ʌ s t̪ʰ a m a ]_w
[_w w a ɖ ʌ ]_w
[_w s m ʌ r ʌ ]_w
[_w ʌ k ʌ r m ʌ l e ]_w
[_w t̪ ʌ l ʌ l e ]_w
[_w s u r kʰ e d̪ ʌ ]_w
[_w k ʌ l d̪ i ]_w
[_w u s n̪ ʌ ]_w
[_w e s i j a l i ]_w
[_w s ʌ s ʌ k a ]_w
[_w u p ʌ t̪ j ʌ b i ]_w
[_w d̪ ʌ r i k a k o ]_w
[_w l a ɡ d̪ ai n̪ ʌ ]_w
[_w ts a ɦ ʌ n̪ tsʰ ʌ n̪ː ]_w
[_w kʰ ʌ n̪ ɖ a ]_w
[_w ʈ ʌ l ʌ r ʌ ]_w
[_w s ʌ k r i j a ]_w
[_w d̪ j ʌ s ʌ l e ]_w
[_w m u ɡ a p ʌ l a ]_w
[_w r a dz ʌ n̪ i d̪ ʌ ]_w
[_w t̪ʰ a ɦ ʌ ]_w
[_w ts ʌ k ʌ l e ]_w
[_w b a r a ]_w
[_w e k ʌ l ʌ t̪ a ]_w
[_w p r ʌ n̪ a ]_w
[_w t̪ u l j a u n̪ ʌ ]_w
[_w dz ʌ l ʌ ]_w
[_w t̪ i i ]_w
[_w ɖʱ o s ʌ ]_w
[_w ɡ ʌ ɦ i n̪ i ]_w
[_w l a k d̪ ʌ tsʰ ʌ n̪ ]_w
[_w k o r ʌ ]_w
[_w bʱ i t̪ r ʌ k o ]_w
[_w m a n̪ i e k o ]_w
[_w ɡ ai l a l i ]_w
[_w ʌ n̪ u pʰ ʌ w ʌ ]_w
[_w ts ʌ n̪ ʌ ]_w
[_w n̪ ʌ r a m r a ]_w
[_w p a ɖ o ]_w
[_w ʌ r k a k o ]_w
[_w ɡ o s i k a r i ]_w
[_w t̪ ʌ r i k o ]_w
[_w s ʌ m ʌ k r i ]_w
[_w b ʌ r i n̪ ʌ ]_w
[_w p a ʈʰ ʌ k o ]_w
[_w ɦ o ʈ ʌ l ʌ ]_w
[_w ɦ ʌ d̪ ʌ ]_w
[_w ɡ r i ɦ ʌ ]_w
[_w k ʌ m ʌ t̪ ʌ n̪ ʌ ]_w
[_w m i l n̪ ʌ ]_w
[_w r ʌ dz ʌ n̪ ʌ ]_w
[_w s ʌ n̪ s t̪ʰ a ]_w
[_w tsʰ a d̪ a ]_w
[_w l a i ]_w
[_w b ʌ d̪ ʌ n̪ ʌ ]_w
[_w p ʌ r d̪ ʌ tsʰ ʌ n̪ ]_w
[_w ɦ ʌ t̪ i j ʌ ]_w
[_w pʰ o dz ʌ ]_w
[_w l i m p u ]_w
[_w ts ʌ n̪ a l e ]_w
[_w s r ʌ w ʌ k t̪ a ]_w
[_w k a ɡ ʌ dz ʌ l ʌ ]_w
[_w dz ʌ n̪ ɡ ʌ l p ʌ ]_w
[_w r a ɦ u l j ʌ ]_w
[_w n̪ i m d̪ i ]_w
[_w ɡ ʌ r n̪ u ɦ o s ]_w
[_w s ʌ dz i l ai ]_w
[_w j ʌ s o bʱ ʌ e ]_w
[_w n̪ ʌ kː ʌ l i ]_w
[_w o ɡ ʌ ɖ e k o ]_w
[_w dz ʌ s ʌ ]_w
[_w r ai tsʰ ʌ ]_w
[_w l a k e k o ]_w
[_w ɡʱ ʌ n̪ a t̪ʰ ʌ ]_w
[_w ʌ n̪ ʌ n̪ t̪ ʌ m a ]_w
[_w w a s i r k ʌ ]_w
[_w ɦ ʌ dz u r ʌ l e ]_w
[_w p r i s ʈʰ ʌ ]_w
[_w tsʰ u ʈː ai ]_w
[_w p i s ʌ ]_w
[_w b ʌ ɦ i ts a n̪ ʌ ]_w
[_w d̪ʱ a p a l e ]_w
[_w w i ts ʌ j ʌ ]_w
[_w ts a ɦ i n̪ e ]_w
[_w bʱ e k ʌ m a ]_w
[_w s a s ʌ n̪ a t̪ ʌ ]_w
[_w kʰ ʌ d̪ ʌ ]_w
[_w dz a t̪ i l e ]_w
[_w m ʌ n̪ ts ʌ l ʌ ]_w
[_w ts e ʈʰ o ]_w
[_w k ʌ tsː i ]_w
[_w kʰ ʌ n̪ a l ʌ ]_w
[_w w ai t̪ e s i k ʌ ]_w
[_w ʌ n̪ d̪ ʌ w j ʌ ]_w
[_w s ʌ mː ʌ ]_w
[_w p a ʈ o ]_w
[_w m ʌ ɦ ʌ l ʌ ]_w
[_w m a n̪ː e ]_w
[_w s ʌ b d̪ a n̪ ʌ ]_w
[_w m a r ts ʌ ]_w
[_w dz ʌ n̪ ɡ ʌ l e ]_w
[_w s ʌ n̪ ]_w
[_w l e kʰ e ]_w
[_w t̪ i n̪ ʌ t̪ e kʰ i ]_w
[_w r e l ʌ ]_w
[_w bʱ ʌ e k ai ]_w
[_w ɖ i ɡ ʌ l ʌ ]_w
[_w p ʌ r i t̪ i e ]_w
[_w ʈʰ a ũ ]_w
[_w e k i k r i t̪ ʌ ]_w
[_w m ʌ lː ʌ k o ]_w
[_w l a dz ʌ ]_w
[_w n̪ i m n̪ ʌ ]_w
[_w ɦ a m i l ʌ ]_w
[_w s r ʌ s ʈ a ]_w
[_w b e s i ]_w
[_w r e k ʌ ]_w
[_w w i d̪ j u d̪ ʌ ]_w
[_w n̪ a r a m ʌ ]_w
[_w i m p l a n̪ ɖ ʌ ]_w
[_w w ʌ s t̪ u t̪ ʌ ]_w
[_w dz a ɦ i ]_w
[_w m r i d̪ j u k o ]_w
[_w b ʌ r i w ʌ ]_w
[_w a j o k ʌ ]_w
[_w j a t̪ ʌ w ʌ l e ]_w
[_w ts i w ʌ n̪ ʌ m a ]_w
[_w k ũ w ʌ r ʌ k o ]_w
[_w ts au t̪ʰ o ]_w
[_w k j a s ʌ ]_w
[_w dz ʌ ɦ ã ]_w
[_w m ʌ n̪ a i e k o ]_w
[_w l e kʰ n̪ ʌ ]_w
[_w s i k a ũ tsʰ ʌ ]_w
[_w ɡʱ e r i ]_w
[_w k r i s i l ʌ ]_w
[_w s w a j ʌ d̪ː ʌ ]_w
[_w t̪ u i w ʌ ʈ a ]_w
[_w s ʌ k e n̪ ʌ n̪ ]_w
[_w s ʌ n̪ ɡʱ ʌ ]_w
[_w t̪ʰ a r a ]_w
[_w n̪ ʌ bʱ ʌ e ]_w
[_w ɦ ʌ r i j o ]_w
[_w b r ʌ s ʌ k o ]_w
[_w bʱ u ʈ ʌ ]_w
[_w t̪ i n̪ ʌ t̪ ʌ ]_w
[_w d̪ w a r ʌ ]_w
[_w r o ɖ i ]_w
[_w t̪ ʌ m u ]_w
[_w k a l o ]_w
[_w s u n̪ ʌ k ai ]_w
[_w kʰ o dz d̪ ai ]_w
[_w p o kʰ ʌ r e l u ]_w
[_w d̪ a ɦ a l ʌ ]_w
[_w n̪ a dz ʌ ]_w
[_w t̪ a m a ]_w
[_w b ai ʈʰ ʌ ɡ ʌ ]_w
[_w ɡ ʌ r m ʌ n̪ i ]_w
[_w s ʌ m a w e s ʌ ]_w
[_w l i i ]_w
[_w ɦ a m i l e k o ]_w
[_w dz ʌ r a k o ]_w
[_w k ʌ r i b ʌ ]_w
[_w p u n̪ j ʌ ]_w
[_w p ʌ t̪ a l ʌ ]_w
[_w t̪ i ɦ a r ʌ ]_w
[_w dz ʌ s ʌ b a s ʌ ]_w
[_w p i d̪ a ]_w
[_w p ʌ t̪ a e k o ]_w
[_w s t̪ ʌ n̪ ʌ ]_w
[_w w ai t̪ i ɡ ʌ ]_w
[_w m u l ʌ ]_w
[_w p a ɦ i r ʌ ]_w
[_w ɡ l ʌ p ʌ ]_w
[_w b u d̪ʱː ʌ k a ]_w
[_w l ʌ s u n̪ ʌ k o ]_w
[_w dz i n̪ ʌ l e ]_w
[_w w ʌ r s i j ʌ ]_w
[_w ɖʱ ʌ k u r i ]_w
[_w dz i n̪ ɦ ʌ ]_w
[_w b i t̪ a l e ]_w
[_w n̪ i w a r ʌ ]_w
[_w e m a l e k o ]_w
[_w t̪ e t̪ i ]_w
[_w s t̪ʰ a n̪ i j ʌ ]_w
[_w ɦ u d̪ ʌ tsʰ ʌ ]_w
[_w t̪ i n̪ e ]_w
[_w ɦ ʌ l k a ]_w
[_w p i dz ʌ k o ]_w
[_w m ʌ s i ɦ i ]_w
[_w s ʌ ɦ ʌ r ʌ m ai ]_w
[_w n̪ e d̪ r i ]_w
[_w a i r ʌ ɦ e k o ]_w
[_w m i l ʌ n̪ ʌ ]_w
[_w ʈ i k r i ]_w
[_w d̪ a p ʌ n̪ i ]_w
[_w s ʌ n̪ s t̪ʰ a l e ]_w
[_w s ʌ n̪ t̪ ʌ ]_w
[_w b ai s a kʰ ʌ ]_w
[_w a t̪ m i k ʌ ]_w
[_w k a m ʌ t̪ a ]_w
[_w ʈʰ a ɡ u r ʌ ]_w
[_w t̪ ʌ r d̪ a ]_w
[_w s e j ʌ r ʌ ]_w
[_w b ʌ ɡʱ ʌ t̪ ʌ ]_w
[_w p a w ʌ l e ]_w
[_w d̪ʱ a p a ɡ o ]_w
[_w d̪ ʌ ɦ ʌ r u ]_w
[_w s k u l ʌ k o ]_w
[_w a d̪ i w a s ʌ ]_w
[_w r a kʰ e r ʌ ]_w
[_w m ʌ n̪ ʌ m a ]_w
[_w b ʌ r n̪ e ]_w
[_w p a p u ]_w
[_w p a l b a ]_w
[_w b a ʈ o ]_w
[_w l i n̪ ʌ k a ]_w
[_w s a m i l ʌ ]_w
[_w p ʌ t̪ r ʌ m a ]_w
[_w tsʰ ʌ n̪ ɖ ai ]_w
[_w w i bʱ a ɡ ʌ ]_w
[_w s ʌ n̪ kʰ j a ]_w
[_w d̪ a ɦ a l ʌ k ai ]_w
[_w n̪ i dz i ]_w
[_w ɡ a l ʌ ]_w
[_w t̪ j ʌ s ai k o ]_w
[_w p a s ts a t̪ j ʌ ]_w
[_w t̪ i n̪ ʌ ɦ ũ ]_w
[_w t̪ ʌ s ʌ k a ]_w
[_w ʈ a u ɡ o ]_w
[_w ʌ s ʌ l e ]_w
[_w b a e ]_w
[_w t̪ʰ u m ʌ ]_w
[_w b r a b d̪ ʌ ]_w
[_w dz a ʈ o ]_w
[_w dz ʌ n̪ ʌ t̪ w ʌ ]_w
[_w ʈʰ i l o ]_w
[_w kʰ e l ʌ ɡ o ]_w
[_w s ai l i k o ]_w
[_w b ʌ n̪ a e k o ]_w
[_w r ʌ ɦ ʌ n̪ u ]_w
[_w d̪ u i ]_w
[_w m u k ʌ l ʌ ]_w
[_w t̪ i bː ʌ t̪ ʌ ]_w
[_w au s ʌ d̪ ʌ ]_w
[_w p i k r i ]_w
[_w p u dzʱ n̪ e ]_w
[_w w j a s ʌ ]_w
[_w d̪ ʌ n̪ a ]_w
[_w a j o dz i d̪ ʌ ]_w
[_w a d̪ʱ a ]_w
[_w u n̪ ʌ l a i n̪ ʌ ]_w
[_w p i ɦ a n̪ ʌ ]_w
[_w ʈ o ɖ i ]_w
[_w b i ɦ a n̪ ʌ ]_w
[_w s j a l ʌ ]_w
[_w k ʌ d̪ʱ a ]_w
[_w ɡ ʌ d̪ʱ a m a ]_w
[_w ɡ ʌ ɖʱ o r ʌ ]_w
[_w u s ʌ l e ]_w
[_w d̪ r i s ʈ ʌ k o ]_w
[_w ʌ bʱ r i k a ]_w
[_w dzʱ a t̪ r ʌ ]_w
[_w j e s u l a i ]_w
[_w d̪ e kʰ ʌ ]_w
[_w e s i j a m a ]_w
[_w ʌ k s ʌ r ʌ ]_w
[_w w i l i j ʌ n̪ ʌ ]_w
[_w m a i ]_w
[_w dz a ɦ ʌ n̪ e ]_w
[_w k o l i k ʌ t̪ ʌ ]_w
[_w k ʌ d̪ i ]_w
[_w ɡ r ʌ ɦ ʌ s ʌ ]_w
[_w s ʌ m ʌ ]_w
[_w ɡʱ o dz ʌ ɡ o ]_w
[_w ɡ ʌ r d̪ ʌ tsʰ ʌ ]_w
[_w k u ʈʰ i ]_w
[_w bʱ u ɡ ʌ m a ]_w
[_w k i lː a ]_w
[_w ts e t̪ a ]_w
[_w m ʌ n̪ o r ʌ m ʌ ]_w
[_w t̪ e kʰ ʌ ]_w
[_w ʌ s a r ʌ ]_w
[_w k r a n̪ d̪ i k o ]_w
[_w k e n̪ t̪ r i j ʌ ]_w
[_w t̪ a s ʌ ]_w
[_w s i ɖ i ]_w
[_w b r a j ʌ n̪ i ]_w
[_w d̪ ʌ ʈ ʌ m a ]_w
[_w p r e s ʌ ]_w
[_w s a j ʌ d̪ a ]_w
[_w m i s a i ]_w
[_w s ʌ k i n̪ː ʌ ]_w
[_w u ɦ ã l a i ]_w
[_w k a r ʌ ]_w
[_w ʌ w ʌ d̪ʱ i k ʌ ]_w
[_w w i t̪ r ʌ ]_w
[_w ɡʱ a n̪ ʌ ]_w
[_w ɖ a ʈʰ a ]_w
[_w kʰ ʌ l e ]_w
[_w pʰ i k s u ]_w
[_w b a i n̪ ]_w
[_w s p ʌ s ʈ ʌ ]_w
[_w dz ʌ n̪ d̪ u ]_w
[_w p a ɡʱ ʌ ]_w
[_w m u ʈ u ɡ o ]_w
[_w a l ʌ m b i k ʌ ]_w
[_w n̪ ʌ t̪ i ɡ o ]_w
[_w ts i n̪ ʌ l e ]_w
[_w a dz ʌ ɡ a r i ]_w
[_w s r i s ʈ ʌ ]_w
[_w b ʌ tsʰ i lː a ]_w
[_w r ʌ kʰ ʌ ]_w
[_w dz e ɖʱ o ]_w
[_w ã s u ]_w
[_w ts u n̪ ʌ s ʌ k ʌ ]_w
[_w k r o d̪ʱ ʌ m a ]_w
[_w k ʌ s ʌ l e ]_w
[_w s ʌ p t̪ a n̪ ʌ ]_w
[_w u s ʌ ɡ a ]_w
[_w r a p t̪ ʌ ]_w
[_w ɡ j u p a k o ]_w
[_w l a ɡ ʌ i n̪ tsʰ ʌ ]_w
[_w m r i t̪ j u t̪ ʌ ]_w
[_w r ʌ m a i l o ]_w
[_w k ʌ r e k ʌ ]_w
[_w s ʌ r ʌ t̪ a r ʌ ]_w
[_w s ʌ m ʌ s t̪ i ]_w
[_w bʱ ʌ n̪ i ]_w
[_w ʌ k s ʌ n̪ ʌ ]_w
[_w w i k r i ]_w
[_w s i w ʌ k o ]_w
[_w s u j o ɡ ʌ ]_w
[_w pʰ e l a ]_w
[_w k s e t̪ r ʌ k a ]_w
[_w ʌ k ʌ s ʈ ʌ ]_w
[_w kʰ o l a ɦ ʌ r u ]_w
[_w a e ɡ i ]_w
[_w b a r e r ʌ ]_w
[_w n̪ i p ʌ n̪ d̪ʱ ʌ ]_w
[_w b e k l ai ]_w
[_w s ai l i ]_w
[_w kʰ ʌ r ʌ ]_w
[_w p e l ɖ ʌ ]_w
[_w t̪ i m ʌ ]_w
[_w p u ʈ ʌ w ʌ ]_w
[_w t̪ʰ a l i e k a ]_w
[_w d̪ʱ a l tsʰ ʌ ]_w
[_w s e n̪ a l e ]_w
[_w ɡʱ ʌ s ʌ ]_w
[_w n̪ a r a j ʌ n̪ ʌ ]_w
[_w s ʌ m u ɦ ʌ k o ]_w
[_w p u k n̪ u ]_w
[_w s w ʌ r k i j ʌ ]_w
[_w dz ʌ s ʌ ɡ a ]_w
[_w ɡ ʌ r tsʰ u ]_w
[_w s n̪ a t̪ ʌ n̪ ʌ ]_w
[_w r ʌ n̪ ɡ ʌ l b ʌ ]_w
[_w w j ʌ k d̪ i k o ]_w
[_w bʱ ʌ n̪ i e k o ]_w
[_w s u ts ʌ n̪ a ɡ o ]_w
[_w ʈʰ a ũ m a ]_w
[_w k ʌ r t̪ʰ e ]_w
[_w l u m b i n̪ i ]_w
[_w s u kʰ i ]_w
[_w d̪ j ʌ s o ]_w
[_w k s e t̪ r ʌ ɡ o ]_w
[_w p ʌ r s ʌ ]_w
[_w ɡ u r a ɦ ʌ r u ]_w
[_w b u r o ɦ i d̪ ʌ ]_w
[_w b a ɖ ʌ ]_w
[_w tsʰ o r a l a i ]_w
[_w ɡ a l ʌ m ai ]_w
[_w t̪ ʌ m a ]_w
[_w t̪ i i e k o ]_w
[_w w ʌ t̪ a k o ]_w
[_w p o kʰ ʌ r e l ʌ ]_w
[_w b a k l o ]_w
[_w s a d̪ a ]_w
[_w m ʌ n̪ ʌ l a i ]_w
[_w d̪ a w i ]_w
[_w s i k n̪ e ]_w
[_w p ʌ d̪ʱː ʌ t̪ i ]_w
[_w b u r ai ]_w
[_w kʰ o dz i m a ]_w
[_w m i n̪ e ʈ ʌ m a ]_w
[_w p r e m ʌ k o ]_w
[_w w e p ʌ ]_w
[_w p ʌ r tsʰ ʌ ]_w
[_w p ʌ s e r ʌ ]_w
[_w w i t̪ e s ʌ ]_w
[_w d̪ a l i m a ]_w
[_w ʈʰ a ɖ o ]_w
[_w b ʌ s ʌ l e ]_w
[_w n̪ e p a l ʌ n̪ ʌ ]_w
[_w w i w i d̪ʱ ʌ d̪ a ]_w
[_w s a kʰ a ]_w
[_w ɡ ʌ r d̪ a ]_w
[_w s ʌ m dzʱ au t̪ a ]_w
[_w dz ai d̪ r ʌ ]_w
[_w ʈ o l i ]_w
[_w r a k ʌ ɡ o ]_w
[_w u ɡ d̪ ʌ ]_w
[_w p r a dz i d̪ ʌ ]_w
[_w s ʌ n̪ ɡʱ ʌ k o ]_w
[_w m i ʈ ʌ r ʌ ]_w
[_w m a n̪ j ʌ ]_w
[_w b r ʌ m u kʰ ʌ ]_w
[_w r ʌ k s i n̪ i ]_w
[_w r ʌ ɦ e tsʰ ʌ n̪ ]_w
[_w d̪ e kʰ i ]_w
[_w ʌ b ʌ r n̪ e ]_w
[_w ɡ a l a ]_w
[_w p u b a ]_w
[_w bʱ i t̪ r ʌ ]_w
[_w t̪ a n̪ ʌ ]_w
[_w ʌ tsʰ ai ]_w
[_w r a d̪ ʌ ]_w
[_w ɦ u n̪ ai ]_w
[_w m a d̪ r ai ]_w
[_w p r o ]_w
[_w w i s ʌ j ʌ k o ]_w
[_w ʌ p ʌ ]_w
[_w m au dz u d̪ ʌ ]_w
[_w s ai k s i k ʌ ]_w
[_w p r ʌ w a ɦ ʌ ]_w
[_w l j a u n̪ ʌ ]_w
[_w m u ɡ d̪ i ]_w
[_w ɦ i n̪ d̪ u ]_w
[_w w i ɦ a n̪ ʌ ]_w
[_w p r i d̪ʱː i ]_w
[_w d̪ j ʌ s t̪ o ]_w
[_w b ʌ ɖʱ d̪ ai ]_w
[_w ʈʰ ʌ n̪ ɡ ʌ ]_w
[_w n̪ ʌ b ʌ tsʰ i ]_w
[_w w i pʰ a k ʌ k o ]_w
[_w bʱ a r ʌ t̪ ʌ ]_w
[_w t̪ au l ʌ ]_w
[_w k a j ʌ k ʌ ]_w
[_w kʰ o s i t̪ ʌ ]_w
[_w b u n̪ j ʌ ]_w
[_w n̪ j a j i k a ]_w
[_w s i n̪ d̪ʱ u l i ]_w
[_w k ʌ e k a ]_w
[_w p j a r o ]_w
[_w s ʌ n̪ ɡ ai ]_w
[_w j ʌ d̪ʱ a r t̪ʰ ʌ ]_w
[_w ts a n̪ i n̪ t̪ʰ j o ]_w
[_w bʱ ʌ e n̪ ʌ ]_w
[_w d̪ u kʰ ʌ ]_w
[_w w a ɡ j ʌ ]_w
[_w k ʌ s t̪ a ]_w
[_w m a n̪ ʌ d̪ a ]_w
[_w s ʌ t̪ ʌ s j ʌ ]_w
[_w w i t̪ j a t̪ i ]_w
[_w dz a n̪ u ]_w
[_w dz a t̪ i l a i ]_w
[_w ʈʰ a ũ k o ]_w
[_w p ʌ tsʰ a ɖ i ]_w
[_w ts i n̪ i n̪ e ]_w
[_w n̪ ʌ dz i k ʌ ]_w
[_w u p ʌ j o k ʌ ]_w
[_w ɦ i s a b ʌ l a ]_w
[_w bʱ ʌ l ʌ ]_w
[_w b e l a ]_w
[_w m ʌ ɦ a n̪ ʌ ]_w
[_w d̪ u i ʈ ai ]_w
[_w s w ʌ bʱ a w ʌ ]_w
[_w t̪ ʌ k s i n̪ ʌ ]_w
[_w bʱ e t̪ ʌ bʱ a w ʌ ]_w
[_w bʱ ai r ʌ ɦ e n̪ ʌ ]_w
[_w m ʌ ɦ a t̪ u r ʌ ]_w
[_w p a r i ts a ]_w
[_w b a k ʌ l a ]_w
[_w j ʌ n̪ t̪ ʌ r ʌ ]_w
[_w ɡ ʌ r a e k a ]_w
[_w a pʰ n̪ o ]_w
[_w s u bː a ]_w
[_w l a ɡ i ]_w
[_w bʱ ʌ r n̪ a l i ]_w
[_w k ʌ r t̪ʰ j o ]_w
[_w ɦ i p r u ]_w
[_w w ʌ r i b ʌ j ʌ ]_w
[_w k o ʈ ʌ ]_w
[_w ɡ ʌ l p ʌ ]_w
[_w s u r u m a ]_w
[_w s j a u ɡ o ]_w
[_w p r a ɦ m ʌ n̪ ʌ ]_w
[_w kʰ ʌ ʈ ʌ n̪ a ɡ o ]_w
[_w k ʌ r i e r ʌ ]_w
[_w p ʌ r e ]_w
[_w u s ʌ k a ]_w
[_w p ʌ ɖʱ d̪ o ]_w
[_w i r a ɡ ʌ ]_w
[_w k i s i m a n̪ a ]_w
[_w ʌ t̪ʰ j ʌ ]_w
[_w u s ʌ l ʌ ]_w
[_w n̪ ʌ w i j ʌ ]_w
[_w m ʌ s j a ]_w
[_w ʌ n̪ː a ]_w
[_w k a u n̪ ʌ ]_w
[_w t̪ ʌ b ʌ s j a ]_w
[_w p r ʌ j u ɡ d̪ ʌ ]_w
[_w b a t̪ ʌ l e ]_w
[_w u m e r ʌ m a ]_w
[_w m ʌ dz ʌ p u r ʌ ]_w
[_w k a n̪ d̪ʱ i ]_w
[_w p ʌ s ʌ ]_w
[_w d̪ i w r ʌ ]_w
[_w p ʌ ɦ ʌ s u s ʌ ]_w
[_w bʱ a r ʌ t̪ ʌ m ʌ ]_w
[_w k r a m i ]_w
[_w m ʌ i ]_w
[_w ts ã ɖ ai ]_w
[_w s u d̪ ɡ e r i ]_w
[_w a l o dz ʌ n̪ ʌ ]_w
[_w ɦ u n̪ ]_w
[_w d̪ u n̪ i j a m a ]_w
[_w ts i n̪ i n̪ tsʰ ʌ ]_w
[_w s ʌ n̪ l ʌ k n̪ ʌ ]_w
[_w a t̪ ʌ r ʌ n̪ ʌ ]_w
[_w s ʌ t̪ r u s ʌ ]_w
[_w m u l u k ʌ ]_w
[_w k a n̪ ɡ r e dz ʌ ]_w
[_w m ʌ n̪ t̪ r i j ʌ ]_w
[_w ɦ a l ʌ k o ]_w
[_w kʰ u p ʌ ]_w
[_w s t̪ʰ a n̪ ʌ ]_w
[_w n̪ ʌ d̪ r ʌ m a ]_w
[_w s i k a r i ]_w
[_w m e r i k a m a ]_w
[_w ɡ ʌ d̪ʱ a k o ]_w
[_w w ʌ ɦ ã ]_w
[_w ɡ a j ʌ m ʌ ]_w
[_w dz a ɦ e k o ]_w
[_w bʱ au t̪ i k o ]_w
[_w ɡ a n̪ u n̪ ʌ k o ]_w
[_w s ʌ ʈ ʌ k ʌ m a ]_w
[_w w a dz ʌ n̪ ʌ ]_w
[_w ɡ ʌ n̪ ʌ n̪ a ]_w
[_w n̪ ʌ t̪ i ]_w
[_w a dz ʌ k a r i ]_w
[_w l a ɡ tsʰ ʌ ]_w
[_w p a r n̪ ʌ ]_w
[_w ts ʌ l j o ]_w
[_w k ʌ r n̪ ʌ l a i ]_w
[_w k a bʱ r e ]_w
[_w n̪ i r m a d̪ a ]_w
[_w p r a r ʌ m a ]_w
[_w d̪ ʌ m u ]_w
[_w ʌ m e r i k a ]_w
[_w d̪ ʌ p ʌ s j a ]_w
[_w t̪ u l ʌ n̪ a ]_w
[_w kʰ e l n̪ ʌ ]_w
[_w j i n̪ ʌ k o ]_w
[_w n̪ ʌ ts i k ai ]_w
[_w ɡ i r ʌ n̪ ʌ ]_w
[_w bʱ a s a ɡ a ]_w
[_w k ʌ r i e k o ]_w
[_w s a d̪ʱ a r ʌ n̪ ʌ ]_w
[_w ʌ d̪ i t̪ʰ i ]_w
[_w dz ʌ l ʌ w a j u ]_w
[_w b r ʌ ]_w
[_w s ʌ ɦ i ]_w
[_w s ʈ e ʈ ʌ ]_w
[_w d̪ ʌ m a ]_w
[_w ɡʱ o l a m a ]_w
[_w w i t̪ʰ a ]_w
[_w k ʌ ɦ i n̪ ]_w
[_w s r ʌ s ʈ ʌ ]_w
[_w ɡ ʌ b i d̪ a l e ]_w
[_w b a r ɖ i l e ]_w
[_w pʰ ʌ n̪ i ]_w
[_w s a t̪ʰ i ]_w
[_w n̪ e k ʌ ]_w
[_w m u d̪ r ʌ ]_w
[_w p i s a b ʌ l a ]_w
[_w j ʌ s ʌ ]_w
[_w s ʌ n̪ ts a p ʌ ]_w
[_w r a t̪ i ]_w
[_w a pʰ u k o ]_w
[_w w ʌ j ʌ n̪ ]_w
[_w t̪ e kʰ i n̪ tsʰ ʌ ]_w
[_w s i d̪ʱː a n̪ t̪ ʌ ]_w
[_w s i bʱ a r i ]_w
[_w s ʌ r ʌ ɦ ʌ n̪ ʌ ]_w
[_w l i b i k o ]_w
[_w s a b d̪ i ]_w
[_w k ʌ ɦ ĩ ]_w
[_w m ʌ ɖʱ ʌ ]_w
[_w l ʌ m b ʌ n̪ i ]_w
[_w kʰ e l a ɖ i k o ]_w
[_w p u k t̪ a ]_w
[_w bʱ a w ʌ m a ]_w
[_w ts ʌ s ʌ mː ʌ m a ]_w
[_w m ai d̪ʱ i l i ]_w
[_w a u n̪ ʌ ]_w
[_w p u dzʱ a ũ tsʰ ʌ ]_w
[_w ɦ ʌ r ʌ m a ]_w
[_w e k ʌ t̪ ʌ ɡ a ]_w
[_w m i t̪ i ]_w
[_w l i e k o ]_w
[_w ɡ i t̪ ʌ ɦ ʌ ʈ ʌ ]_w
[_w k r ʌ s ʌ ]_w
[_w s ʌ ts i w ʌ ]_w
[_w n̪ i r w a ɦ ʌ ]_w
[_w j a t̪ a j a ]_w
[_w i r a n̪ ʌ ]_w
[_w t̪ i e r ʌ ]_w
[_w s a l ʌ k ai ]_w
[_w m ʌ ɦ i n̪ ]_w
[_w b ʌ ɦ a ʈ ʌ ]_w
[_w s a d̪ʱ ʌ m a ]_w
[_w s i d̪ʱ a ]_w
[_w m a ɖ o k o ]_w
[_w j ʌ ɦ o w a ]_w
[_w kʰ a t̪ j ʌ ]_w
[_w s a d̪ʱ ʌ ]_w
[_w p ʌ ʈː i ]_w
[_w m ʌ n̪ a u n̪ e ]_w
[_w s ai t̪ a n̪ ʌ m a ]_w
[_w d̪ a ɦ a l ʌ l e ]_w
[_w ɡʱ ʌ r a ]_w
[_w k ʌ r a e ]_w
[_w m i l i j ʌ n̪ ʌ ]_w
[_w p i s t̪ a r ʌ ]_w
[_w t̪ ʌ r a i ]_w
[_w dz ʌ n̪ k ʌ l e ]_w
[_w ʌ d̪ʱ i ɡ a r ʌ ]_w
[_w d̪ ʌ p a i l a i ]_w
[_w dz ʌ j ʌ ]_w
[_w ts ʌ l a u n̪ ʌ ]_w
[_w b o kʰ ʌ r a ]_w
[_w n̪ a ɡ ʌ ]_w
[_w s i n̪ ts a i ]_w
[_w bʱ ʌ k t̪ ʌ ]_w
[_w w ʌ r k ʌ ]_w
[_w kʰ ʌ ɖ i ]_w
[_w d̪ i m i ]_w
[_w ɡʱ ʌ n̪ i dz ʌ ]_w
[_w k i s i m ʌ k o ]_w
[_w pʰ ʌ r i e k o ]_w
[_w s ʌ ŋ kʰ ʌ ]_w
[_w d̪ ʌ t̪ʰ j a ŋ ɡ ʌ ]_w
[_w p a ʈ ʌ ]_w
[_w d̪ʱ a r m i k ʌ ]_w
[_w b i s ʌ n̪ ]_w
[_w ɡ j ã s ʌ ]_w
[_w w r ʌ d̪ ʌ k o ]_w
[_w p ʌ r e k o ]_w
[_w ʌ w ʌ r i ]_w
[_w ɡ u n̪ a m a ]_w
[_w u n̪ː ʌ d̪ ʌ ]_w
[_w l ʌ k a j ʌ m a ]_w
[_w j ʌ s o ]_w
[_w dz i n̪ d̪ ʌ k i ]_w
[_w t̪ j a k ʌ ]_w
[_w dz a t̪ i ]_w
[_w w r ʌ t̪ ʌ l e ]_w
[_w b o ɡ e k a ]_w
[_w bʱ a s a k o ]_w
[_w b u ɡ d̪ a ]_w
[_w r a m e tsʰ a b ʌ ]_w
[_w r ʌ ɦ e k a ]_w
[_w w a l a ]_w
[_w dz ʌ l ʌ ɡ o ]_w
[_w k ʌ l a i ]_w
[_w s r i ]_w
[_w ɡʱ r i s ʈ i ]_w
[_w ɡ ʌ r e r ʌ n̪ a ]_w
[_w d̪ʱ ʌ n̪ ʌ k o ]_w
[_w e u ʈ ai ]_w
[_w bʱ ʌ r n̪ a l e ]_w
[_w dz ʌ r dz a m a ]_w
[_w t̪ o s ʌ ]_w
[_w s ʌ k i r a t̪ ʌ ]_w
[_w b ʌ k s ʌ ]_w
[_w t̪ i e k o ]_w
[_w ʌ k r ʌ n̪ d̪ʱ i ]_w
[_w s ʌ m ʌ k o ]_w
[_w a e k o ]_w
[_w t̪ i m i l e k o ]_w
[_w ʈ i k a ]_w
[_w d̪ ʌ d̪ʱ j o ]_w
[_w k u l ʌ m a ]_w
[_w ɦ o m ʌ ]_w
[_w t̪ʰ i i n̪ ]_w
[_w k o l i ]_w
[_w p e s ʌ ]_w
[_w s r o t̪ ʌ ɡ o ]_w
[_w ʌ n̪ t̪ j ʌ m a ]_w
[_w b ʌ n̪ a u n̪ u ]_w
[_w k u n̪ a s o ]_w
[_w s ʌ n̪ j u k t̪ ʌ ]_w
[_w m ʌ s t̪ ʌ ]_w
[_w ʈʰ o k a ]_w
[_w dz i n̪ i n̪ tsʰ ʌ n̪ ]_w
[_w ʌ ɡ ʌ r ʌ m ai ]_w
[_w r ʌ ɦ ʌ r u ]_w
[_w b a r w ʌ t̪ i ]_w
[_w b r i ɖ i s ʌ ]_w
[_w m e r o ]_w
[_w b a b ʌ ]_w
[_w kʰ u lː a ]_w
[_w t̪ ʌ s ʌ k ʌ ]_w
[_w j u ɦ ʌ n̪ː a ]_w
[_w l ʌ ɡ a i e k o ]_w
[_w t̪ o r i ]_w
[_w p ʌ ɦ a ʈ i ]_w
[_w d̪ e kʰ i e k o ]_w
[_w a e k i ]_w
[_w k j a ]_w
[_w s u r j ʌ k o ]_w
[_w b u dz a a dz a ]_w
[_w r a dz ʌ d̪ u d̪ ʌ ]_w
[_w d̪ ʌ lː o ]_w
[_w ʌ w a r i ]_w
[_w k r i ɦ ʌ ]_w
[_w bʱ ʌ e m ʌ ]_w
[_w k j a n̪ s ʌ k o ]_w
[_w p r ʌ w i t̪ʰ i ]_w
[_w pʰ ʌ e n̪ ʌ ]_w
[_w tsʰ ʌ n̪ ʌ ]_w
[_w r ʌ ɦ e n̪ ʌ r i ]_w
[_w ʌ n̪ u tsʰː e t̪ ʌ ]_w
[_w t̪ j ʌ ɦ ã k a ]_w
[_w ɦ ʌ r e k a ]_w
[_w b a b u r a ]_w
[_w k a j i k a ]_w
[_w p r ʌ w i d̪ʱ i ]_w
[_w m a n̪ ʌ w i j ʌ ]_w
[_w r a s i ]_w
[_w ɡʱ e t̪ ʌ ]_w
[_w m o b a i l a ]_w
[_w s a r t̪ʰ ʌ ]_w
[_w d̪ ʌ p ʌ ]_w
[_w n̪ o ɡ ʌ s a n̪ ʌ ]_w
[_w b a p a ]_w
[_w p r ʌ m a ]_w
[_w ʌ tsʰ a m ʌ ]_w
[_w ɖ e ɖʱ ʌ ]_w
[_w ɡ ʌ r i e k o ]_w
[_w pʰ u ɖ a n̪ ʌ ]_w
[_w bʱ ʌ e k a ]_w
[_w n̪ i k a ]_w
[_w d̪ ʌ b a i n̪ e ]_w
[_w p i n̪ a ]_w
[_w s ʌ n̪ d̪ʱ i ]_w
[_w p a i ]_w
[_w kʰ u l a s a ]_w
[_w bʱ u ʈ ʌ b ʌ l ʌ ]_w
[_w ʈʰ ʌ k u r i ]_w
[_w m o ɖ ʌ r ʌ ]_w
[_w k e n̪ t̪ r ʌ ]_w
[_w n̪ i j u ɡ d̪ ʌ ]_w
[_w b u k e r ʌ ]_w
[_w dzʱ u ʈ o ]_w
[_w j a t̪ ʌ ]_w
[_w dz ʌ ɦ a dz ʌ ]_w
[_w t̪ʰ ʌ n̪ ʌ ]_w
[_w ɡ a ũ ]_w
[_w m a kʰ ʌ ]_w
[_w t̪ ʌ j a r i ]_w
[_w w i t̪ e s i k ʌ ]_w
[_w kʰ a s ʌ k o ]_w
[_w b au ɖ j a l ʌ ]_w
[_w l e kʰ ʌ ɦ ʌ r u ]_w
[_w ɡ ʌ m ʌ ]_w
[_w d̪ ai n̪ i k ʌ ]_w
[_w n̪ a m ʌ l ʌ ]_w
[_w k l ʌ k ʌ m ʌ ]_w
[_w d̪ o l ʌ n̪ ʌ ]_w
[_w p u ɡ e ]_w
[_w w i s n̪ u ]_w
[_w l ʌ m b a i ]_w
[_w d̪ i e k o ]_w
[_w k ʌ s o ]_w
[_w k u bʱ a m a ]_w
[_w ɡ ʌ r d̪ ʌ tsʰ u ]_w
[_w ts i n̪ː ʌ ]_w
[_w b u dz a ɡ ʌ r ʌ ]_w
[_w bʱ a r ʌ d̪ ʌ r ʌ ]_w
[_w tsʰ o ɖ e r ʌ ]_w
[_w ʌ d̪ʱ i k r i t̪ i ]_w
[_w r a kʰ i ]_w
[_w ʈʰ a u n̪ ]_w
[_w ts ʌ l ʌ n̪ k a ]_w
[_w ts i n̪ ɦ ʌ l e ]_w
[_w ʌ r t̪ʰ a t̪ ]_w
[_w p a t̪ʰ a ]_w
[_w dz n̪ a n̪ ʌ ]_w
[_w k ʌ e ]_w
[_w p ʌ l ʈ ʌ ]_w
[_w s i n̪ t̪ʰ u ]_w
[_w ts a t̪ r a m a ]_w
[_w a m a ]_w
[_w s ʌ n̪ ts n̪ a ]_w
[_w m e r i k a l e ]_w
[_w p a l ts o k ʌ ]_w
[_w d̪ ʌ m b a k u ]_w
[_w tsʰ u ʈ au t̪ i k ʌ ]_w
[_w w j ʌ s t̪ʰ ʌ ]_w
[_w s ʌ j au n̪ ]_w
[_w n̪ ʌ t̪ r ʌ m a ]_w
[_w k ʌ r i p ʌ ]_w
[_w ɡʱ a s ʌ ]_w
[_w t̪ʰ e r ai l e ]_w
[_w r a p t̪ i k ʌ ]_w
[_w pʰ e t̪ ʌ ]_w
[_w l u ɡ a ]_w
[_w s ʌ t̪ ai w ʌ ]_w
[_w ts o ʈ i e k o ]_w
[_w b a n̪ ʌ k o ]_w
[_w dz i t̪ n̪ ʌ ]_w
[_w ɦ a m i ]_w
[_w ɦ e r d̪ ai ]_w
[_w d̪ ʌ r ʌ n̪ ʌ ]_w
[_w k ʌ r a u n̪ ʌ ]_w
[_w j u r o b e l ʌ ]_w
[_w ɦ e t̪ u ]_w
[_w t̪ e s ʌ ɡ a ]_w
[_w t̪ʰ ʌ s e s ʌ ]_w
[_w m ʌ ɦ a t̪ e w ʌ ]_w
[_w b r ʌ dz n̪ a ]_w
[_w tsʰ ʌ n̪ ʈ ai ]_w
[_w d̪ i tsʰ ʌ n̪ ʌ ]_w
[_w r a kʰ n̪ u ]_w
[_w ã kʰ a m a ]_w
[_w dz a n̪ e tsʰ ʌ ]_w
[_w ʌ n̪ ɖ a r ʌ ]_w
[_w ʌ n̪ː ʌ ]_w
[_w r i p o r ɖ ʌ ]_w
[_w ɡ a n̪ t̪ʰ i ]_w
[_w p u k j o ]_w
[_w ɡ r ʌ s ʌ k o ]_w
[_w b r a p t̪ i ]_w
[_w w i r ʌ ]_w
[_w t̪ e w ʌ t̪ a e ]_w
[_w b r ʌ t̪ e ]_w
[_w l ʌ k a j o ]_w
[_w kʰ ʌ r a j o ]_w
[_w p e r i s ʌ ]_w
[_w k r ʌ ɦ ʌ n̪ ʌ ]_w
[_w k o r i n̪ d̪ʱ i ]_w
[_w m ʌ t̪ ʌ pʰ e d̪ ʌ ]_w
[_w ʌ n̪ d̪ i r ʌ ]_w
[_w s ʌ ɦ ʌ r ʌ m a ]_w
[_w ʌ s a m a ]_w
[_w l i i n̪ tsʰ ʌ ]_w
[_w ɡ a s ʈ r o ]_w
[_w w a d̪ʱ j ʌ ]_w
[_w k r i k ʌ ]_w
[_w s o bʱ i j ʌ t̪ ʌ ]_w
[_w k e s i ]_w
[_w ts a t̪ i m a ]_w
[_w dz i lː a ɡ o ]_w
[_w u p ʌ t̪ i k o ]_w
[_w ɡ ʌ r i n̪ a m a ]_w
[_w j ʌ ɦ o w a k o ]_w
[_w d̪ j a k ʌ ]_w
[_w m u l j ʌ ]_w
[_w ʈʰ ʌ ɡ u r i ]_w
[_w bʱ o ʈ ʌ ]_w
[_w r u ɡ u m ʌ ]_w
[_w k o l i k ʌ ]_w
[_w r ʌ n̪ k ʌ ]_w
[_w bʱ a r i s ʌ ]_w
[_w ɡʱ o s ʌ n̪ a d̪ ʌ ]_w
[_w b ʌ r i t̪ ʌ ]_w
[_w k a m ʌ n̪ a ]_w
[_w s ʌ m a w e s i ]_w
[_w w i w a ɦ ʌ k o ]_w
[_w n̪ i s k e k o ]_w
[_w ɡ o s i k a ]_w
[_w w i k ʌ t̪ ʌ m ʌ ]_w
[_w d̪ i n̪ ʌ m a ]_w
[_w dz ʌ l ʌ n̪ k a ]_w
[_w t̪ i i n̪ e ]_w
[_w tsʰ o r a ]_w
[_w t̪ u w ai ]_w
[_w s ʌ bʱ a ɡ o ]_w
[_w dz i lː a ]_w
[_w k u s ʌ l a i ]_w
[_w i n̪ ɖ i j a ]_w
[_w ɡ j a ]_w
[_w kʰ ʌ r e l ʌ ]_w
[_w s ʌ p t̪ ʌ m a ]_w
[_w p ʌ s o w a s ʌ ]_w
[_w p u t̪ r ʌ ]_w
[_w b j a r o ]_w
[_w a t̪ ʌ r s ʌ k ʌ ]_w
[_w p ʌ d̪ʱː ʌ d̪ i ]_w
[_w s ʌ bʱ a ]_w
[_w t̪ o s i ]_w
[_w b u dzʱ a u n̪ ʌ ]_w
[_w b a d̪ r ʌ ]_w
[_w ɡ ʌ r j o ]_w
[_w r ʌ ɦ ʌ r ʌ m a ]_w
[_w ts ʌ n̪ ʌ b a d̪ i ]_w
[_w ʌ d̪ʱ j a ŋ ɡ ʌ ]_w
[_w bʱ e ʈ i e k o ]_w
[_w ɡʱ ʌ ʈ ʌ n̪ ʌ ]_w
[_w u t̪ p a t̪ ʌ ]_w
[_w p r ʌ j ʌ t̪ n̪ ʌ ]_w
[_w ʌ w ʌ d̪ʱ i m a ]_w
[_w s ʌ n̪ s t̪ʰ a ɡ o ]_w
[_w k l i k ʌ ]_w
[_w t̪ʰ a n̪ ʌ ]_w
[_w s u w i d̪ʱ a n̪ ʌ ]_w
[_w ʈʰ o ɡ a ]_w
[_w s a s i t̪ ʌ ]_w
[_w k ʌ t̪ ʌ ]_w
[_w s ʌ ɦ ʌ n̪ ʌ ]_w
[_w m ai t̪ a n̪ ʌ ]_w
[_w d̪ ʌ r a i ]_w
[_w n̪ o k ʌ r i ]_w
[_w k u m b a ]_w
[_w p a ʈ o m a ]_w
[_w j ʌ s ʌ ʌ kʰ i ]_w
[_w kʰ ʌ r ts ʌ ]_w
[_w ɦ u n̪ tsʰ u ]_w
[_w s ʌ r ʌ ɡ o ]_w
[_w b ʌ n̪ ʌ j o ]_w
[_w s ʌ m b ʌ n̪ t̪ʰ ʌ ]_w
[_w s u k s m ʌ ]_w
[_w n̪ i r j a t̪ ʌ ]_w
[_w b ʌ s i ]_w
[_w ɡʱ ʌ l e ]_w
[_w n̪ ʌ s ʌ k o ]_w
[_w j i n̪ ai ]_w
[_w s r ʌ w ʌ r i ]_w
[_w k ʌ r ʌ d̪ a ]_w
[_w a r o b ʌ ]_w
[_w kʰ o dz i ]_w
[_w ts o ɖ i ]_w
[_w p r a p t̪ ʌ ]_w
[_w r o k ʌ ]_w
[_w b ʌ lː ʌ ]_w
[_w a s ʌ p a r ʌ ]_w
[_w s ʌ k t̪ a ]_w
[_w ts a ɦ ʌ n̪ e ]_w
[_w m ʌ r n̪ e ]_w
[_w t̪ ʌ ɦ ʌ r u ]_w
[_w l a pʰ ʌ ]_w
[_w pʰ ʌ n̪ a i n̪ tsʰ ʌ ]_w
[_w r o m ʌ n̪ ʌ ]_w
[_w s ʌ ɦ ʌ r ʌ m ʌ ]_w
[_w k ʌ r d̪ ʌ tsʰ ʌ n̪ ]_w
[_w p u r j a u n̪ ʌ ]_w
[_w ts i n̪ ʌ m a ]_w
[_w ɡ ʌ ʈʰ ʌ n̪ ʌ ]_w
[_w au s ʌ t̪ ʌ s j ʌ ]_w
[_w k r a m ʌ ]_w
[_w b ʌ d̪ a u n̪ u ]_w
[_w a dz i w ʌ n̪ ʌ ]_w
[_w ɦ a m i l e ]_w
[_w ɦ e ʈ au ɖ a ]_w
[_w ts a l ʌ k ʌ m a ]_w
[_w w j a b a r ʌ ]_w
[_w ɖʱ a ũ m a ]_w
[_w p a ts a ]_w
[_w t̪ e w ʌ t̪ a ]_w
[_w u d̪ː i k ai ]_w
[_w m i s r ʌ n̪ ʌ ]_w
[_w s ʌ j ʌ k o ]_w
[_w a dz ʌ s ʌ l e ]_w
[_w b ʌ ɖʱ a u n̪ ʌ ]_w
[_w w i s w ʌ k a ]_w
[_w m o p a i l ʌ ]_w
[_w s r i s ʈ ʌ k o ]_w
[_w s i k s a ]_w
[_w l a k e r ʌ ]_w
[_w bʱ a r ʌ s ʌ r i ]_w
[_w ɦ e r e r ʌ ]_w
[_w ts a ɦ e ]_w
[_w n̪ ʌ t̪ i ɦ ʌ r u ]_w
[_w s ʌ n̪ d̪ u ]_w
[_w r o dz ʌ k a ]_w
[_w s ʌ p ʌ tsʰ i ]_w
[_w n̪ i w a s i ]_w
[_w pʰ ʌ n̪ː u ]_w
[_w t̪ ʌ r s ʌ k ʌ ]_w
[_w kʰ ʌ t̪ m ʌ ]_w
[_w b a s i n̪ t̪ a ]_w
[_w ʌ t̪ i r i k t̪ ʌ ]_w
[_w k u m a r i e ]_w
[_w k a r k i ]_w
[_w k s ʌ m ʌ s ʌ ]_w
[_w bʱ ʌ n̪ː a l e ]_w
[_w pʰ i ʈ ʌ ]_w
[_w s u b ʌ t̪ i ]_w
[_w m i d̪ r ʌ ]_w
[_w a dz ʌ s ʌ ]_w
[_w k u r a ɦ ʌ r u ]_w
[_w i r a ɡ ʌ k o ]_w
[_w ɡ r i b ʌ ]_w
[_w j a t̪ r a ɡ o ]_w
[_w ɖ e b j u ]_w
[_w m a k ʌ ]_w
[_w p u k e p ʌ tsʰ i ]_w
[_w b a ʈ o m a ]_w
[_w d̪ o ɡ i e k o ]_w
[_w r a dz a l e ]_w
[_w bʱ u pʰ a k ʌ l a ]_w
[_w b i ɦ a r ʌ ]_w
[_w s ʌ ɦ a j ʌ t̪ ʌ ]_w
[_w ɖʱ o k a ]_w
[_w t̪ ʌ r i ɡ a m a ]_w
[_w s ʌ n̪ s a ]_w
[_w p au ɖ e l ʌ ]_w
[_w p ʌ t̪ r i k o ]_w
[_w kʰ ʌ r ʌ m a ]_w
[_w p r ʌ n̪ a l ʌ ]_w
[_w ʌ l i k ʌ ]_w
[_w k ʌ r i w a r ʌ ]_w
[_w p a r ɖ i l e ]_w
[_w k ʌ m i ]_w
[_w l e kʰ ʌ n̪ ʌ ]_w
[_w m ʌ ɡ ai ]_w
[_w dz a n̪ d̪ʱ j o ]_w
[_w p a k l o ]_w
[_w s ai n̪ j ʌ ]_w
[_w ts u n̪ ʌ s u k ai ]_w
[_w s r e s ʈʰ ʌ l e ]_w
[_w m u t̪ː a ]_w
[_w b ʌ d̪ʱː ʌ ]_w
[_w r ʌ k ʌ ʈ ʌ ]_w
[_w d̪ ʌ r i ]_w
[_w u ɦ i ]_w
[_w s ʌ k t̪ i k o ]_w
[_w ʌ ŋ k ʌ ]_w
[_w dz i ts n̪ a n̪ ʌ ]_w
[_w a dz ʌ s w ʌ ]_w
[_w b i ɖ a ]_w
[_w t̪ r i s ʈ i ]_w
[_w k ʌ s ʌ r ʌ t̪ a ]_w
[_w k a m ʌ ɡ o ]_w
[_w ts j o t̪ i ]_w
[_w b ʌ t̪ n̪ i ]_w
[_w k u w ai t̪ ʌ ]_w
[_w ɡʱ a ʈ i ]_w
[_w ɦ o ɖ ʌ l ʌ r ʌ ]_w
[_w m a s i k ʌ ]_w
[_w s ʌ ts i l ai ]_w
[_w ʈ i w i ]_w
[_w a j u ]_w
[_w w e d̪ ʌ ]_w
[_w ɡʱ ʌ n̪ ɖ a ]_w
[_w w i s w ʌ m a ]_w
[_w a ɡ a m i ]_w
[_w s a m u ɦ i k ʌ ]_w
[_w s w ʌ s t̪ u ]_w
[_w l i n̪ u ]_w
[_w ɡ u p t̪ ʌ ]_w
[_w p a l ʌ n̪ a ]_w
[_w d̪ o ɖ ʌ bʱ o ʈ ʌ ]_w
[_w l j a e r ʌ ]_w
[_w p ʌ ɦ i n̪ i ]_w
[_w p i dz u l i ]_w
[_w pʰ u l ʌ ɡ o ]_w
[_w d̪ ʌ b a r ʌ ]_w
[_w i r a ɡ i ]_w
[_w ɦ a l ʌ t̪ e kʰ i ]_w
[_w ɡ ʌ w i d̪ a ]_w
[_w bʱ ai s ʌ l a i ]_w
[_w t̪ o l ʌ kʰ a ]_w
[_w s ʌ ɦ ʌ r u m a ]_w
[_w n̪ i m t̪ i ]_w
[_w l ʌ s u n̪ ʌ ]_w
[_w u p ʌ ts a r au ]_w
[_w bʱ i s a ]_w
[_w ɦ o l a ]_w
[_w s ʌ t̪ ʌ ]_w
[_w dz o ʈ i e k o ]_w
[_w bʱ u ʈ a n̪ ʌ ]_w
[_w pʰ a k ʌ ]_w
[_w n̪ ʌ bʱ ʌ e k o ]_w
[_w dzʱ a l a ]_w
[_w tsʰ u ʈ o ]_w
[_w pʰ i s a ]_w
[_w ɡʱ ʌ r ʌ m a ]_w
[_w p ʌ ɦ i l a ]_w
[_w d̪ a p ʌ m a ]_w
[_w dz e k ʌ ]_w
[_w b ʌ n̪ i ]_w
[_w l a ɡ d̪ o ]_w
[_w p a k l u ŋ ʌ ]_w
[_w b r ʌ d̪ʱ a ]_w
[_w s a s i d̪ ʌ ]_w
[_w bʱ ʌ k ʌ ]_w
[_w t̪ u n̪ i j a ]_w
[_w p ʌ s t̪ i t̪ w ʌ ]_w
[_w t̪ i w ʌ s ʌ ]_w
[_w b r ʌ s n̪ ʌ k o ]_w
[_w s ʌ w a r ɖ ʌ ]_w
[_w k au ɖ i ]_w
[_w ɡ j u p a ]_w
[_w p u r w ʌ ]_w
[_w bʱ ai s ʌ k e n̪ ʌ ]_w
[_w kʰ o l a ]_w
[_w kʰ ʌ ɖ ʌ n̪ a k o ]_w
[_w r a dz i n̪ a m a ]_w
[_w m ʌ t̪ʰ j e ]_w
[_w p r ʌ ts n̪ a ]_w
[_w k u r a ɡ a n̪ i ]_w
[_w l i n̪ ʌ ɡ a r i ]_w
[_w n̪ ʌ k ʌ r ʌ ]_w
[_w n̪ e s ʌ n̪ ʌ ]_w
[_w s k u l ʌ n̪ a ]_w
[_w ʌ d̪ʱ j ʌ ]_w
[_w pʰ o dz ʌ n̪ a ]_w
[_w dz ʌ r ʌ m ai ]_w
[_w ts a p a n̪ i l e ]_w
[_w r a m ʌ k ʌ ]_w
[_w p ʌ d̪ ʌ k ʌ ]_w
[_w s w ʌ r ʌ k a ]_w
[_w p r ʌ d̪ i d̪ ʌ ]_w
[_w ts ʌ s ʌ p ʌ ]_w
[_w e k ai ]_w
[_w s u p ʌ r ʌ ]_w
[_w e k ʌ t̪ a ]_w
[_w ɦ a t̪ ʌ p a ɖ ʌ ]_w
[_w p ʌ ɦ a ɖ ʌ k o ]_w
[_w r a m r o ]_w
[_w w r ʌ t̪ ʌ ]_w
[_w l ʌ ɡ ʌ ]_w
[_w l ʌ k e ]_w
[_w ɡ r i j ʌ ]_w
[_w k o s i ]_w
[_w tsʰ u ɖ o ]_w
[_w u r dz a ɡ o ]_w
[_w u t̪ k ʌ m ʌ n̪ ʌ ]_w
[_w e k a t̪ m ʌ ɡ ʌ ]_w
[_w n̪ i k u n̪ ts ʌ ]_w
[_w dz ʌ n̪ t̪ r i ]_w
[_w w i t̪ j u t̪ ʌ ]_w
[_w b r ʌ n̪ a ]_w
[_w j ʌ s ʌ r i r ʌ ]_w
[_w bʱ i r a l o ]_w
[_w s u r j ʌ ]_w
[_w k a n̪ ʌ m a ]_w
[_w k a ʈʰ ʌ ɡ ʌ ]_w
[_w m u kʰ ʌ ]_w
[_w l a k u ]_w
[_w ɡ u r u ]_w
[_w a n̪ ʌ ]_w
[_w s u n̪ d̪ ʌ r ʌ ]_w
[_w s i kː i m ʌ ]_w
[_w b u ɡ e ]_w
[_w ʌ s ʌ bʱ ʌ l ʌ ]_w
[_w ts ʌ r ʌ ]_w
[_w s w i k r i t̪ i ]_w
[_w ʈʰ ʌ n̪ ɖ a ]_w
[_w w i ts ʌ j ʌ n̪ ]_w
[_w l ʌ ɡ a e ]_w
[_w w ʌ r n̪ ʌ m a ]_w
[_w ɦ u l a k ʌ j o ]_w
[_w s ʌ b ai ɡ a ]_w
[_w ʌ p e k s a ]_w
[_w s k u l ʌ k a ]_w
[_w s i d̪ a ]_w
[_w p u s p ʌ ]_w
[_w t̪ a ŋ ʌ ]_w
[_w s ʌ n̪ t̪ a ]_w
[_w d̪ i n̪ i ɦ ʌ r u ]_w
[_w a dz ʌ k ʌ l e ]_w
[_w dz a ɦ ĩ ]_w
[_w a dz a r j ʌ ]_w
[_w s ʌ m u ɦ ʌ ]_w
[_w k ʌ r ʌ m ʌ ]_w
[_w bʱ ʌ w a n̪ ʌ ]_w
[_w dz a t̪ a ]_w
[_w ʌ n̪ ɡ r e dz ʌ ]_w
[_w s ʌ k t̪ i ]_w
[_w r a d̪ ʌ n̪ ʌ ]_w
[_w dz ʌ w a pʰ ʌ ]_w
[_w ɦ ʌ ʈ ʌ ]_w
[_w pʰ a ɡ ʌ ɡ o ]_w
[_w ʌ n̪ t̪ i ]_w
[_w w u ɖ s ʌ l e ]_w
[_w s ʌ n̪ k ai ]_w
[_w s ʌ m p ʌ t̪ː i ]_w
[_w m ʌ n̪ d̪ r ʌ m a ]_w
[_w s ʌ n̪ d̪ e s ʌ ]_w
[_w ɦ a l e r ʌ ]_w
[_w p r a dz i n̪ ʌ ]_w
[_w ɡʱ ʌ r ʌ ɦ ʌ ]_w
[_w n̪ ʌ k ʌ r i n̪ e ]_w
[_w w ʌ s t̪ u ]_w
[_w d̪ a m a ]_w
[_w k ʌ l j a n̪ ʌ ]_w
[_w bʱ r ʌ s ʈ ʌ d̪ a ]_w
[_w b r e s ʌ ]_w
[_w s ʌ p ai l e ]_w
[_w u dz j a l o ]_w
[_w k ʌ ɖʱ i t̪ ʌ ]_w
[_w t̪ r i ɖʱ ʌ ]_w
[_w d̪ ʌ p a r ʌ ]_w
[_w k i r a ]_w
[_w b ʌ r d̪ ʌ d̪ʱ e ]_w
[_w p a n̪ dz ʌ ]_w
[_w r o ɡ ʌ k o ]_w
[_w m i l n̪ e ]_w
[_w ts ã ɦ i ]_w
[_w dz ʌ n̪ a ]_w
[_w j o ɡ j ʌ t̪ a ]_w
[_w k a r ɡ i ]_w
[_w ɡ ʌ r e n̪ ʌ n̪ ]_w
[_w s e k s ʌ ]_w
[_w ɡ ʌ n̪ e s ʌ ]_w
[_w n̪ i w a r j ʌ ]_w
[_w ɡ ʌ d̪ i ]_w
[_w k u r o ]_w
[_w ɦ ʌ ɖ ʌ ]_w
[_w b l ʌ ɡ ʌ ]_w
[_w d̪ e kʰ e k o ]_w
[_w s i t̪ʰ a ]_w
[_w n̪ au l o ]_w
[_w b a dz a ]_w
[_w p ʌ n̪ a j o ]_w
[_w k ʌ n̪ ɖ ʌ m a ]_w
[_w ts i lː a k o ]_w
[_w ɦ e r d̪ a ]_w
[_w s ʌ n̪ ɡʱ ʌ ɡ o ]_w
[_w p a r a ]_w
[_w k r ʌ n̪ d̪ʱ i ]_w
[_w ɡ u r a k o ]_w
[_w ʌ t̪ i d̪ʱ i ]_w
[_w d̪ u d̪ʱ ʌ ]_w
[_w ts u n̪ ʌ ]_w
[_w p ʌ d̪ ʌ n̪ ʌ ]_w
[_w ɦ e k ʈ ʌ r ʌ ]_w
[_w bʱ ʌ n̪ i n̪ ʌ ]_w
[_w t̪ o l ʌ ɡʱ a ]_w
[_w t̪ʰ a r u ]_w
[_w p a ɦ i r i ]_w
[_w t̪ a p ʌ m a ]_w
[_w ɦ i m a l e ]_w
[_w d̪ i n̪ ʌ ]_w
[_w r o k i k o ]_w
[_w p ʌ t̪ a u n̪ e ]_w
[_w ʌ t̪ʰ i n̪ ʌ ]_w
[_w a t̪ ʌ r s ʌ ]_w
[_w w i r a ʈ ʌ ]_w
[_w p a r ʈ i ]_w
[_w dz ʌ n̪ t̪ u ]_w
[_w b r ʌ bʱ u ]_w
[_w k a n̪ u n̪ i ]_w
[_w m a d̪ʱ i lː o ]_w
[_w p r ʌ s ʈ ʌ d̪ a ]_w
[_w k s e d̪ r i j ʌ ]_w
[_w b r i t̪ʰ w i ɡ o ]_w
[_w dz i n̪ t̪ i t̪ ʌ ]_w
[_w l ʌ ɡʱ u k ʌ d̪ʱ a ]_w
[_w ɦ o ɖ ʌ l ʌ ]_w
[_w a n̪ d̪ o l ʌ n̪ ʌ ]_w
[_w s a t̪ a ]_w
[_w d̪ʱ ʌ n̪ i ]_w
[_w dz a m ʌ l ʌ ]_w
[_w bʱ ʌ e k i ]_w
[_w s ʌ n̪ k r e s ʌ ]_w
[_w r a kʰ d̪ ʌ tsʰ ʌ n̪ ]_w
[_w p a j o ]_w
[_w k ʌ w i r ʌ ]_w
[_w j u r o p ʌ ]_w
[_w r i k ʌ ]_w
[_w w i ts ʌ j ʌ n̪ ʌ ]_w
[_w b u s t̪ a ŋ ʌ ]_w
[_w n̪ ʌ ɦ u n̪ e tsʰ ʌ ]_w
[_w a ɡ ʌ r ʌ k o ]_w
[_w p ʌ r j o ]_w
[_w p ai ʈʰ ʌ k ʌ ]_w
[_w ɦ u n̪ u ɦ u n̪ e ]_w
[_w s a m ʌ n̪ d̪ r ʌ ]_w
[_w t̪ j ʌ ɦ ã ]_w
[_w bʱ i r d̪ a ]_w
[_w b ʌ ɦ u m ʌ t̪ ʌ ]_w
[_w kʰ e r ʌ ]_w
[_w ɡ r i s ʈ ʌ k o ]_w
[_w n̪ e p a l i l e ]_w
[_w t̪ʰ a r ʌ ]_w
[_w d̪ i n̪ u bʱ ʌ w ʌ ]_w
[_w n̪ ʌ m p ʌ n̪ ʌ ]_w
[_w s i k s a k o ]_w
[_w k a r j ʌ k o ]_w
[_w d̪ ʌ s ai ]_w
[_w k o b a l ʌ ]_w
[_w u t̪ j o k ʌ ɡ o ]_w
[_w ʌ t̪ʰ i k a r ʌ ]_w
[_w dz ʌ p ʌ ]_w
[_w p a l ʌ m ai ]_w
[_w ã kʰ a ]_w
[_w b u t̪ r ʌ ]_w
[_w s e ʈ ʌ ]_w
[_w d̪ ʌ s ai n̪ ]_w
[_w s t̪ ʌ m bʱ ʌ ]_w
[_w pʰ ʌ w ʌ ]_w
[_w dz i mː a ]_w
[_w a ũ d̪ a ]_w
[_w ɡ r i k e ʈ ʌ ]_w
[_w b ʌ ɖː i ]_w
[_w s ʌ s t̪ r ʌ ]_w
[_w ɦ a l ʌ t̪ ʌ ]_w
[_w b ʌ ʈ o ]_w
[_w b ʌ n̪ t̪ ʌ ]_w
[_w b a r e k o ]_w
[_w t̪ ʌ p a i n̪ e ]_w
[_w w i w a ɦ ʌ ]_w
[_w s ʌ ɦ ʌ r ʌ k o ]_w
[_w b r ʌ ts n̪ a t̪ ʌ ]_w
[_w m i l e r ʌ ]_w
[_w d̪ ʌ ɦ ʌ m a ]_w
[_w ɡʱ ʌ r ʌ ɦ ʌ r i ]_w
[_w p ʌ s ts i m ʌ ]_w
[_w s a m i l ʌ j o ]_w
[_w dz a ʈ ʌ ]_w
[_w b a r ʌ ]_w
[_w t̪ i w ʌ s ʌ r i ]_w
[_w s ʌ ɡ e n̪ ʌ ]_w
[_w m i l ʌ j o ]_w
[_w ʌ ɡʱ i ]_w
[_w u d̪ː i b ʌ n̪ ʌ ]_w
[_w ɡʱ ã s ʌ ]_w
[_w ts au k i ]_w
[_w d̪ e t̪ i ]_w
[_w s ʌ m b u r n̪ ʌ ]_w
[_w d̪ i n̪ tsʰ ʌ n̪ ]_w
[_w k r i j a ]_w
[_w dz i n̪ t̪ a ]_w
[_w bʱ ʌ n̪ j o k ʌ ]_w
[_w d̪ i n̪ tsʰ ʌ ]_w
[_w s i ɡʱ r ʌ ]_w
[_w u p a s ʌ n̪ ʌ ]_w
[_w p ʌ s i n̪ a ]_w
[_w s ʌ mː ʌ m a ]_w
[_w s u d̪ r i ]_w
[_w ɡʱ e r i e k a ]_w
[_w p ã ts n̪ ʌ ]_w
[_w dz ʌ s ʌ m a ]_w
[_w s a p t̪ i ]_w
[_w p ʌ ɦ ʌ s ʌ ]_w
[_w a b ʌ t̪ʰː ʌ d̪ i ]_w
[_w ʈ i dz a i n̪ ʌ ]_w
[_w p r e m ʌ ]_w
[_w s i kʰ r ʌ ]_w
[_w ʌ d̪ʱ i k o ]_w
[_w d̪ ʌ p a i l a ]_w
[_w e k a d̪ ʌ s i ]_w
[_w t̪ j ʌ d̪ i ]_w
[_w r o m ʌ ]_w
[_w b ʌ n̪ a j a ]_w
[_w s i k ʌ ]_w
[_w s u ts a d̪ a ]_w
[_w ts ʌ s ʌ b a ʈ ʌ ]_w
[_w dz ai t̪ r ʌ ]_w
[_w d̪ʱ ʌ s e s ʌ ]_w
[_w d̪ ʌ s a ]_w
[_w b ʌ s n̪ e ]_w
[_w ts ʌ r m ʌ ]_w
[_w s ʌ n̪ j o k ʌ ]_w
[_w bʱ ʌ n̪ a i ]_w
[_w m ʌ d̪ ʌ l a ]_w
[_w n̪ ʌ j a n̪ ʌ ]_w
[_w ts a n̪ː e ]_w
[_w s ʌ p t̪ ʌ l a ]_w
[_w k ʌ r ʌ k ʌ t̪ ʌ ]_w
[_w s e d̪ o ]_w
[_w s a m u ]_w
[_w k u r a m ʌ ]_w
[_w m ʌ n̪ ʌ ɡ o ]_w
[_w ɦ o t̪ a ]_w
[_w bʱ e ɖ i e k o ]_w
[_w dz j a d̪ a j a ]_w
[_w m a n̪ e k o ]_w
[_w b ʌ ɦ ʌ s u s ʌ ]_w
[_w p r ʌ d̪ i ]_w
[_w k ʌ r d̪ a ]_w
[_w p r ʌ t̪ i j a ]_w
[_w p ai t̪ ʌ l ʌ l e ]_w
[_w ʌ k ʈ o p ʌ r ʌ ]_w
[_w s ʌ k e n̪ ʌ ]_w
[_w t̪ e kʰ a u n̪ e ]_w
[_w ʌ ɡʱ i l ʌ ]_w
[_w t̪ʰ j a n̪ ʌ ]_w
[_w m ʌ ɦ ʌ d̪ w ʌ ]_w
[_w p a w ʌ l ʌ ]_w
[_w dz a n̪ ʌ ]_w
[_w s i s ʈ ʌ ]_w
[_w p a ɖ o m a ]_w
[_w s ʌ n̪ s t̪ʰ a n̪ i ]_w
[_w dz a e ]_w
[_w p u k e r ʌ ]_w
[_w t̪ ʌ n̪ ɖ ʌ ]_w
[_w m ʌ d̪ʱ e s ʌ ]_w
[_w ɖʱ a u ]_w
[_w bʱ ʌ e t̪ a ]_w
[_w ʌ t̪ j ʌ b i ]_w
[_w d̪ e kʰ a u n̪ e ]_w
[_w d̪ u r i m a n̪ a ]_w
[_w s ʌ s ʌ ɡ o ]_w
[_w s u n̪ d̪ ʌ ]_w
[_w d̪ i m o d̪ʱ i ]_w
[_w a t̪ e s ʌ ]_w
[_w ɡʱ a i t̪ e ]_w
[_w ʌ k n̪ i ]_w
[_w b a r ʈ i k o ]_w
[_w ɡ a w i s ʌ n̪ ]_w
[_w m r i t̪ j u d̪ ]_w
[_w t̪ ʌ r bʱ ʌ ]_w
[_w pʰ ʌ r n̪ a l i ]_w
[_w l a ɡ e ]_w
[_w k j a n̪ a ʈ a ]_w
[_w ʌ j j u b ʌ ]_w
[_w n̪ i m i t̪ː ʌ ]_w
[_w n̪ ʌ d̪ i n̪ e ]_w
[_w p ʌ n̪ ʌ ]_w
[_w p u dzʱ i n̪ tsʰ ʌ ]_w
[_w b a l o ]_w
[_w k s e t̪ r i j ʌ ]_w
[_w w i dz ʌ j i ]_w
[_w p u ɡ d̪ a ]_w
[_w ʌ n̪ k ʌ l p ʌ ]_w
[_w ɡ o p a l ʌ n̪ ʌ ]_w
[_w ɡ ʌ m i ]_w
[_w d̪ u r i m a ]_w
[_w ɡ o t̪ o ]_w
[_w t̪ r i d̪ ʌ ]_w
[_w t̪ ʌ s ʌ k n̪ e ]_w
[_w p r i d̪ʱː i k o ]_w
[_w p r e r i t̪ ʌ ]_w
[_w w ai t̪ʰ a n̪ i j ʌ ]_w
[_w ʌ s t̪ʰ i t̪ i m a ]_w
[_w ɡ ʌ ʈ a ]_w
[_w bʱ u m i k o ]_w
[_w ʌ d̪ j ʌ ]_w
[_w d̪ ʌ r ʌ w a r ʌ ]_w
[_w k r i b ʌ ]_w
[_w b a ĩ d̪ ai n̪ ʌ ]_w
[_w ɡ ʌ r i n̪ ʌ ]_w
[_w s ʌ m ʌ r t̪ʰ ʌ ]_w
[_w kʰ a s ai ]_w
[_w r ʌ s ʌ s t̪ r ʌ ]_w
[_w bʱ ʌ n̪ ɖ a r i ]_w
[_w n̪ a m ʌ l a ]_w
[_w dz j o t̪ i ]_w
[_w p ʌ s i ]_w
[_w m a n̪ i n̪ tsʰ ʌ ]_w
[_w r a m ʌ k a ]_w
[_w s r a w ʌ n̪ ʌ ]_w
[_w s ʌ b ʌ tsʰ i ]_w
[_w k u w ai d̪ ʌ ]_w
[_w r a d̪ ʌ m a ]_w
[_w s r o t̪ ʌ k o ]_w
[_w pʰ ai s ʌ ɡ e k o ]_w
[_w b r ʌ d̪ j e k ʌ ]_w
[_w ɡ a n̪ tsʰ a ]_w
[_w ts a n̪ i ]_w
[_w t̪ i m ʌ d̪ʱ j e ]_w
[_w ts a r i ]_w
[_w ɡ a ʈʰ ʌ m a ]_w
[_w p ʌ b d̪ i s m a ]_w
[_w ts ʌ r ʌ m ʌ ]_w
[_w p ʌ n̪ a i e k o ]_w
[_w ɡ ʌ ʈʰ i ]_w
[_w n̪ ʌ t̪ i dz a ]_w
[_w s ʌ ŋ k e t̪ ʌ ]_w
[_w ʈʰ ʌ n̪ ɡ ʌ l ʌ ]_w
[_w k ʌ r e ɖ ʌ ]_w
[_w ɡʱ ʌ ʈ i ]_w
[_w ɡʱ a n̪ e ]_w
[_w ɦ i m a l ʌ ɡ o ]_w
[_w u t̪ː i k ai ]_w
[_w r i s i m ʌ l e ]_w
[_w m e ʈ i k ʌ l ʌ ]_w
[_w ʌ n̪ t̪ j ʌ ]_w
[_w s ʌ p ai k a ]_w
[_w s w a m i t̪ w ʌ ]_w
[_w ɦ e ɖ au n̪ ɖ a ]_w
[_w u dz i t̪ ʌ ]_w
[_w r ʌ ɦ j o ]_w
[_w tsʰ u ʈ au d̪ i k ʌ ]_w
[_w a l o ts ʌ n̪ a ]_w
[_w bʱ a l u ]_w
[_w ɡ a j i k ʌ ]_w
[_w ʌ ɡ ʌ s t̪ a ]_w
[_w ts o r ʌ ]_w
[_w s r e s ʈʰ ʌ k o ]_w
[_w ʈ ʌ ɖ ʌ ]_w
[_w r o k n̪ ʌ ]_w
[_w s e w a m a ]_w
[_w b r ʌ pʰ u ]_w
[_w r e ʈ i j o ]_w
[_w u p a s ʌ ]_w
[_w p ʌ d̪ ʌ l a i ]_w
[_w a pʰ ʌ n̪ o ]_w
[_w m r i d̪ i ]_w
[_w e m a l e k a ]_w
[_w s ʌ p t̪ ʌ l e ]_w
[_w b u r o ɦ i ]_w
[_w b ʌ dz e ]_w
[_w k r i p ʌ ]_w
[_w b ʌ r e k o ]_w
[_w r a ɦ ʌ r u ]_w
[_w n̪ i k a j ʌ t̪ ʌ ]_w
[_w dz i n̪ ʌ ]_w
[_w t̪ʰ ʌ r m ʌ n̪ i ]_w
[_w r a b d̪ i k ʌ ]_w
[_w pʰ a r ʌ t̪ ʌ m a ]_w
[_w t̪ i n̪ ʌ l a i ]_w
[_w ɡ a ɖʱ ʌ ]_w
[_w ʌ r b ʌ ]_w
[_w s ʌ n̪ bʱ ʌ w ʌ ]_w
[_w ʌ k ʈ o b ʌ r ʌ ]_w
[_w ɡ i n̪ a r ʌ ]_w
[_w p ʌ t̪ a ]_w
[_w ɡ ʌ bʱ i ]_w
[_w p r ʌ s a r ʌ ]_w
[_w s o dz n̪ ʌ ]_w
[_w ɦ a l ʌ ]_w
[_w d̪ ʌ s ʌ k e k a ]_w
[_w k ʌ j i ]_w
[_w d̪ʱ ʌ k a l ʌ ]_w
[_w a t̪ i m a ]_w
[_w p r ʌ ɡ ʌ t̪ a ]_w
[_w ɦ u t̪ ʌ tsʰ ʌ ]_w
[_w dz a d̪ i ]_w
[_w s ʌ k d̪ ai n̪ ʌ ]_w
[_w p ʌ n̪ d̪ i r ʌ ]_w
[_w k r ʌ s ʌ k o ]_w
[_w k ʌ t̪ː i ]_w
[_w d̪ e u r a l a i ]_w
[_w ɡ a ũ m a ]_w
[_w s ʌ m ʌ j ʌ ]_w
[_w k ʌ w i t̪ a ]_w
[_w dz ʌ r ʌ ]_w
[_w k s e t̪ r i ]_w
[_w w i s t̪ a r ʌ ]_w
[_w b r ʌ ts n̪ a ]_w
[_w p ai t̪ a ]_w
[_w b r i d̪ʱ w i ]_w
[_w ts ʌ m i n̪ ʌ m a ]_w
[_w w i k a s ʌ k a ]_w
[_w m i l t̪ ʌ tsʰ ʌ ]_w
[_w s r o d̪ ʌ ]_w
[_w p r ʌ ɦ a r a ]_w
[_w m a t̪ r ʌ ]_w
[_w b u ɡ j o ]_w
[_w dz ʌ r i ]_w
[_w m ʌ d̪ː i ]_w
[_w b e s a ]_w
[_w a bʱ u l e ]_w
[_w b ʌ ɖʱ n̪ ʌ ]_w
[_w r ʌ t̪ː ʌ ]_w
[_w i s w ʌ k ai ]_w
[_w p r ʌ p ʌ ]_w
[_w t̪ ʌ m ʌ ]_w
[_w m ʌ r n̪ e tsʰ ʌ n̪ ]_w
[_w b a r n̪ e ]_w
[_w k s ʌ d̪ i ]_w
[_w l e kʰ i e k a ]_w
[_w b u l ʌ ]_w
[_w d̪ e kʰ n̪ ʌ ]_w
[_w k a kʰ ʌ m a ]_w
[_w dz a n̪ i n̪ t̪ʰ j o ]_w
[_w ɦ ʌ ts a r ʌ k o ]_w
[_w j u ɡ d̪ ʌ ]_w
[_w ʌ k l a ]_w
[_w s p e n̪ i s ʌ ]_w
[_w ɡ r i b a ]_w
[_w b ai d̪ ʌ l ʌ ]_w
[_w dz a e k a ]_w
[_w m a n̪ ʌ s i k ʌ ]_w
[_w b r e m ʌ l e ]_w
[_w p o r ɖ ʌ ]_w
[_w p a kʰ ʌ ]_w
[_w u s ʌ ]_w
[_w b ʌ ʈ ʌ kː ai ]_w
[_w b u ɡ tsʰ ʌ ]_w
[_w ʈ a r ʌ ]_w
[_w j ʌ t̪ i b e l a ]_w
[_w r a dz j ʌ l e ]_w
[_w l ʌ k a u n̪ ʌ ]_w
[_w i m b l a n̪ ʈ ʌ ]_w
[_w t̪ i i n̪ tsʰ ʌ n̪ ]_w
[_w s u n̪ ʌ s u k ai ]_w
[_w m u k t̪ ʌ ]_w
[_w dz u r e ]_w
[_w n̪ ʌ dz i k ai ]_w
[_w ɦ u n̪ u pʰ ʌ j o ]_w
[_w n̪ ʌ m b ʌ r ʌ ]_w
[_w m ʌ n̪ u s j ʌ ]_w
[_w k a ũ k a ]_w
[_w k i n̪ a r a ]_w
[_w k r i s ʈ i ]_w
[_w ʌ dz a n̪ ʌ ]_w
[_w b a d̪ ʌ l ʌ ]_w
[_w k ʌ n̪ e s ʌ ]_w
[_w dz w ʌ r o t̪ʰ ʌ ]_w
[_w l a ɡ e r ʌ ]_w
[_w d̪ j ʌ ɦ a ]_w
[_w n̪ ʌ d̪ i l e ]_w
[_w ɡ ã u ]_w
[_w w ai d̪ʱ ʌ ]_w
[_w ɖ a u k o ]_w
[_w b ʌ s ts a t̪ j ʌ ]_w
[_w bʱ ʌ n̪ t̪ ai ]_w
[_w k a r ʌ k o ]_w
[_w pʰ u m i k o ]_w
[_w ɡ e n̪ t̪ r ʌ ]_w
[_w u tsː a r ʌ n̪ bʱ ʌ ]_w
[_w w i d̪ʱ i ]_w
[_w k ʌ r i e ]_w
[_w dz a n̪ i ]_w
[_w l a ɡ n̪ ʌ ]_w
[_w k ʌ r a e r ʌ ]_w
[_w ʌ ɦ i l e ]_w
[_w t̪ ʌ n̪ ʌ ɦ ũ ]_w
[_w b r a n̪ i ]_w
[_w a j o dz ʌ n̪ ʌ ]_w
[_w l a k t̪ o ]_w
[_w j ʌ ɦ o w a ɡ o ]_w
[_w n̪ ʌ r ʌ ]_w
[_w t̪ʰ a r m i k ʌ ]_w
[_w a t̪ m a k o ]_w
[_w dz i t̪ r ʌ ]_w
[_w n̪ i s k ʌ r s ʌ ]_w
[_w dz a n̪ i n̪ tsʰ ʌ ]_w
[_w m au l i k ʌ ]_w
[_w k ʌ j o ]_w
[_w d̪ w i t̪ i j ʌ ]_w
[_w dz ʌ r dz a ]_w
[_w k l ʌ p ʌ ]_w
[_w d̪ i i n̪ e tsʰ ʌ ]_w
[_w ʌ t̪ ʌ ]_w
[_w s t̪ʰ ʌ l ʌ k ʌ ]_w
[_w ʌ k a ɖ i ]_w
[_w n̪ e p a l i k a ]_w
[_w l a k j o ]_w
[_w k ʌ e k o l e ]_w
[_w tsʰ ʌ l ʌ k a e ]_w
[_w r u p ai j ã ]_w
[_w kʰ e l ʌ k o ]_w
[_w kʰ r i s ʈ i m a ]_w
[_w p a n̪ ʈ e ]_w
[_w p ʌ s e ]_w
[_w b ʌ s n̪ u ]_w
[_w p u r a d̪ ʌ ]_w
[_w ɡ o r ʌ kʰ a ]_w
[_w t̪ ʌ r ʌ ɡ o ]_w
[_w s a ɡ ʌ r i n̪ ]_w
[_w t̪ʰ i j au ]_w
[_w ɡʱ ʌ r ʌ ɡ a ]_w
[_w b u d̪ʱː ʌ ]_w
[_w ts o ʈ n̪ e ]_w
[_w a ts i w ʌ n̪ ʌ ]_w
[_w w i s a l ʌ ]_w
[_w ɖ e l i bʱ o n̪ ʌ ]_w
[_w m o ʈ ʌ r ʌ ]_w
[_w b ʌ t̪ː i ]_w
[_w p u d̪ʱː ʌ ]_w
[_w s a m i l e ]_w
[_w dz j a t̪ ai ]_w
[_w n̪ j a j ʌ ]_w
[_w dz ʌ n̪ m ʌ ]_w
[_w p ai s a ]_w
[_w k i r i ]_w
[_w p ʌ ɖʱ n̪ ʌ ]_w
[_w t̪ʰ e r ai ɡ o ]_w
[_w b a ɦ u n̪ ʌ ]_w
[_w m a d̪ʱ i k o ]_w
[_w bʱ e p r u ʌ r i ]_w
[_w n̪ i m a l e ]_w
[_w ʈ a ʈʰ a ]_w
[_w r o k ʌ k o ]_w
[_w ɡ j u p a ɡ o ]_w
[_w j u r o b i j ʌ ]_w
[_w dz i w ʌ n̪ ʌ ]_w
[_w d̪ j ʌ s ʌ k n̪ u ]_w
[_w a r o b ʌ k o ]_w
[_w ɦ ʌ m ʌ t̪ a ]_w
[_w s a d̪ʱ ʌ n̪ ʌ ]_w
[_w dz a ɦ i e ]_w
[_w a n̪ ʌ n̪ t̪ ʌ ]_w
[_w ɦ ai n̪ ʌ ]_w
[_w ɡ au t̪ ʌ m ʌ ]_w
[_w p a l ʌ n̪ ʌ ]_w
[_w n̪ ʌ bʱ ʌ i ]_w
[_w ɖʱ a ũ l a i ]_w
[_w s ʌ m a dz ʌ k ʌ ]_w
[_w m e r i k i ]_w
[_w s ʌ ɦ ʌ k a r a ]_w
[_w u ʈʰ a u n̪ ʌ ]_w
[_w tsʰ au n̪ ]_w
[_w ts ʌ s ʌ m bʱ ʌ ]_w
[_w l e k ʌ ]_w
[_w w ʌ r l ɖ ʌ ]_w
[_w p ʌ t̪ ʌ n̪ ʌ ]_w
[_w u s ʌ l a i ]_w
[_w r a dz a l a i ]_w
[_w l i n̪ ʌ ]_w
[_w tsʰ a p ʌ ]_w
[_w n̪ i j ʌ l ʌ ]_w
[_w s a j ʌ t̪ ʌ ]_w
[_w b a ɦ u l j ʌ ]_w
[_w pʰ r a n̪ s ʌ ]_w
[_w l a m a ]_w
